           1
     7014425
 ATLAS W+ lepton rapidity 2011                                                   
Plot1@Experiment:ATLAS@ExtraLabel:pp #rightarrow W^{+}; #sqrt{s} = 7 TeV; #int L = 4.7 fb^{-1}@Title: @XTitle: y @YTitle: d#sigma/dy [pb]
 eta_min     eta_max     dummy          data      +- uncor     +- tot     th orig         th mod   therr+         therr-     pull    iset       iplot
 0.00000E+00 0.21000E+00 0.00000E+00 0.57715E+03 0.12564E+01 0.10885E+02 0.59812E+03 0.57666E+03 0.15556E+02 0.14941E+02 0.39087E+00      7014425   1/0.00000E+00
 0.21000E+00 0.42000E+00 0.00000E+00 0.57687E+03 0.12846E+01 0.10834E+02 0.59992E+03 0.57773E+03 0.15568E+02 0.14954E+02 -.66645E+00      7014425   1/0.00000E+00
 0.42000E+00 0.63000E+00 0.00000E+00 0.58175E+03 0.11149E+01 0.10900E+02 0.60237E+03 0.58120E+03 0.15556E+02 0.14947E+02 0.49666E+00      7014425   1/0.00000E+00
 0.63000E+00 0.84000E+00 0.00000E+00 0.58607E+03 0.12013E+01 0.11011E+02 0.60672E+03 0.58535E+03 0.15556E+02 0.14952E+02 0.59869E+00      7014425   1/0.00000E+00
 0.84000E+00 0.10500E+01 0.00000E+00 0.58633E+03 0.13271E+01 0.11029E+02 0.61218E+03 0.58796E+03 0.15554E+02 0.14959E+02 -.12274E+01      7014425   1/0.00000E+00
 0.10500E+01 0.13700E+01 0.00000E+00 0.59907E+03 0.11256E+01 0.11257E+02 0.61883E+03 0.59750E+03 0.15497E+02 0.14917E+02 0.13972E+01      7014425   1/0.00000E+00
 0.13700E+01 0.15200E+01 0.00000E+00 0.59675E+03 0.23707E+01 0.11417E+02 0.62405E+03 0.60029E+03 0.15391E+02 0.14829E+02 -.14919E+01      7014425   1/0.00000E+00
 0.15200E+01 0.17400E+01 0.00000E+00 0.60417E+03 0.13407E+01 0.11443E+02 0.62654E+03 0.60405E+03 0.15230E+02 0.14687E+02 0.92460E-01      7014425   1/0.00000E+00
 0.17400E+01 0.19500E+01 0.00000E+00 0.60693E+03 0.16829E+01 0.11524E+02 0.62590E+03 0.60491E+03 0.14924E+02 0.14409E+02 0.12020E+01      7014425   1/0.00000E+00
 0.19500E+01 0.21800E+01 0.00000E+00 0.59340E+03 0.14508E+01 0.11228E+02 0.61731E+03 0.59362E+03 0.14349E+02 0.13876E+02 -.15310E+00      7014425   1/0.00000E+00
 0.21800E+01 0.25000E+01 0.00000E+00 0.55846E+03 0.13320E+01 0.10701E+02 0.58845E+03 0.56077E+03 0.13100E+02 0.12700E+02 -.17324E+01      7014425   1/0.00000E+00
