    1   'Adbar'    0.145900    0.017800
    2   'Adv'    1.000000    0.000000
    3   'Ag'    1.000000    0.000000
    4   'Agp'    0.085600    0.008100
    5   'Aubar'    0.137200    0.010900
    6   'Auv'    1.000000    0.000000
    7   'Bdbar'   -0.134700    0.022300
    8   'Bdv'    0.735400    0.034100
    9   'Bg'   -0.741700    0.041700
   10   'Bgp'   -0.807400    0.020400
   11   'Bstr'   -0.088500    0.047200
   12   'Bubar'   -0.141900    0.015800
   13   'Buv'    0.692700    0.022500
   14   'Cdbar'    3.783100    0.609600
   15   'Cdv'    2.734000    0.297900
   16   'Cg'    5.049300    0.226400
   17   'Cgp'   25.000000    0.000000
   18   'Cstr'   13.039500    1.910100
   19   'Cubar'    5.757100    0.492200
   20   'Cuv'    4.711600    0.107900
   21   'Ddv'   -0.768000    0.190600
   22   'Dg'   23.269000    2.312000
   23   'Duv'    1.760500    0.542600
   24   'Euv'    9.893600    1.228100
   25   'ZERO'    0.000000    0.000000
   26   'rs'    1.100700    0.178500
