    0   'Adbar'    0.15592    0.00382166
    1   'Agp'    0.0782194    0.307693
    2   'Bdbar'    -0.151278    0.00308633
    3   'Bdv'    1.1162    0.059049
    4   'Bg'    -0.0251817    0.295425
    5   'Bgp'    -0.345094    0.197933
    6   'Buv'    0.848223    0.0185898
    7   'Cdbar'    11.5188    1.60313
    8   'Cdv'    5.21714    0.260543
    9   'Cg'    4.89227    1.05088
   10   'Cubar'    5.57154    4.35015
   11   'Cuv'    4.77141    0.0669546
   12   'Dubar'    -1.36064    3.68126
   13   'Euv'    8.20546    0.917449
