    1   'Ag'    1.000000    0.000000
    2   'Bg'   -0.023330    0.254840
    3   'Agp'    0.077146    0.243869
    4   'Cg'    5.058920    1.077745
    5   'fs'    0.400000    0.000000
    6   'Duv'    0.000000    0.000000
    7   'Buv'    0.846165    0.025663
    8   'Bgp'   -0.345921    0.142205
    9   'Cgp'   25.000000    0.000000
   10   'Euv'    8.561893    1.092968
   11   'Auv'    1.000000    0.000000
   12   'Cuv'    4.770782    0.090310
   13   'Adv'    1.000000    0.000000
   14   'Aubar'    0.161300    0.000000
   15   'ZERO'    0.000000    0.000000
   16   'Bdv'    1.109045    0.072988
   17   'Cdv'    5.095170    0.397316
   18   'Bubar'   -0.127300    0.000000
   19   'Cubar'    3.913415    1.447196
   20   'Dubar'   -2.317710    0.731788
   21   'Adbar'    0.155172    0.005038
   22   'Bdbar'   -0.152319    0.003987
   23   'Cdbar'   11.583711    2.134668
