*
* dSigma/d eta_l+ cross section.
*
* Data from  arXiv:1109.5141, theory from arXiv:1203.4051
*
&DATA
 Name = 'ATLAS W+ lepton pseudorapidity, 2010 data'
 Ndata  = 11
 NColumn   = 37
 ColumnType = 'Flag', 2*'Bin','Sigma',33*'Error'
 ColumnName = 'binFlag', 'eta1','eta2','Sigma', 'stat','uncor',
         'ATL_WZ2010_Source_1','ATL_WZ2010_Source_2','ATL_WZ2010_Source_3','ATL_WZ2010_Source_4',
         'ATL_WZ2010_Source_5','ATL_WZ2010_Source_6','ATL_WZ2010_Source_7','ATL_WZ2010_Source_8',
         'ATL_WZ2010_Source_9','ATL_WZ2010_Source_10','ATL_WZ2010_Source_11','ATL_WZ2010_Source_12',
         'ATL_WZ2010_Source_13','ATL_WZ2010_Source_14','ATL_WZ2010_Source_15','ATL_WZ2010_Source_16',
         'ATL_WZ2010_Source_17','ATL_WZ2010_Source_18','ATL_WZ2010_Source_19','ATL_WZ2010_Source_20',
         'ATL_WZ2010_Source_21','ATL_WZ2010_Source_22','ATL_WZ2010_Source_23','ATL_WZ2010_Source_24',
         'ATL_WZ2010_Source_25','ATL_WZ2010_Source_26','ATL_WZ2010_Source_27','ATL_WZ2010_Source_28',
         'ATL_WZ2010_Source_29','ATL_WZ2010_Source_30','ATLAS_lumi2010'

 NInfo    = 4 
 DataInfo =   7000.,   1,      20.,       25
 CInfo    = 'sqrt(S)','e charge','pte cut', 'ptnu cut'
 IndexDataset = 142
 Reaction = 'CC pp'
 TheoryType     = 'expression'
 TermName = 'A1', 'K'
 TermType = 'applgrid','kfactor'
 TermSource = 'datafiles/lhc/atlas/wzProduction/1203.4051/WP-applgrid.root' , 
              'datafiles/lhc/atlas/wzProduction/1203.4051/KF-Wp-nnlo2nlo-ew.txt'
 TheorExpr= 'K*A1/1.e5'

 PERCENT = F, 32*T
&END
&PlotDesc
 PlotN = 1
 PlotDefColumn = 'eta2'
 PlotDefValue = 0., 5.
 PlotOptions(1)  = 'Experiment:ATLAS@ExtraLabel:pp #rightarrow W^{+}; #sqrt{s} = 7 TeV @Title:2010 @XTitle: #eta_{l} @YTitle: d#sigma/d#eta [pb] '
&End
1        0.00     0.21       602.00         6.03    1.16  0.227  -0.176   0.091   0.197   0.032  -0.009   0.033   0.034   0.084   0.098   0.134   0.078  -0.428   0.028  -0.170  -0.219  -0.591   0.373   0.214   0.300  -0.182  -0.052   0.095  -0.077  -0.237   0.741   0.088   0.116   0.073  -0.182 3.4 
1        0.21     0.42       602.67         5.59    0.99  0.227  -0.176   0.091   0.197   0.030  -0.007   0.030   0.032   0.080   0.112   0.118   0.076  -0.395   0.006  -0.152  -0.190  -0.603   0.337   0.312   0.200  -0.192  -0.085   0.082  -0.138  -0.130   0.447   0.164   0.205   0.055  -0.098 3.4 
1        0.42     0.63       620.15         5.50    0.97  0.227  -0.176   0.091   0.197   0.032  -0.008   0.024   0.038   0.063   0.138   0.131   0.072  -0.403   0.041  -0.159  -0.175  -0.552   0.475   0.438   0.166  -0.277  -0.117   0.065  -0.049   0.058   0.049   0.227   0.250   0.032  -0.075 3.4 
1        0.63     0.84       614.69         5.82    1.12  0.227  -0.176   0.091   0.197   0.040  -0.009   0.043   0.021   0.085   0.122   0.123   0.073  -0.466   0.008  -0.163  -0.233  -0.631   0.471   0.354   0.234  -0.097  -0.011   0.048  -0.127  -0.089   0.177   0.140   0.256   0.034  -0.088 3.4 
1        0.84     1.05       640.65         6.01    1.07  0.227  -0.176   0.091   0.197   0.038  -0.004   0.040   0.041   0.067   0.108   0.185   0.099  -0.484   0.048  -0.222  -0.229  -0.463   0.644   0.281   0.281  -0.311  -0.083   0.012   0.263  -0.028   0.038   0.131   0.180   0.052  -0.194 3.4 
1        1.05     1.37       647.21         4.67    0.83  0.227  -0.176   0.091   0.197   0.040  -0.009   0.018   0.002   0.111   0.153   0.108   0.097  -0.462   0.076  -0.226  -0.216  -0.664   0.356   0.287   0.290  -0.174   0.002  -0.053  -0.044   0.017   0.215   0.182   0.212   0.045  -0.089 3.4 
1        1.37     1.52       630.74         8.63    1.30  0.227  -0.176   0.091   0.197   0.057  -0.024   0.017  -0.025   0.166   0.181   0.116   0.073  -0.605   0.078  -0.179  -0.258  -0.998   0.403   0.096   0.485  -0.301   0.029  -0.190  -0.072   0.016   0.488   0.409   0.462   0.154   0.356 3.4 
1        1.52     1.74       629.17         5.31    0.78  0.227  -0.176   0.091   0.197   0.041  -0.009   0.017   0.002   0.111   0.113   0.120   0.110  -0.486   0.060  -0.259  -0.214  -0.645   0.374   0.166   0.269  -0.113   0.008  -0.110   0.144   0.032   0.130   0.175   0.183   0.045  -0.033 3.4 
1        1.74     1.95       648.85         5.69    0.88  0.227  -0.176   0.091   0.197   0.045  -0.009   0.018  -0.004   0.117   0.116   0.126   0.107  -0.507   0.094  -0.264  -0.243  -0.615   0.465   0.275   0.372  -0.156   0.107  -0.104  -0.120  -0.017   0.272   0.215   0.295   0.076  -0.020 3.4 
1        1.95     2.18       628.13         5.32    0.87  0.227  -0.176   0.091   0.197   0.033  -0.001   0.033   0.034   0.112   0.122   0.131   0.112  -0.439   0.067  -0.259  -0.169  -0.597   0.360   0.211   0.252  -0.253  -0.007  -0.102  -0.027  -0.066   0.443   0.176   0.239   0.090  -0.062 3.4 
1        2.18     2.50       578.39         5.17    0.98  0.227  -0.176   0.091   0.197   0.023  -0.009   0.078  -0.030   0.053   0.111   0.242   0.010  -0.479   0.049  -0.295  -0.240  -0.821   0.457   0.231   0.194  -0.326   0.081  -0.191  -0.037  -0.013   0.271   0.192   0.305   0.064  -0.020 3.4 
