*
* dSigma/dY_Z cross section.
*
* Data from  arXiv:1109.5141, theory from arXiv:1203.4051
*
&DATA
 Name = 'ATLAS Z rapidity, 2010 data'
 Ndata  = 8
 NColumn   = 37
 ColumnType = 'Flag', 2*'Bin','Sigma',33*'Error'
 ColumnName = 'binFlag', 'eta1','eta2','Sigma', 'stat','uncor',
         'ATL_WZ2010_Source_1','ATL_WZ2010_Source_2','ATL_WZ2010_Source_3','ATL_WZ2010_Source_4',
         'ATL_WZ2010_Source_5','ATL_WZ2010_Source_6','ATL_WZ2010_Source_7','ATL_WZ2010_Source_8',
         'ATL_WZ2010_Source_9','ATL_WZ2010_Source_10','ATL_WZ2010_Source_11','ATL_WZ2010_Source_12',
         'ATL_WZ2010_Source_13','ATL_WZ2010_Source_14','ATL_WZ2010_Source_15','ATL_WZ2010_Source_16',
         'ATL_WZ2010_Source_17','ATL_WZ2010_Source_18','ATL_WZ2010_Source_19','ATL_WZ2010_Source_20',
         'ATL_WZ2010_Source_21','ATL_WZ2010_Source_22','ATL_WZ2010_Source_23','ATL_WZ2010_Source_24',
         'ATL_WZ2010_Source_25','ATL_WZ2010_Source_26','ATL_WZ2010_Source_27','ATL_WZ2010_Source_28',
         'ATL_WZ2010_Source_29','ATL_WZ2010_Source_30','ATLAS_lumi2010'

 NInfo    = 2 
 DataInfo = 7000.,     20.
 CInfo    = 'sqrt(S)','pte cut'
 IndexDataset = 141
 Reaction = 'NC pp'
 TheoryType     = 'expression'
 TermName = 'A1', 'K'
 TermType = 'apfelgrid','kfactor'
 TermSource = 'datafiles/lhc/atlas/wzProduction/1203.4051/Z0-applgrid.fk' , 
              'datafiles/lhc/atlas/wzProduction/1203.4051/KF-Z0-nnlo2nlo-ew.txt'
 TheorExpr= 'K*A1/1.e5'

 PERCENT = F, 32*T
&END
&PlotDesc
 PlotN = 1
 PlotDefColumn = 'eta2'
 PlotDefValue = 0., 5.
 PlotOptions(1)  = 'Experiment:ATLAS@ExtraLabel:pp #rightarrow Z; #sqrt{s} = 7 TeV@Title:2010 @XTitle: y_{Z} @YTitle: d#sigma/dy [pb] @Ylog'
&End
    1    0.00     0.40       129.27         1.88    0.59  0.291   0.094   0.036   0.186   0.073  -0.130   0.052  -0.069  -0.033   0.116  -0.096   0.063  -0.275  -0.019   0.069  -0.101  -0.526   0.066  -0.164   0.343  -0.145  -0.095   0.051   0.220   0.170   0.184   0.004   0.496   0.175  -0.119 3.4 
    1    0.40     0.80       129.44         1.90    0.50  0.291   0.094   0.036   0.186   0.070  -0.100   0.042  -0.089  -0.020   0.131  -0.103   0.064  -0.289   0.012   0.064  -0.077  -0.550   0.024  -0.163   0.316  -0.169  -0.147   0.017   0.227   0.156   0.255  -0.010   0.467   0.181  -0.106 3.4 
    1    0.80     1.20       125.81         1.89    0.47  0.291   0.094   0.036   0.186   0.054  -0.082   0.047  -0.070  -0.048   0.106  -0.097   0.056  -0.168  -0.028   0.009  -0.078  -0.425   0.028  -0.128   0.219  -0.148  -0.001   0.005   0.228   0.119   0.278  -0.039   0.452   0.165  -0.141 3.4 
    1    1.20     1.60       118.23         1.90    0.45  0.291   0.094   0.036   0.186   0.037  -0.055   0.045  -0.090   0.008   0.076  -0.052   0.150  -0.150   0.047   0.033  -0.032  -0.373   0.074  -0.064   0.300  -0.089  -0.247  -0.234   0.164   0.138   0.178  -0.041   0.524   0.131  -0.125 3.4 
    1    1.60     2.00       113.37         2.09    0.63  0.291   0.094   0.036   0.186   0.006  -0.039   0.054  -0.080   0.048   0.028   0.010   0.327   0.147  -0.006   0.020  -0.087  -0.373   0.168  -0.075   0.415   0.038  -0.449  -0.488  -0.003   0.084   0.242  -0.058   0.658  -0.061  -0.111 3.4 
    1    2.00     2.40       105.26         2.71    1.37  0.291   0.094   0.036   0.186   0.001  -0.072   0.089  -0.186   0.178  -0.051   0.133   0.759   0.182   0.233   0.232   0.036  -0.575   0.173  -0.062   0.656   0.129  -1.155  -0.846   0.151   0.014   0.687  -0.205   0.624  -0.142  -0.198 3.4 
    1    2.40     2.80        92.18         2.99    3.81  0.291   0.094   0.036   0.185   0.057  -0.061   0.579  -0.417   0.608  -0.402   0.635   2.264   0.112   1.163   1.179   0.231  -0.823   0.448   0.032  -0.033   0.043  -0.284  -0.089   0.489   0.258   0.025  -0.189   0.704  -1.685  -0.211 3.4 
    1    2.80     3.60        53.38         2.25    4.37  0.291   0.094   0.036   0.185   0.181  -0.028   1.759  -1.162   1.283  -0.933   1.875   4.973  -0.390   3.187   2.704   1.641  -1.952   0.559   0.369  -0.832  -0.028   1.385   0.785   0.284   0.262  -1.131  -0.039   0.258  -0.461  -0.215 3.4 
