           1
      273710
 Pseudo-data for ttbar production at LHC 13 TeV                                  
Plot1@Experiment:PseudoLHC13TeV; @Ylog
 Ymin        Ymax        dummy          data      +- uncor     +- tot     th orig         th mod   therr+         therr-     pull    iset       iplot
 0.00000E+00 0.20000E+00 0.00000E+00 0.28824E+03 0.40763E+01 0.28825E+03 0.57648E+03 0.28824E+03 0.00000E+00 0.00000E+00 -.53003E-03       273710   1/0.00000E+00
 0.20000E+00 0.40000E+00 0.00000E+00 0.28126E+03 0.39776E+01 0.28127E+03 0.56252E+03 0.28126E+03 0.00000E+00 0.00000E+00 -.52132E-03       273710   1/0.00000E+00
 0.40000E+00 0.60000E+00 0.00000E+00 0.26483E+03 0.37453E+01 0.26484E+03 0.52966E+03 0.26483E+03 0.00000E+00 0.00000E+00 -.56958E-03       273710   1/0.00000E+00
 0.60000E+00 0.80000E+00 0.00000E+00 0.24274E+03 0.34329E+01 0.24275E+03 0.48548E+03 0.24274E+03 0.00000E+00 0.00000E+00 -.58633E-03       273710   1/0.00000E+00
 0.80000E+00 0.10000E+01 0.00000E+00 0.21613E+03 0.30565E+01 0.21614E+03 0.43225E+03 0.21613E+03 0.00000E+00 0.00000E+00 0.97680E-03       273710   1/0.00000E+00
 0.10000E+01 0.12000E+01 0.00000E+00 0.18547E+03 0.26229E+01 0.18548E+03 0.37094E+03 0.18547E+03 0.00000E+00 0.00000E+00 0.45278E-04       273710   1/0.00000E+00
 0.12000E+01 0.14000E+01 0.00000E+00 0.15318E+03 0.21663E+01 0.15319E+03 0.30636E+03 0.15318E+03 0.00000E+00 0.00000E+00 0.78734E-03       273710   1/0.00000E+00
 0.14000E+01 0.16000E+01 0.00000E+00 0.12115E+03 0.17133E+01 0.12116E+03 0.24231E+03 0.12115E+03 0.00000E+00 0.00000E+00 -.17834E-02       273710   1/0.00000E+00
 0.16000E+01 0.18000E+01 0.00000E+00 0.91239E+02 0.12903E+01 0.91244E+02 0.18248E+03 0.91240E+02 0.00000E+00 0.00000E+00 -.43985E-03       273710   1/0.00000E+00
 0.18000E+01 0.24000E+01 0.00000E+00 0.43997E+02 0.62221E+00 0.43999E+02 0.87995E+02 0.43998E+02 0.00000E+00 0.00000E+00 -.91440E-03       273710   1/0.00000E+00
