    1   'alphaIR'    0.389046    0.009154
    2   'c0ir'   -0.129255    0.052484
    3   'c1ir'    0.274639    0.142755
    4   'delta0'   -0.849583    0.030615
    5   'delta1'   -1.907959    0.918297
    6   'epsilon0'    0.306776    0.001573
    7   'epsilon1'    0.082807    0.003995
    8   'r0'    6.102578    0.566674
    9   'r1'    0.638752    0.461944
   10   's0bv0'  -11.546048    0.407975
   11   's0bv1'   -6.097218    0.056645
   12   's0bv2'   -4.662197    0.050804
   13   's0bv3'   -5.071851    0.023966
   14   's0bv4'   -6.325428    0.010692
   15   's0bv5'   -6.955802    0.009642
   16   's0rv0'   -1.120000    0.000000
   17   's0rv1'   -1.226000    0.000000
   18   's0rv2'   -2.300000    0.000000
   19   's1bv0'   -0.942328    0.020318
   20   's1bv1'   -0.902680    0.036778
   21   's1bv2'   -1.373955    0.034599
   22   's1bv3'   -2.599583    0.027276
   23   's1bv4'   -4.588576    0.032114
   24   's1bv5'   -7.609134    0.089826
   25   's1rv0'   -3.420000    0.000000
   26   's1rv1'   -1.860000    0.000000
   27   's1rv2'   -6.100000    0.000000
