    1   'alphaIR'    0.380000    0.000000
    2   'c0ir'   -0.990000    0.010000
    3   'c1ir'    0.250000    0.010000
    4   'delta0'   -0.860000    0.010000
    5   'delta1'   -1.800000    0.010000
    6   'epsilon0'    0.310000    0.010000
    7   'epsilon1'    0.079000    0.010000
    8   'r0'    6.400000    0.010000
    9   'r1'    0.580000    0.010000
   10   's0bv0'  -11.600000    0.010000
   11   's0bv1'   -6.110000    0.010000
   12   's0bv2'   -4.670000    0.010000
   13   's0bv3'   -5.070000    0.010000
   14   's0bv4'   -6.324000    0.010000
   15   's0bv5'   -6.954000    0.010000
   16   's0rv0'   -1.120000    0.000000
   17   's0rv1'   -1.226000    0.000000
   18   's0rv2'   -2.300000    0.000000
   19   's1bv0'   -0.945000    0.010000
   20   's1bv1'   -0.910000    0.010000
   21   's1bv2'   -1.378000    0.010000
   22   's1bv3'   -2.603000    0.010000
   23   's1bv4'   -4.597000    0.010000
   24   's1bv5'   -7.620000    0.010000
   25   's1rv0'   -3.420000    0.000000
   26   's1rv1'   -1.860000    0.000000
   27   's1rv2'   -6.100000    0.000000
