    1   'ADbar'    0.255330    0.011210
    2   'AUbar'    1.000000    0.000000
    3   'Adv'    1.000000    0.000000
    4   'Ag'    1.000000    0.000000
    5   'Agp'    0.184530    0.179310
    6   'Auv'    1.000000    0.000000
    7   'BDbar'   -0.132300    0.005220
    8   'Bdv'    0.975860    0.088010
    9   'Bg'   -0.084940    0.073960
   10   'Bgp'   -0.387770    0.066120
   11   'Buv'    0.772020    0.032300
   12   'CDbar'    9.395290    1.834680
   13   'CUbar'    7.524400    1.491800
   14   'Cdv'    4.855350    0.384070
   15   'Cg'    6.947200    0.747310
   16   'Cgp'   25.000000    0.000000
   17   'Cuv'    4.878890    0.092660
   18   'DUbar'    3.584530    2.594190
   19   'Euv'   10.311000    1.416880
   20   'ZERO'    0.000000    0.000000
   21   'alphas'    0.114260    0.001660
   22   'fd'    1.000000    0.000000
   23   'fs'    0.400000    0.000000
