* Theory file for HERA1+2 NCem
&Data 
   Name = "Theory for HERA1+2 NCem"
   NData =   159
   NColumn =     6
   ColumnType = 3*"Bin","Theory",  2*"Error"
   ColumnName = "Q2","x","y","theory","alphas+","alphas-"
   Percent =   2*True
&End 
  0.600000E+02  0.800000E-03  0.741110E+00  0.149772E+01  0.299085E+01 -0.282290E+01
  0.900000E+02  0.130000E-02  0.684100E+00  0.144835E+01  0.279043E+01 -0.264431E+01
  0.900000E+02  0.150000E-02  0.592890E+00  0.141953E+01  0.273031E+01 -0.258949E+01
  0.900000E+02  0.200000E-02  0.444660E+00  0.133484E+01  0.258418E+01 -0.245494E+01
  0.120000E+03  0.160000E-02  0.741110E+00  0.141354E+01  0.267549E+01 -0.254068E+01
  0.120000E+03  0.200000E-02  0.592890E+00  0.137023E+01  0.257839E+01 -0.245191E+01
  0.120000E+03  0.320000E-02  0.370550E+00  0.121876E+01  0.231376E+01 -0.220673E+01
  0.150000E+03  0.200000E-02  0.741110E+00  0.137096E+01  0.255449E+01 -0.243067E+01
  0.150000E+03  0.320000E-02  0.463190E+00  0.124829E+01  0.231223E+01 -0.220706E+01
  0.150000E+03  0.500000E-02  0.296440E+00  0.109208E+01  0.202789E+01 -0.194160E+01
  0.150000E+03  0.800000E-02  0.185280E+00  0.934998E+00  0.170025E+01 -0.163377E+01
  0.150000E+03  0.130000E-01  0.114020E+00  0.792517E+00  0.133651E+01 -0.129010E+01
  0.200000E+03  0.260000E-02  0.760110E+00  0.131146E+01  0.239860E+01 -0.228797E+01
  0.200000E+03  0.320000E-02  0.617590E+00  0.126813E+01  0.229547E+01 -0.219300E+01
  0.200000E+03  0.500000E-02  0.395260E+00  0.112546E+01  0.202527E+01 -0.194115E+01
  0.200000E+03  0.800000E-02  0.247040E+00  0.964420E+00  0.170120E+01 -0.163658E+01
  0.200000E+03  0.130000E-01  0.152020E+00  0.814344E+00  0.133692E+01 -0.129215E+01
  0.200000E+03  0.200000E-01  0.988140E-01  0.701126E+00  0.100235E+01 -0.973817E+00
  0.200000E+03  0.320000E-01  0.617590E-01  0.597686E+00  0.627726E+00 -0.615221E+00
  0.200000E+03  0.500000E-01  0.395260E-01  0.516716E+00  0.272454E+00 -0.272985E+00
  0.200000E+03  0.800000E-01  0.247040E-01  0.445374E+00 -0.917885E-01  0.800924E-01
  0.200000E+03  0.130000E+00  0.152020E-01  0.379255E+00 -0.457797E+00  0.436985E+00
  0.200000E+03  0.180000E+00  0.109790E-01  0.332715E+00 -0.710672E+00  0.684705E+00
  0.250000E+03  0.330000E-02  0.748590E+00  0.125453E+01  0.225205E+01 -0.215308E+01
  0.250000E+03  0.500000E-02  0.494070E+00  0.114421E+01  0.201627E+01 -0.193393E+01
  0.250000E+03  0.800000E-02  0.308790E+00  0.985177E+00  0.169795E+01 -0.163483E+01
  0.250000E+03  0.130000E-01  0.190030E+00  0.830472E+00  0.133439E+01 -0.129093E+01
  0.250000E+03  0.200000E-01  0.123520E+00  0.712719E+00  0.999062E+00 -0.971667E+00
  0.250000E+03  0.320000E-01  0.771990E-01  0.605012E+00  0.622859E+00 -0.611309E+00
  0.250000E+03  0.500000E-01  0.494070E-01  0.520788E+00  0.265528E+00 -0.266841E+00
  0.250000E+03  0.800000E-01  0.308790E-01  0.446725E+00 -0.101760E+00  0.894445E-01
  0.250000E+03  0.130000E+00  0.190030E-01  0.378443E+00 -0.471717E+00  0.450452E+00
  0.250000E+03  0.180000E+00  0.137240E-01  0.330702E+00 -0.728520E+00  0.702213E+00
  0.250000E+03  0.250000E+00  0.988140E-02  0.272694E+00 -0.102164E+01  0.990642E+00
  0.250000E+03  0.400000E+00  0.617590E-02  0.155047E+00 -0.156781E+01  0.153108E+01
  0.300000E+03  0.390000E-02  0.760110E+00  0.121048E+01  0.214232E+01 -0.205156E+01
  0.300000E+03  0.500000E-02  0.592890E+00  0.115173E+01  0.200304E+01 -0.192220E+01
  0.300000E+03  0.800000E-02  0.370550E+00  0.100017E+01  0.169279E+01 -0.163090E+01
  0.300000E+03  0.130000E-01  0.228030E+00  0.843045E+00  0.133055E+01 -0.128817E+01
  0.300000E+03  0.200000E-01  0.148220E+00  0.721910E+00  0.995020E+00 -0.968564E+00
  0.300000E+03  0.320000E-01  0.926380E-01  0.610864E+00  0.618022E+00 -0.607247E+00
  0.300000E+03  0.500000E-01  0.592890E-01  0.524039E+00  0.259257E+00 -0.261200E+00
  0.300000E+03  0.800000E-01  0.370550E-01  0.447806E+00 -0.110184E+00  0.973778E-01
  0.300000E+03  0.130000E+00  0.228030E-01  0.377796E+00 -0.483157E+00  0.461538E+00
  0.300000E+03  0.180000E+00  0.164690E-01  0.329109E+00 -0.742923E+00  0.716356E+00
  0.300000E+03  0.250000E+00  0.118580E-01  0.270315E+00 -0.104059E+01  0.100946E+01
  0.300000E+03  0.400000E+00  0.741110E-02  0.152384E+00 -0.159808E+01  0.156165E+01
  0.400000E+03  0.530000E-02  0.745770E+00  0.112998E+01  0.193728E+01 -0.186100E+01
  0.400000E+03  0.800000E-02  0.494070E+00  0.101770E+01  0.167824E+01 -0.161832E+01
  0.400000E+03  0.130000E-01  0.304040E+00  0.861481E+00  0.132133E+01 -0.128066E+01
  0.400000E+03  0.200000E-01  0.197630E+00  0.735995E+00  0.986560E+00 -0.961574E+00
  0.400000E+03  0.320000E-01  0.123520E+00  0.619946E+00  0.608755E+00 -0.599194E+00
  0.400000E+03  0.500000E-01  0.790510E-01  0.529122E+00  0.248247E+00 -0.251170E+00
  0.400000E+03  0.800000E-01  0.494070E-01  0.449606E+00 -0.123421E+00  0.109892E+00
  0.400000E+03  0.130000E+00  0.304040E-01  0.376879E+00 -0.501192E+00  0.479045E+00
  0.400000E+03  0.180000E+00  0.219590E-01  0.326749E+00 -0.765102E+00  0.738165E+00
  0.400000E+03  0.250000E+00  0.158100E-01  0.266763E+00 -0.106941E+01  0.103812E+01
  0.400000E+03  0.400000E+00  0.988140E-02  0.148404E+00 -0.164389E+01  0.160797E+01
  0.500000E+03  0.660000E-02  0.748590E+00  0.106935E+01  0.177961E+01 -0.171366E+01
  0.500000E+03  0.800000E-02  0.617590E+00  0.102257E+01  0.165993E+01 -0.160153E+01
  0.500000E+03  0.130000E-01  0.380050E+00  0.874025E+00  0.131103E+01 -0.127167E+01
  0.500000E+03  0.200000E-01  0.247040E+00  0.746589E+00  0.978113E+00 -0.954255E+00
  0.500000E+03  0.320000E-01  0.154400E+00  0.627016E+00  0.600306E+00 -0.591673E+00
  0.500000E+03  0.500000E-01  0.988140E-01  0.533174E+00  0.238920E+00 -0.242584E+00
  0.500000E+03  0.800000E-01  0.617590E-01  0.451127E+00 -0.134253E+00  0.120173E+00
  0.500000E+03  0.130000E+00  0.380050E-01  0.376338E+00 -0.514994E+00  0.492467E+00
  0.500000E+03  0.180000E+00  0.274480E-01  0.325091E+00 -0.781997E+00  0.754799E+00
  0.500000E+03  0.250000E+00  0.197630E-01  0.264191E+00 -0.109116E+01  0.105977E+01
  0.500000E+03  0.400000E+00  0.123520E-01  0.145513E+00 -0.167782E+01  0.164233E+01
  0.500000E+03  0.650000E+00  0.760110E-02  0.205740E-01 -0.265926E+01  0.262798E+01
  0.650000E+03  0.850000E-02  0.755640E+00  0.100017E+01  0.159286E+01 -0.153829E+01
  0.650000E+03  0.130000E-01  0.494070E+00  0.885435E+00  0.129456E+01 -0.125671E+01
  0.650000E+03  0.200000E-01  0.321150E+00  0.758709E+00  0.966038E+00 -0.943470E+00
  0.650000E+03  0.320000E-01  0.200720E+00  0.635641E+00  0.589094E+00 -0.581526E+00
  0.650000E+03  0.500000E-01  0.128460E+00  0.538322E+00  0.227208E+00 -0.231717E+00
  0.650000E+03  0.800000E-01  0.802870E-01  0.453251E+00 -0.147446E+00  0.132740E+00
  0.650000E+03  0.130000E+00  0.494070E-01  0.376015E+00 -0.531138E+00  0.508189E+00
  0.650000E+03  0.180000E+00  0.356830E-01  0.323428E+00 -0.801528E+00  0.774049E+00
  0.650000E+03  0.250000E+00  0.256920E-01  0.261435E+00 -0.111600E+01  0.108453E+01
  0.650000E+03  0.400000E+00  0.160570E-01  0.142347E+00 -0.171603E+01  0.168109E+01
  0.800000E+03  0.105000E-01  0.752870E+00  0.942257E+00  0.142231E+01 -0.137764E+01
  0.800000E+03  0.130000E-01  0.608090E+00  0.889949E+00  0.127678E+01 -0.124006E+01
  0.800000E+03  0.200000E-01  0.395260E+00  0.767897E+00  0.954206E+00 -0.932638E+00
  0.800000E+03  0.320000E-01  0.247040E+00  0.642953E+00  0.579064E+00 -0.572319E+00
  0.800000E+03  0.500000E-01  0.158100E+00  0.542945E+00  0.217342E+00 -0.222500E+00
  0.800000E+03  0.800000E-01  0.988140E-01  0.455398E+00 -0.158112E+00  0.142931E+00
  0.800000E+03  0.130000E+00  0.608090E-01  0.376127E+00 -0.543882E+00  0.520619E+00
  0.800000E+03  0.180000E+00  0.439170E-01  0.322425E+00 -0.816724E+00  0.789043E+00
  0.800000E+03  0.250000E+00  0.316210E-01  0.259523E+00 -0.113512E+01  0.110360E+01
  0.800000E+03  0.400000E+00  0.197630E-01  0.140040E+00 -0.174507E+01  0.171057E+01
  0.800000E+03  0.650000E+00  0.121620E-01  0.190289E-01 -0.277657E+01  0.275002E+01
  0.100000E+04  0.130000E-01  0.760110E+00  0.887120E+00  0.125138E+01 -0.121576E+01
  0.100000E+04  0.200000E-01  0.494070E+00  0.776994E+00  0.938636E+00 -0.918099E+00
  0.100000E+04  0.320000E-01  0.308790E+00  0.651629E+00  0.566915E+00 -0.561032E+00
  0.100000E+04  0.500000E-01  0.197630E+00  0.548815E+00  0.206052E+00 -0.211885E+00
  0.100000E+04  0.800000E-01  0.123520E+00  0.458452E+00 -0.169750E+00  0.154081E+00
  0.100000E+04  0.130000E+00  0.760110E-01  0.376804E+00 -0.557480E+00  0.533899E+00
  0.100000E+04  0.180000E+00  0.548970E-01  0.321797E+00 -0.832767E+00  0.804888E+00
  0.100000E+04  0.250000E+00  0.395260E-01  0.257821E+00 -0.115516E+01  0.112361E+01
  0.100000E+04  0.400000E+00  0.247040E-01  0.137783E+00 -0.177518E+01  0.174117E+01
  0.120000E+04  0.140000E-01  0.846980E+00  0.864142E+00  0.117657E+01 -0.114442E+01
  0.120000E+04  0.200000E-01  0.592890E+00  0.783142E+00  0.922942E+00 -0.903193E+00
  0.120000E+04  0.320000E-01  0.370550E+00  0.659628E+00  0.555695E+00 -0.550492E+00
  0.120000E+04  0.500000E-01  0.237150E+00  0.554654E+00  0.196233E+00 -0.202600E+00
  0.120000E+04  0.800000E-01  0.148220E+00  0.461777E+00 -0.179499E+00  0.163447E+00
  0.120000E+04  0.130000E+00  0.912130E-01  0.377957E+00 -0.568563E+00  0.544736E+00
  0.120000E+04  0.180000E+00  0.658760E-01  0.321752E+00 -0.845709E+00  0.817682E+00
  0.120000E+04  0.250000E+00  0.474310E-01  0.256780E+00 -0.117118E+01  0.113963E+01
  0.120000E+04  0.400000E+00  0.296440E-01  0.136137E+00 -0.179898E+01  0.176539E+01
  0.150000E+04  0.200000E-01  0.741110E+00  0.787298E+00  0.899073E+00 -0.880173E+00
  0.150000E+04  0.320000E-01  0.463190E+00  0.670890E+00  0.539978E+00 -0.535563E+00
  0.150000E+04  0.500000E-01  0.296440E+00  0.563678E+00  0.183352E+00 -0.190343E+00
  0.150000E+04  0.800000E-01  0.185280E+00  0.467332E+00 -0.191737E+00  0.175236E+00
  0.150000E+04  0.130000E+00  0.114020E+00  0.380414E+00 -0.582081E+00  0.557971E+00
  0.150000E+04  0.180000E+00  0.823450E-01  0.322488E+00 -0.861321E+00  0.833128E+00
  0.150000E+04  0.250000E+00  0.592890E-01  0.256075E+00 -0.119037E+01  0.115882E+01
  0.150000E+04  0.400000E+00  0.370550E-01  0.134413E+00 -0.182722E+01  0.179415E+01
  0.150000E+04  0.650000E+00  0.228030E-01  0.173554E-01 -0.291651E+01  0.289618E+01
  0.200000E+04  0.219000E-01  0.902410E+00  0.768175E+00  0.796214E+00 -0.781178E+00
  0.200000E+04  0.320000E-01  0.617590E+00  0.687859E+00  0.515198E+00 -0.511691E+00
  0.200000E+04  0.500000E-01  0.395260E+00  0.579769E+00  0.164880E+00 -0.172620E+00
  0.200000E+04  0.800000E-01  0.247040E+00  0.478082E+00 -0.208139E+00  0.191099E+00
  0.200000E+04  0.130000E+00  0.152020E+00  0.386042E+00 -0.599482E+00  0.575038E+00
  0.200000E+04  0.180000E+00  0.109790E+00  0.325246E+00 -0.881193E+00  0.852813E+00
  0.200000E+04  0.250000E+00  0.790510E-01  0.256416E+00 -0.121456E+01  0.118303E+01
  0.200000E+04  0.400000E+00  0.494070E-01  0.132775E+00 -0.186228E+01  0.182989E+01
  0.200000E+04  0.650000E+00  0.304040E-01  0.167486E-01 -0.297505E+01  0.295750E+01
  0.300000E+04  0.320000E-01  0.926380E+00  0.709475E+00  0.470457E+00 -0.467802E+00
  0.300000E+04  0.500000E-01  0.592890E+00  0.614785E+00  0.133633E+00 -0.142261E+00
  0.300000E+04  0.800000E-01  0.370550E+00  0.504419E+00 -0.232859E+00  0.215156E+00
  0.300000E+04  0.130000E+00  0.228030E+00  0.401519E+00 -0.624061E+00  0.599206E+00
  0.300000E+04  0.180000E+00  0.164690E+00  0.334536E+00 -0.908739E+00  0.880143E+00
  0.300000E+04  0.250000E+00  0.118580E+00  0.260480E+00 -0.124765E+01  0.121619E+01
  0.300000E+04  0.400000E+00  0.741110E-01  0.131983E+00 -0.190934E+01  0.187793E+01
  0.300000E+04  0.650000E+00  0.456070E-01  0.160904E-01 -0.305245E+01  0.303873E+01
  0.500000E+04  0.547000E-01  0.903240E+00  0.655077E+00  0.187742E-01 -0.299309E-01
  0.500000E+04  0.800000E-01  0.617590E+00  0.567993E+00 -0.268109E+00  0.249826E+00
  0.500000E+04  0.130000E+00  0.380050E+00  0.443086E+00 -0.655667E+00  0.630432E+00
  0.500000E+04  0.180000E+00  0.274480E+00  0.361624E+00 -0.943191E+00  0.914418E+00
  0.500000E+04  0.250000E+00  0.197630E+00  0.275320E+00 -0.128832E+01  0.125704E+01
  0.500000E+04  0.400000E+00  0.123520E+00  0.134666E+00 -0.196559E+01  0.193545E+01
  0.500000E+04  0.650000E+00  0.760110E-01  0.156521E-01 -0.314258E+01  0.313358E+01
  0.800000E+04  0.875000E-01  0.903440E+00  0.626863E+00 -0.371717E+00  0.351826E+00
  0.800000E+04  0.130000E+00  0.608090E+00  0.516836E+00 -0.685378E+00  0.659989E+00
  0.800000E+04  0.180000E+00  0.439170E+00  0.412670E+00 -0.974524E+00  0.945709E+00
  0.800000E+04  0.250000E+00  0.316210E+00  0.304986E+00 -0.132478E+01  0.129374E+01
  0.800000E+04  0.400000E+00  0.197630E+00  0.142579E+00 -0.201470E+01  0.198577E+01
  0.800000E+04  0.650000E+00  0.121620E+00  0.157191E-01 -0.321926E+01  0.321445E+01
  0.120000E+05  0.130000E+00  0.912130E+00  0.597109E+00 -0.711728E+00  0.686382E+00
  0.120000E+05  0.180000E+00  0.658760E+00  0.484529E+00 -0.100110E+01  0.972368E+00
  0.120000E+05  0.250000E+00  0.474310E+00  0.349760E+00 -0.135523E+01  0.132447E+01
  0.120000E+05  0.400000E+00  0.296440E+00  0.155560E+00 -0.205513E+01  0.202726E+01
  0.120000E+05  0.650000E+00  0.182430E+00  0.162175E-01 -0.328117E+01  0.327989E+01
  0.200000E+05  0.250000E+00  0.790510E+00  0.431603E+00 -0.139228E+01  0.136198E+01
  0.200000E+05  0.400000E+00  0.494070E+00  0.183670E+00 -0.210346E+01  0.207695E+01
  0.200000E+05  0.650000E+00  0.304040E+00  0.176008E-01 -0.335416E+01  0.335719E+01
  0.300000E+05  0.400000E+00  0.741110E+00  0.215057E+00 -0.213985E+01  0.211446E+01
  0.300000E+05  0.650000E+00  0.456070E+00  0.195262E-01 -0.340849E+01  0.341484E+01
  0.500000E+05  0.650000E+00  0.760110E+00  0.228997E-01 -0.347282E+01  0.348322E+01
