    1   'Ag'    1.000000    0.000000
    2   'As'    1.025836    0.812401
    3   'Av'    1.000000    0.000000
    4   'ZERO'    0.000000    0.000000
    5   'delBg'   -0.184204    0.397851
    6   'delBs'   -0.551178    0.261785
    7   'delBv'   -0.012877    0.040567
    8   'delCg'   -0.691954    1.794111
    9   'delCs'   -0.146686    1.702242
   10   'delCv'   -0.045133    0.073288
   11   'delDg'    0.000000    0.000000
   12   'delDs'    0.000000    0.000000
   13   'delDv'    0.000000    0.000000
   14   'delEg'    1.728339    4.387417
   15   'delEs'    3.745537    0.050228
   16   'delEv'    0.055519    0.079787
   17   'delFg'    0.000000    0.000000
   18   'delFs'    0.000000    0.000000
   19   'delFv'    0.000000    0.000000
   20   'gifl'    0.000000    0.000000
   21   'sifl'    1.000000    0.000000
   22   'vifl'    2.000000    0.000000
