*
* Data from output/tab.dat
*
&DATA
 Name = 'ATLAS Z rapidity, 2010 data'
 Ndata  = 8
 NSyst   = 32
 NBinDimension = 2
 BinName = 'y1','y2'
 NInfo    = 2 
 DataInfo = 7000., 20. 
 CInfo    = 'sqrt(S)','pte cut'
 IndexDataset = 91
 Reaction = 'NC pp'
 TheoryInfoFile = 'datafiles/DY_NC_ATLAS_KFACTORS.dat'
 TheoryType     = 'kfactor'
 NKFactor       = 1
 KFactorNames = 'Z0' 
 SystematicType = 0,201,202,203,204,205,206,207,208,209,210,211,212,213,214,215,216,217,218,219,220,221,222,223,224,225,226,227,228,229,230,231,232,233,234,235,236,237,238,239,240
 PERCENT = F, 32*T
&END
    0.00     0.40       128.71         1.88    0.58  0.000  -0.001   0.008  -0.234  -0.004  -0.098  -0.068   0.000   0.074   0.035   0.058  -0.147   0.103  -0.088  -0.142   0.001  -0.019   0.289   0.043  -0.024  -0.042  -0.305  -0.287   0.166   0.332   0.210  -0.178   0.377   0.458  -0.099 3.4 
    0.40     0.80       128.88         1.89    0.50  0.000  -0.001  -0.029  -0.220  -0.003  -0.085  -0.095   0.004   0.083   0.030   0.049  -0.160   0.107  -0.103  -0.121  -0.017  -0.031   0.302   0.063  -0.033  -0.054  -0.304  -0.290   0.187   0.306   0.105  -0.275   0.366   0.459  -0.084 3.4 
    0.80     1.20       125.37         1.89    0.48  0.000  -0.001  -0.013  -0.207   0.006  -0.074  -0.097   0.014   0.051   0.038   0.000  -0.116   0.043  -0.031  -0.058  -0.002  -0.060   0.192   0.024  -0.056   0.070  -0.260  -0.198   0.266   0.221   0.086  -0.257   0.344   0.436  -0.121 3.4 
    1.20     1.60       118.22         1.92    0.45  0.000  -0.001  -0.030  -0.128   0.025  -0.040  -0.123   0.021   0.096  -0.031   0.058  -0.102   0.076  -0.019  -0.020   0.029  -0.049   0.157   0.147   0.059   0.145  -0.299  -0.216   0.096   0.233   0.066  -0.241   0.415   0.438  -0.116 3.4 
    1.60     2.00       112.52         2.16    0.57  0.000  -0.000  -0.040  -0.081   0.048   0.010  -0.242   0.017   0.168  -0.179   0.124  -0.079  -0.009   0.075   0.052   0.108  -0.049  -0.024   0.350   0.251   0.463  -0.352  -0.175   0.194   0.272   0.192  -0.212   0.558   0.334  -0.113 3.4 
    2.00     2.40       104.22         2.88    1.23  0.000   0.000  -0.059   0.011   0.115   0.107  -0.324   0.062   0.360  -0.469   0.381  -0.015   0.186   0.281   0.070   0.266  -0.119  -0.061   0.735   0.442   0.700  -0.621  -0.305   0.524   0.340  -0.083  -0.593   0.789   0.319  -0.146 3.4 
    2.40     2.80        91.35         3.92    3.84  0.000   0.004  -0.049   0.448   0.144   0.192  -0.917   0.195   0.823  -1.508   1.348   0.083   0.777   0.801  -0.147   1.155  -0.322   0.719  -0.485  -0.171   0.025  -0.266  -0.242   0.458   0.256  -0.486  -0.310   1.849  -1.000  -0.209 3.4 
    2.80     3.60        52.90         2.98    4.38  0.000   0.009   0.103   1.268   0.248   0.231  -2.112   0.460   1.863  -3.261   2.991   0.134   1.775   1.385   0.335   3.051  -0.966   3.113  -2.719  -1.246  -0.241   0.019  -0.168   0.008  -0.022   0.061   0.475   0.570  -0.229  -0.237 3.4 
