    1   'Adbar'    0.094084    0.005062
    2   'Adv'    1.000000    0.000000
    3   'Ag'    1.000000    0.000000
    4   'Agp'    0.000000    0.000000
    5   'As'    0.072144    0.000000
    6   'Auv'    1.000000    0.000000
    7   'BG_g_A'    1.000000    0.000000
    8   'BG_g_B'    0.064639    0.059842
    9   'BG_g_C'    7.121860    0.380895
   10   'BG_g_F'    0.079171    0.022539
   11   'BG_g_G'    0.000000    0.000000
   12   'BG_g_H'    0.000000    0.000000
   13   'Bdbar'   -0.179878    0.006185
   14   'Bdv'    0.861653    0.069917
   15   'Bg'   -1.000000    0.000000
   16   'Bgp'   -0.100000    0.000000
   17   'Buv'    0.631449    0.029544
   18   'Cdbar'   16.014094    3.868615
   19   'Cdv'    4.446121    0.327149
   20   'Cg'    6.491662    0.000000
   21   'Cgp'   25.000000    0.000000
   22   'Cubar'    7.612612    0.733947
   23   'Cuv'    4.843723    0.076461
   24   'Ddbar'    0.000000    0.000000
   25   'Ddv'    0.000000    0.000000
   26   'Dg'    0.000000    0.000000
   27   'Dubar'   14.147128    2.859468
   28   'Duv'    0.000000    0.000000
   29   'Edbar'    0.000000    0.000000
   30   'Edv'    0.000000    0.000000
   31   'Eg'    0.000000    0.000000
   32   'Eubar'    0.000000    0.000000
   33   'Euv'   17.471945    2.321452
   34   'ZERO'    0.000000    0.000000
