!
! This datafile is a successor of the Dataset 3.
! H1 Collaboration, DESY
!
&Data
   Name  = 'H1 NC High Q2 e+p 94-97'
   NData =  130                        ! Number of data points
   NColumn =  24                       ! Number of all columns
   ColumnType = 3*'Bin','Sigma',20*'Error'
   ColumnName = 'x','Q2','y','reduced x-section','stat','uncor',2*'ignore','h1_nc_high_beta_9','h1_nc_high_beta_10','h1_nc_high_beta_11','h1_nc_high_beta_5','B2',9*'ignore','xlum_3','corlum'

   NInfo    = 4
   DataInfo =  301.,	+1.,	1.,	0.
   CInfo    = 'sqrt(S)','e charge','reduced','e polarity'

   IndexDataset = 3

   Reaction = 'NC e+-p'

!x	Q2		y	sig_NC	stat	unc	cor	tot	c^E+	c^th+	c^h+	c^N+	c^B+	u^E+	u^th+	u^h+	F2	Dall	DF2	DF3	DFL	Dqed	xlum	corlum

   Percent = 20*true

&END
0.0032	150.		0.518	1.240	1.800	4.900	1.700	5.500	-1.000	-0.400	0.400	1.100	-0.400	1.100	0.800	0.700	1.291	-4.000	0.100	-0.100	-4.000	7.000	1.414	0.500
0.0050	150.		0.331	1.100	1.800	3.300	0.600	3.800	-0.200	0.400	-0.100	0.300	-0.100	0.200	0.700	0.100	1.115	-1.300	0.100	-0.100	-1.300	6.800	1.414	0.500
0.0080	150.		0.207	0.920	2.900	7.900	4.100	9.300	-2.900	2.800	-0.100	-0.500	0.000	4.000	5.600	0.200	0.924	-0.400	0.100	-0.100	-0.400	6.700	1.414	0.500
0.0050	200.		0.442	1.102	1.800	4.700	1.700	5.300	-0.400	-0.300	0.700	1.400	-0.300	0.300	0.600	1.100	1.130	-2.500	0.200	-0.100	-2.500	7.300	1.414	0.500
0.0080	200.		0.276	0.915	1.900	3.300	1.200	4.000	0.600	-0.500	0.200	0.900	0.000	0.900	0.900	0.500	0.922	-0.800	0.200	-0.100	-0.800	7.100	1.414	0.500
0.0130	200.		0.170	0.765	2.200	3.500	1.000	4.300	-0.400	0.800	0.000	0.300	0.000	0.500	1.700	0.300	0.767	-0.200	0.200	-0.100	-0.200	7.000	1.414	0.500
0.0200	200.		0.110	0.696	2.600	4.600	1.700	5.500	-1.000	1.100	-0.300	-0.700	0.000	2.200	2.300	0.600	0.696	-0.100	0.200	-0.100	-0.100	7.000	1.414	0.500
0.0320	200.		0.069	0.601	3.200	6.600	3.600	8.100	-2.300	2.100	-0.400	-1.700	0.000	3.500	4.300	0.700	0.601	0.000	0.200	-0.100	0.000	7.000	1.414	0.500
0.0500	200.		0.044	0.516	3.700	7.300	3.700	9.000	-2.900	2.100	-0.300	-0.500	0.000	4.600	4.300	0.200	0.516	0.000	0.200	-0.100	0.000	7.100	1.414	0.500
0.0800	200.		0.028	0.439	4.200	7.700	4.500	9.900	-3.200	2.600	-0.800	-1.800	0.000	4.000	5.200	1.300	0.439	0.000	0.100	-0.100	0.000	7.000	1.414	0.500
0.0050	250.		0.552	1.113	2.300	4.900	1.300	5.600	-0.400	-0.700	0.300	0.800	-0.500	0.300	1.300	0.700	1.161	-4.100	0.200	-0.200	-4.100	7.600	1.414	0.500
0.0080	250.		0.345	1.018	2.000	3.400	1.600	4.200	0.200	-0.400	0.600	1.400	-0.100	0.200	0.800	1.000	1.031	-1.200	0.200	-0.100	-1.200	7.500	1.414	0.500
0.0130	250.		0.212	0.807	2.100	3.500	1.700	4.400	0.300	-0.700	0.300	1.500	0.000	0.800	1.300	0.600	0.810	-0.400	0.200	-0.100	-0.400	7.300	1.414	0.500
0.0200	250.		0.138	0.721	2.100	3.500	0.900	4.100	0.600	-0.400	0.200	0.600	0.000	1.200	0.700	0.300	0.721	-0.100	0.200	-0.100	-0.100	7.300	1.414	0.500
0.0320	250.		0.086	0.606	2.200	3.500	0.900	4.300	0.700	-0.300	-0.100	0.300	0.000	1.400	0.700	0.200	0.606	0.000	0.200	-0.100	0.000	7.300	1.414	0.500
0.0500	250.		0.055	0.529	2.400	3.400	0.600	4.200	0.200	-0.100	0.100	0.600	0.000	0.800	0.100	0.100	0.529	0.000	0.200	-0.100	0.000	7.300	1.414	0.500
0.0800	250.		0.035	0.430	2.700	3.400	1.100	4.500	0.500	-0.300	-0.500	0.700	0.000	0.300	0.600	0.400	0.430	0.000	0.200	-0.100	0.000	7.300	1.414	0.500
0.1300	250.		0.021	0.334	3.400	4.100	1.500	5.500	0.700	-0.200	-1.000	-0.800	0.000	0.900	0.300	1.600	0.334	0.000	0.200	-0.100	0.000	7.100	1.414	0.500
0.2500	250.		0.011	0.240	3.300	4.800	5.700	8.100	0.700	0.500	-1.300	-5.400	0.000	2.100	0.900	2.200	0.239	0.100	0.200	0.000	0.000	6.100	1.414	0.500
0.4000	250.		0.007	0.122	5.900	5.600	10.700	13.400	1.800	-0.600	-1.300	-10.500	0.000	2.600	1.200	2.300	0.122	0.100	0.200	0.000	0.000	4.000	1.414	0.500
0.0050	300.		0.663	1.139	3.400	5.200	2.000	6.500	-1.800	-0.200	-0.200	0.000	-0.600	1.800	0.300	0.200	1.214	-6.200	0.300	-0.200	-6.200	7.800	1.414	0.500
0.0080	300.		0.414	0.989	2.400	4.900	1.500	5.700	0.000	-0.600	0.600	1.200	-0.200	0.100	1.100	1.100	1.008	-1.900	0.300	-0.200	-1.900	7.700	1.414	0.500
0.0130	300.		0.255	0.846	2.400	3.400	1.600	4.500	0.500	-0.500	0.500	1.400	0.000	0.600	1.000	0.700	0.851	-0.600	0.300	-0.200	-0.600	7.600	1.414	0.500
0.0200	300.		0.166	0.740	2.400	3.600	1.400	4.600	0.800	-0.700	0.300	1.000	0.000	1.100	1.300	0.600	0.742	-0.200	0.300	-0.200	-0.200	7.500	1.414	0.500
0.0320	300.		0.104	0.629	2.400	3.500	1.100	4.400	0.700	-0.400	0.400	0.700	0.000	1.300	0.700	0.400	0.630	0.000	0.200	-0.100	-0.100	7.500	1.414	0.500
0.0500	300.		0.066	0.499	2.600	3.500	0.800	4.500	0.400	-0.400	0.300	0.600	0.000	1.200	0.800	0.300	0.499	0.000	0.200	-0.100	0.000	7.500	1.414	0.500
0.0800	300.		0.041	0.456	2.700	3.800	1.100	4.800	0.600	-0.500	-0.200	0.800	0.000	1.600	0.900	0.400	0.456	0.000	0.200	-0.100	0.000	7.500	1.414	0.500
0.1300	300.		0.025	0.346	3.400	5.300	2.500	6.800	2.200	-0.800	-0.800	-0.400	0.000	3.300	1.500	1.500	0.346	0.100	0.200	-0.100	0.000	7.300	1.414	0.500
0.2500	300.		0.013	0.250	3.100	6.200	5.200	8.700	2.600	-1.000	-1.100	-4.300	0.000	4.400	1.900	2.100	0.250	0.100	0.200	-0.100	0.000	6.200	1.414	0.500
0.4000	300.		0.008	0.140	5.700	8.800	11.600	15.600	4.500	-1.000	-2.400	-10.300	0.000	6.800	2.000	3.600	0.140	0.100	0.200	0.000	0.000	4.200	1.414	0.500
0.0080	400.		0.552	0.976	3.100	4.900	1.400	6.000	-0.500	-0.400	0.700	1.000	-0.500	0.500	0.800	1.000	1.013	-3.600	0.400	-0.300	-3.500	8.200	1.414	0.500
0.0130	400.		0.340	0.841	2.800	3.600	1.600	4.800	0.400	-0.600	0.700	1.300	-0.100	0.500	1.100	1.000	0.850	-1.100	0.400	-0.300	-1.000	8.000	1.414	0.500
0.0200	400.		0.221	0.739	2.800	3.400	1.500	4.700	-0.100	-0.300	0.500	1.300	0.000	0.200	0.700	0.900	0.742	-0.400	0.400	-0.300	-0.300	7.900	1.414	0.500
0.0320	400.		0.138	0.619	2.800	3.400	0.900	4.600	0.700	-0.400	0.100	0.400	0.000	0.800	0.800	0.300	0.619	-0.100	0.400	-0.200	-0.100	7.900	1.414	0.500
0.0500	400.		0.088	0.513	3.000	3.600	1.200	4.800	1.000	-0.500	-0.100	0.300	0.000	1.000	0.900	0.200	0.513	0.000	0.400	-0.200	0.000	7.900	1.414	0.500
0.0800	400.		0.055	0.455	3.100	3.600	1.700	5.100	0.300	-0.500	0.300	1.600	0.000	0.500	1.100	0.500	0.455	0.000	0.300	-0.200	0.000	7.800	1.414	0.500
0.1300	400.		0.034	0.373	3.800	4.200	1.700	5.900	1.400	-0.500	-0.900	-0.200	0.000	1.500	0.900	1.000	0.373	0.100	0.300	-0.100	0.000	7.600	1.414	0.500
0.2500	400.		0.018	0.241	3.500	4.900	4.300	7.400	2.400	-0.500	-1.100	-3.400	0.000	2.600	0.900	2.200	0.241	0.100	0.300	-0.100	0.000	6.500	1.414	0.500
0.4000	400.		0.011	0.155	6.200	5.800	10.000	13.200	2.900	-0.200	-1.800	-9.400	0.000	3.200	0.500	2.800	0.155	0.100	0.300	-0.100	0.000	4.400	1.414	0.500
0.0080	500.		0.690	1.026	4.200	5.000	0.900	6.600	-0.500	-0.300	-0.100	0.300	-0.700	0.500	0.600	0.100	1.091	-6.000	0.500	-0.500	-5.800	8.500	1.414	0.500
0.0130	500.		0.425	0.906	3.300	5.000	1.500	6.200	0.400	-0.400	0.700	1.200	-0.300	0.300	0.800	1.200	0.922	-1.800	0.500	-0.500	-1.600	8.400	1.414	0.500
0.0200	500.		0.276	0.792	3.300	3.700	1.300	5.200	0.700	-0.600	0.300	0.900	0.000	0.800	1.200	0.700	0.797	-0.600	0.500	-0.400	-0.500	8.300	1.414	0.500
0.0320	500.		0.173	0.654	3.300	3.600	1.700	5.200	-0.400	-0.200	0.600	1.500	0.000	0.400	0.400	1.300	0.655	-0.200	0.500	-0.400	-0.200	8.200	1.414	0.500
0.0500	500.		0.110	0.508	3.500	3.800	1.600	5.400	1.400	-0.500	0.200	0.400	0.000	1.300	1.000	0.400	0.509	0.000	0.500	-0.300	-0.100	8.100	1.414	0.500
0.0800	500.		0.069	0.445	3.600	3.700	0.800	5.200	0.300	-0.500	0.200	0.400	0.000	0.200	1.000	0.300	0.445	0.000	0.500	-0.300	0.000	8.000	1.414	0.500
0.1300	500.		0.042	0.368	4.300	4.000	1.500	6.100	1.000	0.200	-0.700	0.800	0.000	1.100	0.400	0.700	0.367	0.100	0.400	-0.200	0.000	7.800	1.414	0.500
0.1800	500.		0.031	0.287	4.900	4.900	2.300	7.300	1.900	-0.700	-1.200	0.300	0.000	1.800	1.300	1.900	0.286	0.100	0.400	-0.200	0.000	7.400	1.414	0.500
0.2500	500.		0.022	0.220	5.900	5.300	6.600	10.400	2.500	-0.800	-0.900	-6.000	0.000	2.500	1.500	1.900	0.220	0.100	0.400	-0.100	0.000	6.700	1.414	0.500
0.4000	500.		0.014	0.143	8.600	8.600	12.600	17.500	5.200	-0.800	-2.800	-11.100	0.000	5.000	1.500	5.100	0.143	0.200	0.400	-0.100	0.000	4.500	1.414	0.500
0.0130	650.		0.552	0.903	4.000	3.800	2.000	5.900	-1.100	0.200	0.900	1.300	-0.500	1.000	0.500	1.400	0.933	-3.200	0.700	-0.800	-3.000	8.800	1.414	0.500
0.0200	650.		0.359	0.718	4.100	3.700	1.400	5.700	0.700	-0.300	0.400	1.100	-0.200	0.700	0.600	1.000	0.727	-1.200	0.700	-0.800	-0.900	8.700	1.414	0.500
0.0320	650.		0.224	0.633	4.000	3.700	1.600	5.700	0.800	-0.500	0.400	1.200	0.000	0.700	0.900	0.700	0.635	-0.400	0.700	-0.700	-0.300	8.500	1.414	0.500
0.0500	650.		0.144	0.521	4.100	3.800	1.100	5.700	0.800	-0.500	0.400	0.400	0.000	0.900	0.900	0.500	0.522	-0.100	0.700	-0.600	-0.100	8.500	1.414	0.500
0.0800	650.		0.090	0.436	4.000	3.800	1.200	5.700	1.100	-0.300	0.100	0.600	0.000	1.100	0.500	0.200	0.436	0.000	0.700	-0.500	0.000	8.300	1.414	0.500
0.1300	650.		0.055	0.413	4.600	4.400	1.600	6.600	1.100	-0.900	-0.200	0.800	0.000	1.100	1.700	0.100	0.413	0.100	0.600	-0.400	0.000	8.100	1.414	0.500
0.1800	650.		0.040	0.309	5.300	5.200	2.700	7.900	2.500	-0.600	-0.800	-0.200	0.000	2.300	1.300	1.700	0.309	0.100	0.600	-0.300	0.000	7.700	1.414	0.500
0.2500	650.		0.029	0.246	6.200	6.200	6.100	10.600	3.600	-0.400	-1.600	-4.700	0.000	3.500	0.800	2.900	0.246	0.200	0.600	-0.200	0.000	6.900	1.414	0.500
0.4000	650.		0.018	0.125	9.900	7.300	9.000	15.200	3.900	-0.300	-1.900	-7.800	0.000	3.900	0.700	3.900	0.125	0.200	0.500	-0.200	0.000	4.700	1.414	0.500
0.6500	650.		0.011	0.021	14.300	7.800	13.700	21.300	2.900	-1.400	-0.900	-13.200	0.000	2.800	2.800	1.900	0.020	0.300	0.500	-0.100	0.000	-0.400	1.414	0.500
0.0130	800.		0.680	1.000	5.000	4.400	1.700	6.800	0.800	-1.100	0.100	0.700	-0.600	0.400	2.200	0.400	1.055	-5.200	1.000	-1.200	-4.700	9.100	1.414	0.500
0.0200	800.		0.442	0.796	4.600	4.000	1.600	6.300	0.600	0.400	0.900	1.100	-0.300	0.600	0.900	1.400	0.812	-1.900	1.000	-1.100	-1.500	9.000	1.414	0.500
0.0320	800.		0.276	0.709	4.500	3.800	1.400	6.000	0.800	-0.400	0.600	0.900	0.000	0.800	0.800	0.600	0.714	-0.700	1.000	-1.000	-0.400	8.900	1.414	0.500
0.0500	800.		0.177	0.540	4.600	3.800	1.000	6.000	0.500	-0.400	0.300	0.600	0.000	0.400	0.900	0.800	0.542	-0.300	0.900	-0.900	-0.100	8.700	1.414	0.500
0.0800	800.		0.110	0.474	4.600	3.900	1.400	6.200	0.400	-0.600	-0.300	1.200	0.000	0.500	1.100	0.400	0.474	-0.100	0.900	-0.700	0.000	8.600	1.414	0.500
0.1300	800.		0.068	0.370	5.400	4.400	1.800	7.200	1.700	-0.400	-0.400	-0.200	0.000	1.500	0.800	0.700	0.369	0.100	0.900	-0.600	0.000	8.300	1.414	0.500
0.1800	800.		0.049	0.333	6.000	4.700	1.600	7.800	1.300	-0.500	-0.500	-0.600	0.000	1.400	1.100	1.200	0.333	0.200	0.800	-0.400	0.000	7.900	1.414	0.500
0.2500	800.		0.035	0.208	7.500	4.900	2.900	9.400	1.900	-0.700	-0.600	-2.000	0.000	2.100	1.400	1.100	0.208	0.200	0.800	-0.300	0.000	7.100	1.414	0.500
0.4000	800.		0.022	0.150	9.600	6.900	8.000	14.200	3.300	0.400	-2.600	-6.800	0.000	3.000	0.800	4.200	0.150	0.300	0.700	-0.200	0.000	4.900	1.414	0.500
0.6500	800.		0.014	0.018	19.600	9.800	15.500	26.900	4.800	-0.500	-2.900	-14.500	0.000	4.800	0.900	4.800	0.018	0.300	0.600	-0.200	0.000	-0.300	1.414	0.500
0.0200	1000.		0.552	0.754	5.400	3.700	1.200	6.600	-0.200	-0.600	0.700	0.600	-0.500	0.300	1.100	1.100	0.779	-3.200	1.400	-1.800	-2.500	9.400	1.414	0.500
0.0320	1000.		0.345	0.639	5.600	3.600	2.000	6.900	0.600	-0.300	0.700	1.700	-0.100	0.600	0.500	1.200	0.647	-1.200	1.300	-1.600	-0.700	9.200	1.414	0.500
0.0500	1000.		0.221	0.566	5.100	3.600	1.000	6.400	-0.600	-0.600	0.300	0.400	0.000	0.700	1.100	0.900	0.569	-0.500	1.300	-1.400	-0.200	9.100	1.414	0.500
0.0800	1000.		0.138	0.431	5.300	3.500	1.300	6.500	0.200	-0.400	0.700	1.000	0.000	0.200	0.700	0.600	0.432	-0.200	1.200	-1.100	-0.100	8.900	1.414	0.500
0.1300	1000.		0.085	0.385	6.100	4.200	2.100	7.700	1.800	-0.500	-0.800	-0.800	0.000	1.700	1.000	1.000	0.384	0.000	1.200	-0.900	0.000	8.500	1.414	0.500
0.1800	1000.		0.061	0.341	6.700	4.000	1.500	7.900	0.900	-0.200	-0.600	1.100	0.000	0.900	0.400	0.800	0.340	0.200	1.100	-0.700	0.000	8.100	1.414	0.500
0.2500	1000.		0.044	0.244	7.800	4.600	2.800	9.500	1.800	-0.500	-1.100	-1.800	0.000	1.500	0.900	1.700	0.243	0.300	1.000	-0.500	0.000	7.300	1.414	0.500
0.4000	1000.		0.028	0.111	12.100	9.100	9.900	18.100	5.300	-1.200	-2.300	-7.900	0.000	5.400	2.300	5.300	0.111	0.400	1.000	-0.300	0.000	5.000	1.414	0.500
0.6500	1000.		0.017	0.013	25.000	9.500	11.700	29.200	4.200	-1.300	-3.300	-10.300	0.000	4.100	2.600	4.600	0.013	0.500	0.900	-0.200	0.000	-0.200	1.414	0.500
0.0200	1200.		0.663	0.737	7.200	3.500	1.100	8.100	-0.400	-0.300	0.500	0.600	-0.600	0.600	0.600	1.000	0.774	-4.800	1.800	-2.500	-3.700	9.600	1.414	0.500
0.0320	1200.		0.414	0.645	6.400	3.500	1.500	7.400	-0.400	0.100	0.800	1.100	-0.200	0.400	0.300	1.400	0.657	-1.900	1.700	-2.300	-1.000	9.500	1.414	0.500
0.0500	1200.		0.265	0.531	6.000	3.400	0.800	6.900	-0.100	-0.300	0.300	0.700	0.000	0.200	0.700	1.000	0.536	-0.900	1.700	-2.000	-0.300	9.300	1.414	0.500
0.0800	1200.		0.166	0.448	5.900	3.400	1.300	6.900	0.800	-0.300	0.600	0.700	0.000	0.800	0.500	0.600	0.450	-0.400	1.600	-1.600	-0.100	9.100	1.414	0.500
0.1300	1200.		0.102	0.391	6.800	3.500	1.100	7.800	0.700	-0.300	0.300	0.800	0.000	0.800	0.500	0.100	0.391	0.000	1.500	-1.200	0.000	8.800	1.414	0.500
0.1800	1200.		0.074	0.338	7.500	4.300	2.100	8.900	1.800	-0.600	-0.700	0.400	0.000	1.900	1.300	0.900	0.337	0.100	1.400	-1.000	0.000	8.300	1.414	0.500
0.2500	1200.		0.053	0.250	8.700	5.300	4.100	10.900	3.000	0.200	-1.200	-2.500	0.000	2.900	0.400	2.500	0.249	0.300	1.400	-0.800	0.000	7.500	1.414	0.500
0.4000	1200.		0.033	0.129	12.100	5.700	6.300	14.800	3.600	-0.400	-1.800	-4.800	0.000	3.400	0.800	2.100	0.129	0.500	1.200	-0.500	0.000	5.200	1.414	0.500
0.6500	1200.		0.020	0.017	24.200	11.100	13.600	29.900	5.900	-0.800	-3.400	-11.700	0.000	5.800	1.600	6.900	0.017	0.600	1.100	-0.300	0.000	-0.100	1.414	0.500
0.0200	1500.		0.828	0.789	9.200	4.800	1.700	10.500	-0.700	-0.300	-1.000	-0.600	-0.900	2.700	0.600	1.000	0.855	-7.700	2.400	-3.500	-6.100	9.700	1.414	0.500
0.0320	1500.		0.518	0.581	8.100	4.000	1.700	9.200	-0.200	-0.600	1.100	1.000	-0.400	0.600	1.200	1.700	0.601	-3.200	2.400	-3.500	-1.700	9.900	1.414	0.500
0.0500	1500.		0.331	0.486	7.200	3.600	1.400	8.100	0.400	-0.300	0.700	1.100	-0.100	0.400	0.700	1.200	0.494	-1.600	2.300	-3.000	-0.400	9.700	1.414	0.500
0.0800	1500.		0.207	0.457	6.800	3.500	1.000	7.800	0.900	-0.400	0.200	0.200	0.000	0.900	0.700	0.300	0.461	-0.800	2.200	-2.500	-0.100	9.400	1.414	0.500
0.1300	1500.		0.127	0.376	8.000	3.700	1.300	8.900	0.600	-0.200	0.300	1.000	0.000	0.700	0.500	0.600	0.377	-0.200	2.100	-1.900	0.000	9.000	1.414	0.500
0.1800	1500.		0.092	0.345	8.600	4.000	1.200	9.600	1.100	0.400	0.200	-0.400	0.000	0.900	0.800	0.800	0.345	0.100	2.000	-1.500	0.000	8.500	1.414	0.500
0.2500	1500.		0.066	0.268	9.400	4.900	3.100	11.000	2.700	-0.400	-1.100	-1.000	0.000	2.600	0.800	1.600	0.267	0.400	1.900	-1.100	0.000	7.700	1.414	0.500
0.4000	1500.		0.041	0.110	14.600	5.900	5.100	16.600	2.800	-0.200	-1.800	-3.900	0.000	2.800	0.300	3.000	0.109	0.700	1.700	-0.800	0.000	5.300	1.414	0.500
0.6500	1500.		0.025	0.009	37.800	13.100	14.600	42.600	7.900	-0.800	-4.700	-11.300	0.000	8.000	1.600	7.400	0.009	0.800	1.600	-0.500	0.000	0.000	1.414	0.500
0.0320	2000.		0.690	0.614	9.000	4.000	1.000	9.900	-0.400	-0.300	0.400	0.500	-0.700	1.300	0.500	0.800	0.653	-6.100	3.600	-5.900	-3.200	10.300	1.414	0.500
0.0500	2000.		0.442	0.541	8.700	4.000	1.500	9.700	0.100	-0.200	1.100	1.000	-0.300	0.500	0.300	1.500	0.559	-3.200	3.500	-5.300	-0.900	10.200	1.414	0.500
0.0800	2000.		0.276	0.428	8.300	3.700	1.100	9.100	0.400	0.100	0.400	1.000	0.000	0.100	0.200	1.000	0.436	-1.700	3.300	-4.300	-0.200	9.800	1.414	0.500
0.1300	2000.		0.170	0.340	9.600	4.100	1.400	10.600	1.300	-0.200	-0.200	-0.300	0.000	1.400	0.400	0.400	0.343	-0.700	3.100	-3.300	-0.100	9.400	1.414	0.500
0.1800	2000.		0.123	0.331	10.100	4.500	1.800	11.100	1.400	-0.600	0.600	0.700	0.000	1.500	1.100	0.700	0.331	-0.100	3.000	-2.600	0.000	8.800	1.414	0.500
0.2500	2000.		0.088	0.249	10.700	5.100	3.000	12.200	2.500	-0.300	-1.200	-1.100	0.000	2.500	0.700	1.800	0.248	0.400	2.800	-2.000	0.000	8.000	1.414	0.500
0.4000	2000.		0.055	0.114	15.100	6.500	5.100	17.200	3.800	0.500	-1.700	-2.900	0.000	3.700	0.900	2.900	0.113	0.900	2.600	-1.300	0.000	5.500	1.414	0.500
0.6500	2000.		0.034	0.011	37.800	13.200	13.300	42.200	7.300	0.500	-4.400	-10.300	0.000	7.200	1.000	7.900	0.011	1.200	2.300	-0.800	0.000	0.100	1.414	0.500
0.0500	3000.		0.663	0.513	7.300	3.800	1.400	8.400	0.700	-0.300	0.800	0.600	-0.600	0.800	0.600	1.500	0.558	-8.000	6.000	-11.000	-2.200	10.900	1.414	0.500
0.0800	3000.		0.414	0.458	7.700	4.000	1.300	8.700	-0.500	-0.200	0.900	0.700	-0.200	0.600	0.500	1.700	0.481	-4.800	5.800	-9.300	-0.500	10.600	1.414	0.500
0.1300	3000.		0.255	0.347	9.100	4.300	2.100	10.200	2.000	-0.200	0.100	0.600	0.000	2.100	0.500	0.100	0.356	-2.300	5.400	-7.000	-0.100	9.900	1.414	0.500
0.1800	3000.		0.184	0.324	9.200	4.000	1.000	10.000	0.600	-0.200	0.300	0.700	0.000	0.300	0.400	0.600	0.327	-1.000	5.100	-5.500	0.000	9.300	1.414	0.500
0.2500	3000.		0.133	0.242	9.900	4.400	2.200	11.100	2.100	-0.100	-0.400	-0.500	0.000	2.100	0.200	0.700	0.242	0.100	4.800	-4.200	0.000	8.300	1.414	0.500
0.4000	3000.		0.083	0.127	12.500	7.100	5.600	15.400	4.700	-0.300	-2.200	-2.100	0.000	4.600	0.600	3.500	0.126	1.300	4.400	-2.700	0.000	5.800	1.414	0.500
0.6500	3000.		0.051	0.012	30.100	10.900	10.200	33.600	6.200	-0.300	-3.200	-7.400	0.000	7.000	0.500	5.200	0.012	2.000	4.000	-1.600	0.000	0.200	1.414	0.500
0.0800	5000.		0.690	0.353	10.400	4.400	1.600	11.400	0.300	-0.300	1.100	0.900	-0.700	1.000	0.600	1.700	0.412	-14.300	10.800	-22.300	-1.800	11.600	1.414	0.500
0.1300	5000.		0.425	0.392	10.400	4.800	1.600	11.600	1.400	-0.300	0.400	0.500	-0.300	2.000	0.600	0.600	0.429	-8.700	10.100	-17.500	-0.400	11.000	1.414	0.500
0.1800	5000.		0.307	0.223	13.400	4.500	0.600	14.100	0.500	-0.100	0.200	0.200	-0.100	0.900	0.200	0.500	0.235	-5.100	9.600	-13.700	-0.100	10.100	1.414	0.500
0.2500	5000.		0.221	0.217	13.900	6.400	1.600	15.400	1.400	-0.300	-0.100	0.600	0.000	4.500	0.600	0.300	0.222	-2.100	9.000	-10.300	-0.100	8.900	1.414	0.500
0.4000	5000.		0.138	0.127	17.100	7.800	4.000	19.300	3.300	0.200	-1.400	-1.900	0.000	5.600	0.400	2.500	0.126	1.100	8.300	-6.500	0.000	6.100	1.414	0.500
0.6500	5000.		0.085	0.012	37.800	13.800	5.700	40.600	4.200	1.200	-2.600	-2.700	0.000	10.100	2.400	4.400	0.012	3.000	7.500	-4.000	0.000	0.300	1.414	0.500
0.1300	8000.		0.680	0.283	16.500	4.700	1.400	17.200	0.200	-0.200	0.800	0.900	-0.600	0.500	0.500	1.500	0.367	-23.000	16.600	-37.100	-1.200	12.400	1.414	0.500
0.1800	8000.		0.491	0.284	15.500	6.100	2.000	16.700	1.400	-0.100	0.900	1.100	-0.400	3.900	0.300	1.800	0.338	-16.000	15.600	-30.100	-0.400	11.500	1.414	0.500
0.2500	8000.		0.353	0.273	15.100	6.600	2.500	16.600	2.300	0.300	-0.500	-0.700	-0.200	4.800	0.700	0.500	0.300	-9.000	14.700	-22.600	-0.100	9.900	1.414	0.500
0.4000	8000.		0.221	0.093	24.200	9.800	1.500	26.200	1.400	-0.400	0.300	0.500	0.000	8.500	0.700	0.400	0.094	-1.500	13.500	-14.200	0.000	6.500	1.414	0.500
0.6500	8000.		0.136	0.013	44.700	18.300	7.500	48.900	6.300	1.200	-2.700	-3.000	0.000	15.600	2.400	4.800	0.012	3.100	12.300	-8.500	0.000	0.300	1.414	0.500
0.1800	12000.		0.736	0.153	34.400	3.800	2.000	34.600	1.600	-0.800	-0.400	0.000	-0.700	1.900	1.500	0.200	0.232	-34.300	22.200	-53.900	-1.100	13.400	1.414	0.500
0.2500	12000.		0.530	0.127	32.100	6.100	1.300	32.700	0.500	0.200	1.100	0.500	-0.400	5.100	0.400	1.600	0.165	-23.500	20.900	-42.600	-0.400	11.600	1.414	0.500
0.4000	12000.		0.331	0.085	33.300	11.200	2.400	35.200	2.300	0.100	0.200	0.200	-0.100	10.800	0.200	0.300	0.093	-8.800	19.200	-26.900	-0.100	7.300	1.414	0.500
0.6500	12000.		0.204	0.015	57.700	23.400	6.100	62.600	5.700	1.200	-1.600	-1.200	0.000	22.800	2.400	2.800	0.015	0.800	17.400	-15.900	0.000	0.400	1.414	0.500
0.2500	20000.		0.884	0.090	61.900	5.100	2.100	62.200	-1.000	-0.800	-1.300	-0.200	-1.000	3.100	1.600	1.600	0.188	-52.000	29.200	-78.300	-1.300	15.100	1.414	0.500
0.4000	20000.		0.552	0.142	35.700	9.600	2.200	37.000	1.300	-0.200	1.700	0.600	-0.500	8.800	0.400	2.300	0.206	-31.100	26.900	-56.300	-0.300	10.100	1.414	0.500
0.6500	20000.		0.340	0.021	70.700	40.400	9.700	82.000	9.500	1.900	-0.500	-0.300	-0.100	40.000	3.900	0.600	0.023	-10.000	24.400	-33.400	0.000	1.200	1.414	0.500
0.4000	30000.		0.828	0.182	71.900	9.400	1.800	72.600	0.800	-1.000	-0.700	-0.400	-0.900	6.800	2.100	1.600	0.438	-58.500	32.700	-88.700	-0.700	15.500	1.414	0.500
