!
! This datafile is a successor of the Dataset 8.
! H1 Collaboration, DESY
!
&Data
   Name  = 'H1 NC High Q2 e+p 99-00'
   NData =  147                        ! Number of data points
   NColumn =  24                       ! Number of all columns
   ColumnType = 3*'Bin','Sigma',20*'Error'
   ColumnName = 'x','Q2','y','reduced x-section','stat','uncor','ignore','ignore','h1_nc_high_beta_9','h1_nc_high_beta_15','h1_nc_high_beta_11','h1_nc_high_beta_5','B2','h1_nc_high_beta_16',8*'ignore','xlum_5','corlum'

   NInfo    = 4
   DataInfo =  318.,	+1.,	1.,	0.
   CInfo    = 'sqrt(S)','e charge','reduced','e polarity'

   IndexDataset = 8

   Reaction = 'NC e+-p'          

!x	Q2		y	sig_NC	stat	unc	cor	tot	c^E+	c^th+	c^h+	c^N+	c^B+	c^S+	sys	u^E	u^h	phi/Y+	F2	dF2	dF3	dFL	xlum	corlum

   Percent = 20*true

&END	
0.00131	100.		0.750	1.450	1.600	3.500	1.200	4.000	0.400	0.500	-0.100	0.100	0.000	1.100	3.600	0.600	0.000	1.450	0.000	0.000	0.000	0.000	1.414	0.500
0.00200	100.		0.492	1.388	1.400	2.100	1.800	3.100	-0.300	-0.600	1.300	0.100	-0.900	0.000	2.700	0.800	0.300	1.388	1.442	0.100	0.000	-3.800	1.414	0.500
0.00158	120.		0.750	1.404	1.800	2.700	1.100	3.300	-0.400	-0.300	0.200	0.100	0.000	0.900	2.700	0.300	0.000	1.404	0.000	0.000	0.000	0.000	1.414	0.500
0.00200	120.		0.591	1.338	1.500	2.000	1.500	2.900	-0.400	-0.300	0.800	0.200	-1.200	0.000	2.500	0.600	0.300	1.338	1.418	0.200	0.000	-5.800	1.414	0.500
0.00320	120.		0.369	1.220	1.300	1.800	1.400	2.600	-0.300	-1.100	0.600	0.100	-0.500	0.000	2.200	0.400	0.300	1.220	1.241	0.200	0.000	-1.800	1.414	0.500
0.00197	150.		0.750	1.398	2.000	2.700	1.200	3.500	-0.700	0.300	0.300	0.100	0.000	0.900	2.800	0.700	0.100	1.398	0.000	0.000	0.000	0.000	1.414	0.500
0.00320	150.		0.462	1.225	1.200	2.100	1.600	2.900	0.200	-0.700	1.000	0.900	-0.600	0.000	2.600	0.400	0.800	1.225	1.262	0.200	-0.100	-3.000	1.414	0.500
0.00500	150.		0.295	1.061	1.200	2.000	1.000	2.600	-0.100	-0.600	0.400	0.700	-0.100	0.000	2.200	0.500	0.400	1.061	1.071	0.200	0.000	-1.000	1.414	0.500
0.00800	150.		0.185	0.940	1.600	2.600	1.400	3.400	-0.600	-0.600	-0.900	-0.800	0.000	0.000	2.900	1.300	0.700	0.940	0.942	0.100	0.000	-0.300	1.414	0.500
0.00263	200.		0.750	1.284	2.200	2.600	1.200	3.500	0.200	-0.900	0.100	0.100	0.000	0.700	2.700	0.200	0.100	1.285	0.000	0.000	0.000	0.000	1.414	0.500
0.00320	200.		0.615	1.242	1.900	2.200	1.200	3.100	-0.200	0.000	0.300	0.500	-1.100	0.000	2.500	0.200	0.200	1.242	0.000	0.000	0.000	0.000	1.414	0.500
0.00500	200.		0.394	1.091	1.300	2.100	1.400	2.800	0.000	-0.600	0.900	0.900	-0.200	0.000	2.500	0.200	0.800	1.091	1.111	0.200	-0.100	-1.900	1.414	0.500
0.00800	200.		0.246	0.956	1.300	2.200	0.900	2.700	0.200	-0.600	0.500	0.600	0.000	0.000	2.300	0.900	0.500	0.956	0.961	0.200	-0.100	-0.600	1.414	0.500
0.01300	200.		0.151	0.801	1.400	2.000	0.900	2.600	0.300	-0.700	0.000	0.500	0.000	0.000	2.200	0.500	0.200	0.801	0.802	0.200	-0.100	-0.200	1.414	0.500
0.02000	200.		0.098	0.713	1.600	2.100	0.700	2.700	-0.400	-0.400	-0.400	0.200	0.000	0.000	2.200	0.500	0.200	0.713	0.713	0.200	-0.100	-0.100	1.414	0.500
0.03200	200.		0.062	0.583	1.800	2.500	1.200	3.300	-0.700	-0.600	-0.800	0.100	0.000	0.000	2.800	1.400	0.400	0.583	0.583	0.200	-0.100	0.000	1.414	0.500
0.05000	200.		0.039	0.516	2.000	3.400	2.600	4.700	-1.600	-0.700	-0.600	1.900	0.000	0.000	4.300	2.600	0.100	0.516	0.516	0.200	-0.100	0.000	1.414	0.500
0.08000	200.		0.025	0.401	2.300	3.400	2.200	4.700	-1.700	-0.400	-0.600	1.300	0.000	0.000	4.100	2.500	0.600	0.401	0.401	0.100	0.000	0.000	1.414	0.500
0.13000	200.		0.015	0.345	2.600	3.200	3.300	5.200	-0.900	-0.700	-0.900	-3.000	0.000	0.000	4.500	1.500	1.400	0.345	0.345	0.100	0.000	0.000	1.414	0.500
0.25000	200.		0.008	0.259	3.700	4.200	6.300	8.400	0.200	-0.700	-2.000	-5.900	0.000	0.000	7.500	0.900	2.800	0.259	0.259	0.100	0.000	0.000	1.414	0.500
0.40000	200.		0.005	0.129	4.800	4.300	11.500	13.200	-1.200	-0.800	-0.800	-11.400	0.000	0.000	12.300	1.800	1.700	0.129	0.128	0.100	0.000	0.000	1.414	0.500
0.00328	250.		0.750	1.250	2.500	2.700	1.400	3.800	-0.300	-0.900	0.600	0.000	0.000	0.800	2.900	0.300	0.100	1.251	0.000	0.000	0.000	0.000	1.414	0.500
0.00500	250.		0.492	1.120	1.600	2.100	1.200	2.900	-0.100	-0.300	0.800	0.800	-0.400	0.000	2.400	0.100	0.600	1.120	1.155	0.300	-0.100	-3.100	1.414	0.500
0.00800	250.		0.308	0.943	1.500	2.200	1.200	2.900	0.400	-0.500	0.600	0.900	0.000	0.000	2.500	0.700	0.800	0.943	0.951	0.300	-0.100	-1.000	1.414	0.500
0.01300	250.		0.189	0.833	1.500	2.300	0.900	2.900	0.500	-0.400	-0.400	0.600	0.000	0.000	2.500	1.100	0.300	0.833	0.835	0.200	-0.100	-0.300	1.414	0.500
0.02000	250.		0.123	0.710	1.500	2.400	1.000	3.000	0.600	-0.700	0.200	0.600	0.000	0.000	2.600	1.300	0.300	0.710	0.710	0.300	-0.100	-0.100	1.414	0.500
0.03200	250.		0.077	0.577	1.700	2.800	1.500	3.600	1.000	-0.800	-0.400	0.600	0.000	0.000	3.200	2.000	0.000	0.577	0.577	0.200	-0.100	0.000	1.414	0.500
0.05000	250.		0.049	0.514	1.800	2.600	1.800	3.600	0.500	-0.600	-0.400	1.600	0.000	0.000	3.200	1.600	0.200	0.513	0.513	0.200	-0.100	0.000	1.414	0.500
0.08000	250.		0.031	0.420	1.900	2.500	2.400	4.000	1.000	-1.000	-0.500	1.900	0.000	0.000	3.500	1.500	0.200	0.420	0.420	0.200	-0.100	0.000	1.414	0.500
0.13000	250.		0.019	0.342	2.000	3.500	1.900	4.500	1.200	-0.800	-0.800	-1.100	0.000	0.000	4.000	2.700	1.000	0.342	0.342	0.200	-0.100	0.000	1.414	0.500
0.25000	250.		0.010	0.273	2.700	5.700	5.900	8.600	2.500	-1.100	-1.500	-5.000	0.000	0.000	8.200	4.600	2.300	0.273	0.273	0.100	0.000	0.000	1.414	0.500
0.40000	250.		0.006	0.137	3.700	5.500	11.000	12.800	2.000	-1.000	-1.500	-10.700	0.000	0.000	12.200	4.000	2.400	0.137	0.137	0.100	0.000	0.000	1.414	0.500
0.00394	300.		0.750	1.189	2.700	2.700	1.000	3.900	-0.200	-0.500	0.600	0.100	0.000	0.700	2.800	0.200	0.200	1.190	0.000	0.000	0.000	0.000	1.414	0.500
0.00500	300.		0.591	1.132	2.500	2.600	1.400	3.800	-0.900	-0.700	0.300	0.300	-0.700	0.000	2.900	0.900	0.200	1.133	1.186	0.400	-0.200	-4.700	1.414	0.500
0.00800	300.		0.369	0.995	1.700	2.200	1.200	3.100	0.500	0.400	0.800	0.800	-0.100	0.000	2.500	0.400	0.800	0.995	1.008	0.300	-0.200	-1.400	1.414	0.500
0.01300	300.		0.227	0.842	1.700	2.200	1.000	3.000	0.100	-0.100	0.700	0.800	0.000	0.000	2.400	0.200	0.800	0.842	0.845	0.300	-0.200	-0.400	1.414	0.500
0.02000	300.		0.148	0.708	1.800	2.300	1.000	3.100	0.800	-0.600	0.100	0.200	0.000	0.000	2.500	1.000	0.200	0.708	0.708	0.300	-0.100	-0.200	1.414	0.500
0.03200	300.		0.092	0.607	1.900	2.600	1.300	3.500	0.900	-0.200	-0.500	0.800	0.000	0.000	2.900	1.600	0.100	0.607	0.606	0.300	-0.100	-0.100	1.414	0.500
0.05000	300.		0.059	0.491	2.100	2.900	1.500	3.900	1.000	-0.800	0.000	0.900	0.000	0.000	3.300	2.000	0.000	0.491	0.490	0.300	-0.100	0.000	1.414	0.500
0.08000	300.		0.037	0.440	2.100	3.000	2.300	4.300	0.900	-0.800	-0.300	2.000	0.000	0.000	3.800	2.100	0.200	0.440	0.440	0.200	-0.100	0.000	1.414	0.500
0.13000	300.		0.023	0.355	2.200	3.700	1.800	4.700	1.600	-0.600	-0.600	-0.200	0.000	0.000	4.100	2.900	0.900	0.355	0.355	0.200	-0.100	0.000	1.414	0.500
0.25000	300.		0.012	0.260	3.000	6.400	7.500	10.200	3.400	-1.000	-2.200	-6.300	0.000	0.000	9.800	5.200	2.600	0.260	0.260	0.200	0.000	0.000	1.414	0.500
0.40000	300.		0.007	0.152	4.100	6.800	9.100	12.100	3.900	-1.600	-0.900	-8.000	0.000	0.000	11.300	5.800	1.600	0.152	0.152	0.100	0.000	0.000	1.414	0.500
0.00525	400.		0.750	1.162	2.900	2.900	1.100	4.200	0.000	-0.800	0.400	0.000	0.000	0.600	3.000	0.000	0.200	1.163	0.000	0.000	0.000	0.000	1.414	0.500
0.00800	400.		0.492	1.026	2.200	2.400	1.500	3.500	0.500	-1.000	0.800	0.600	-0.400	0.000	2.800	0.500	0.700	1.027	1.053	0.500	-0.300	-2.700	1.414	0.500
0.01300	400.		0.303	0.893	2.000	2.300	1.000	3.200	0.100	0.100	0.700	0.800	0.000	0.000	2.500	0.000	0.700	0.894	0.899	0.500	-0.300	-0.800	1.414	0.500
0.02000	400.		0.197	0.731	2.100	2.500	1.400	3.500	1.000	0.300	0.400	0.800	0.000	0.000	2.800	1.100	0.500	0.732	0.732	0.400	-0.200	-0.300	1.414	0.500
0.03200	400.		0.123	0.608	2.100	2.300	0.900	3.200	0.600	-0.400	0.200	0.500	0.000	0.000	2.400	0.600	0.400	0.608	0.608	0.400	-0.200	-0.100	1.414	0.500
0.05000	400.		0.079	0.513	2.300	2.700	1.600	3.900	1.400	-0.200	-0.700	0.500	0.000	0.000	3.100	1.500	0.600	0.513	0.512	0.400	-0.200	0.000	1.414	0.500
0.08000	400.		0.049	0.445	2.400	2.400	2.100	4.000	0.300	-0.200	-0.100	2.100	0.000	0.000	3.200	0.400	0.400	0.445	0.444	0.400	-0.200	0.000	1.414	0.500
0.13000	400.		0.030	0.356	2.400	2.800	1.500	4.000	1.300	-0.500	-0.500	0.400	0.000	0.000	3.200	1.500	0.800	0.356	0.356	0.300	-0.100	0.000	1.414	0.500
0.25000	400.		0.016	0.244	3.300	4.300	6.100	8.200	2.600	-0.600	-1.700	-5.300	0.000	0.000	7.500	2.800	1.900	0.244	0.244	0.200	-0.100	0.000	1.414	0.500
0.40000	400.		0.010	0.150	4.700	4.800	9.100	11.300	1.900	-0.100	-1.400	-8.800	0.000	0.000	10.300	2.000	2.500	0.150	0.150	0.200	-0.100	0.000	1.414	0.500
0.00656	500.		0.750	1.021	3.300	2.900	1.100	4.500	0.100	-0.900	0.500	0.100	0.000	0.300	3.100	0.100	0.300	1.022	0.000	0.000	0.000	0.000	1.414	0.500
0.00800	500.		0.615	1.032	3.500	3.000	1.000	4.700	-0.800	-0.100	0.300	0.200	-0.500	0.000	3.100	0.700	0.300	1.033	0.000	0.000	0.000	0.000	1.414	0.500
0.01300	500.		0.379	0.896	2.400	2.700	1.800	4.000	1.200	-1.100	0.800	0.600	-0.100	0.000	3.200	1.100	0.700	0.897	0.906	0.600	-0.400	-1.300	1.414	0.500
0.02000	500.		0.246	0.720	2.500	2.500	1.400	3.800	-0.400	-1.000	0.500	0.900	0.000	0.000	2.900	0.400	0.800	0.721	0.722	0.700	-0.400	-0.400	1.414	0.500
0.03200	500.		0.154	0.619	2.500	2.500	1.000	3.600	0.900	-0.200	0.200	0.400	0.000	0.000	2.600	0.800	0.200	0.619	0.619	0.600	-0.300	-0.100	1.414	0.500
0.05000	500.		0.098	0.536	2.600	2.800	1.700	4.200	1.600	0.100	0.000	0.800	0.000	0.000	3.300	1.600	0.100	0.536	0.536	0.500	-0.300	0.000	1.414	0.500
0.08000	500.		0.062	0.440	2.800	2.600	1.400	4.100	1.100	0.400	-0.600	0.800	0.000	0.000	3.000	1.000	0.100	0.440	0.439	0.600	-0.300	0.000	1.414	0.500
0.13000	500.		0.038	0.344	3.400	2.700	2.300	4.900	0.700	0.700	-0.400	2.100	0.000	0.000	3.500	0.700	0.100	0.344	0.344	0.400	-0.200	0.000	1.414	0.500
0.18000	500.		0.027	0.294	3.700	3.700	2.600	5.900	2.000	0.600	-0.800	-1.300	0.000	0.000	4.500	2.000	1.400	0.294	0.294	0.400	-0.200	0.000	1.414	0.500
0.25000	500.		0.020	0.269	4.600	4.600	5.500	8.500	2.700	0.200	-1.100	-4.700	0.000	0.000	7.100	2.600	1.800	0.269	0.268	0.400	-0.100	0.000	1.414	0.500
0.40000	500.		0.012	0.166	6.600	8.000	12.300	16.100	5.300	1.100	-3.300	-10.600	0.000	0.000	14.700	5.300	3.400	0.166	0.166	0.300	-0.100	0.000	1.414	0.500
0.00853	650.		0.750	0.989	3.800	3.700	0.900	5.400	-0.600	-0.500	0.500	0.100	0.000	0.100	3.800	0.500	0.100	0.989	0.000	0.000	0.000	0.000	1.414	0.500
0.01300	650.		0.492	0.862	3.000	2.700	1.100	4.200	-0.200	-0.400	0.800	0.600	-0.200	0.000	2.900	0.200	0.700	0.863	0.882	0.900	-0.700	-2.300	1.414	0.500
0.02000	650.		0.320	0.750	3.000	2.800	1.000	4.200	0.200	0.200	0.800	0.600	0.000	0.000	2.900	0.200	1.000	0.751	0.755	0.800	-0.700	-0.700	1.414	0.500
0.03200	650.		0.200	0.609	2.900	2.700	1.400	4.200	0.800	-0.700	0.500	0.800	0.000	0.000	3.100	0.800	0.700	0.610	0.609	0.900	-0.600	-0.200	1.414	0.500
0.05000	650.		0.128	0.519	3.000	2.700	1.200	4.200	1.000	-0.500	0.100	0.600	0.000	0.000	3.000	0.900	0.100	0.520	0.518	0.800	-0.500	-0.100	1.414	0.500
0.08000	650.		0.080	0.442	3.200	2.800	1.700	4.600	1.100	-0.900	-0.600	0.900	0.000	0.000	3.300	1.100	0.100	0.442	0.441	0.700	-0.400	0.000	1.414	0.500
0.13000	650.		0.049	0.375	3.700	3.000	1.900	5.100	0.800	-0.900	-0.100	1.500	0.000	0.000	3.500	0.700	0.200	0.375	0.374	0.700	-0.300	0.000	1.414	0.500
0.18000	650.		0.036	0.299	4.300	4.500	3.400	7.100	2.900	-1.100	-1.100	-1.000	0.000	0.000	5.700	2.900	1.600	0.299	0.298	0.600	-0.300	0.000	1.414	0.500
0.25000	650.		0.026	0.253	5.200	5.600	5.500	9.400	3.100	-1.000	-2.100	-3.900	0.000	0.000	7.800	3.100	2.800	0.253	0.252	0.600	-0.200	0.000	1.414	0.500
0.40000	650.		0.016	0.147	8.100	7.900	12.500	16.800	4.500	-1.800	-2.700	-11.200	0.000	0.000	14.700	4.500	3.200	0.147	0.147	0.500	-0.100	0.000	1.414	0.500
0.01050	800.		0.750	0.948	4.500	4.200	1.500	6.300	0.900	-1.200	0.200	0.000	0.000	0.200	4.400	1.200	0.100	0.949	0.000	0.000	0.000	0.000	1.414	0.500
0.01300	800.		0.606	0.864	4.600	3.500	1.500	6.000	0.300	-1.500	0.200	0.300	-0.300	0.000	3.800	0.200	0.200	0.865	0.000	0.000	0.000	0.000	1.414	0.500
0.02000	800.		0.394	0.755	3.400	3.000	1.300	4.700	0.000	-0.500	1.000	0.800	-0.100	0.000	3.300	0.100	1.100	0.756	0.764	1.100	-1.000	-1.100	1.414	0.500
0.03200	800.		0.246	0.584	3.600	2.900	0.800	4.700	-0.800	0.000	0.200	0.300	-0.100	0.000	3.000	0.700	0.300	0.585	0.586	1.100	-0.900	-0.300	1.414	0.500
0.05000	800.		0.158	0.554	3.500	2.900	0.900	4.600	0.600	0.500	0.500	0.300	0.000	0.000	3.000	0.500	0.500	0.555	0.553	1.100	-0.800	-0.100	1.414	0.500
0.08000	800.		0.098	0.451	3.800	3.000	1.200	5.000	0.700	-0.500	-0.400	0.800	0.000	0.000	3.200	0.700	0.200	0.451	0.450	1.000	-0.600	0.000	1.414	0.500
0.13000	800.		0.061	0.358	4.500	3.500	2.100	6.100	1.100	-1.400	0.000	1.300	0.000	0.000	4.100	1.100	0.900	0.358	0.357	1.000	-0.500	0.000	1.414	0.500
0.18000	800.		0.044	0.324	4.900	4.100	2.200	6.700	1.800	-0.300	-0.400	1.100	0.000	0.000	4.700	1.800	1.200	0.324	0.323	0.900	-0.400	0.000	1.414	0.500
0.25000	800.		0.032	0.257	5.800	6.200	6.600	10.700	4.000	-1.300	-2.000	-4.700	0.000	0.000	9.000	4.000	2.500	0.257	0.256	0.800	-0.300	0.000	1.414	0.500
0.40000	800.		0.020	0.128	9.500	8.500	8.600	15.400	5.200	-1.800	-1.800	-6.500	0.000	0.000	12.100	5.000	3.400	0.128	0.127	0.700	-0.200	0.000	1.414	0.500
0.65000	800.		0.012	0.0186	16.400	10.400	12.900	23.300	2.900	0.700	-2.200	-12.400	0.000	0.000	16.500	2.800	2.200	0.019	0.018	2.500	-0.100	0.000	1.414	0.500
0.01300	1000.		0.757	0.886	5.000	3.700	1.500	6.400	-0.200	-0.600	0.600	0.100	-1.200	0.000	4.000	0.100	0.300	0.888	0.000	0.000	0.000	0.000	1.414	0.500
0.02000	1000.		0.492	0.745	3.900	3.000	1.500	5.200	0.100	-0.700	1.100	0.800	-0.200	0.000	3.400	0.000	1.200	0.746	0.761	1.600	-1.600	-1.900	1.414	0.500
0.03200	1000.		0.308	0.653	4.000	3.300	2.200	5.600	1.500	-1.500	0.700	0.600	0.000	0.000	4.000	1.500	1.000	0.653	0.656	1.500	-1.400	-0.500	1.414	0.500
0.05000	1000.		0.197	0.556	4.100	3.100	1.700	5.500	1.300	-1.100	0.000	0.200	0.000	0.000	3.600	1.400	0.000	0.557	0.557	1.400	-1.200	-0.200	1.414	0.500
0.08000	1000.		0.123	0.461	4.300	3.000	0.900	5.300	0.900	0.000	0.000	0.400	0.000	0.000	3.100	0.900	0.000	0.462	0.460	1.400	-1.000	0.000	1.414	0.500
0.13000	1000.		0.076	0.412	5.200	3.400	2.100	6.500	0.800	0.100	0.300	1.900	0.000	0.000	4.000	0.700	0.000	0.413	0.410	1.300	-0.800	0.000	1.414	0.500
0.18000	1000.		0.055	0.319	5.700	3.600	1.200	6.800	1.100	-0.600	-0.300	-0.100	0.000	0.000	3.800	1.100	0.000	0.319	0.317	1.200	-0.600	0.000	1.414	0.500
0.25000	1000.		0.039	0.263	6.300	4.800	3.300	8.600	2.300	0.800	-1.400	-1.800	0.000	0.000	5.800	2.200	2.000	0.263	0.261	1.200	-0.500	0.000	1.414	0.500
0.40000	1000.		0.025	0.130	10.100	7.300	6.200	14.000	3.600	0.300	-1.300	-4.900	0.000	0.000	9.600	3.600	2.900	0.130	0.129	1.000	-0.300	0.000	1.414	0.500
0.65000	1000.		0.015	0.0221	17.700	12.300	17.700	27.900	5.400	0.400	-4.600	-16.300	0.000	0.000	21.600	5.400	4.800	0.022	0.021	3.500	-0.200	0.000	1.414	0.500
0.02000	1200.		0.591	0.777	4.800	3.000	1.500	5.900	0.300	-0.900	1.100	0.700	-0.100	0.000	3.400	0.400	0.900	0.779	0.803	2.100	-2.300	-2.900	1.414	0.500
0.03200	1200.		0.369	0.648	4.500	2.800	1.200	5.400	0.200	0.200	1.000	0.700	0.000	0.000	3.000	0.200	1.200	0.649	0.655	2.000	-2.000	-0.800	1.414	0.500
0.05000	1200.		0.236	0.476	4.900	2.600	1.800	5.800	0.900	-1.600	-0.300	0.400	0.000	0.000	3.200	0.900	0.300	0.477	0.477	1.900	-1.800	-0.200	1.414	0.500
0.08000	1200.		0.148	0.468	4.800	2.700	1.500	5.700	0.900	-1.200	0.200	0.400	0.000	0.000	3.100	0.900	0.300	0.469	0.467	1.900	-1.400	-0.100	1.414	0.500
0.13000	1200.		0.091	0.422	5.700	3.300	1.800	6.800	1.600	-0.700	-0.300	0.500	0.000	0.000	3.800	1.700	0.400	0.423	0.420	1.700	-1.100	0.000	1.414	0.500
0.18000	1200.		0.066	0.324	6.500	3.100	1.200	7.300	0.700	-0.700	-0.100	0.800	0.000	0.000	3.300	0.700	0.100	0.324	0.322	1.600	-0.900	0.000	1.414	0.500
0.25000	1200.		0.047	0.268	7.000	3.800	2.100	8.300	1.600	-0.800	-1.000	-0.300	0.000	0.000	4.400	1.600	1.300	0.268	0.266	1.600	-0.700	0.000	1.414	0.500
0.40000	1200.		0.030	0.118	11.600	7.800	9.600	16.900	5.200	-1.300	-3.200	-7.300	0.000	0.000	12.400	5.200	3.800	0.118	0.117	1.400	-0.400	0.000	1.414	0.500
0.65000	1200.		0.018	0.0238	19.600	13.600	15.000	28.200	9.000	-2.800	-4.000	-11.000	0.000	0.000	20.300	9.100	5.400	0.024	0.023	3.900	-0.300	0.000	1.414	0.500
0.02000	1500.		0.738	0.728	6.400	3.800	1.100	7.500	-0.600	-0.700	0.000	0.000	-0.700	0.000	4.000	1.100	0.400	0.730	0.000	0.000	0.000	0.000	1.414	0.500
0.03200	1500.		0.462	0.597	5.900	3.300	1.100	6.800	0.000	-0.500	1.000	0.400	0.000	0.000	3.500	0.400	1.300	0.598	0.609	2.600	-3.100	-1.300	1.414	0.500
0.05000	1500.		0.295	0.585	5.200	2.800	0.800	6.000	0.500	0.500	0.300	0.400	0.000	0.000	2.900	0.500	0.400	0.586	0.590	2.500	-2.700	-0.400	1.414	0.500
0.08000	1500.		0.185	0.427	5.500	2.700	1.000	6.200	0.300	-0.500	0.600	0.500	0.000	0.000	2.900	0.300	0.500	0.428	0.427	2.500	-2.200	-0.100	1.414	0.500
0.13000	1500.		0.114	0.344	6.700	3.100	1.100	7.400	0.600	-0.600	-0.300	0.600	0.000	0.000	3.200	0.500	0.300	0.345	0.343	2.200	-1.700	0.000	1.414	0.500
0.18000	1500.		0.082	0.329	7.100	3.600	2.700	8.400	1.800	-1.800	-0.300	0.900	0.000	0.000	4.500	1.800	0.100	0.330	0.327	2.200	-1.300	0.000	1.414	0.500
0.25000	1500.		0.059	0.226	8.000	4.200	2.700	9.400	2.300	-1.000	-0.700	0.700	0.000	0.000	4.900	2.300	1.100	0.226	0.224	2.100	-1.000	0.000	1.414	0.500
0.40000	1500.		0.037	0.104	12.100	6.700	7.300	15.700	3.200	1.300	-3.500	-5.400	0.000	0.000	9.900	3.200	3.900	0.104	0.103	1.800	-0.600	0.000	1.414	0.500
0.65000	1500.		0.023	0.0166	30.200	14.400	13.000	35.900	8.500	-2.700	-3.900	-8.700	0.000	0.000	19.400	8.400	5.600	0.017	0.016	4.400	-0.400	0.000	1.414	0.500
0.03200	2000.		0.615	0.642	6.400	3.900	1.600	7.700	0.600	-0.500	1.300	0.500	0.000	0.000	4.200	0.500	1.500	0.644	0.671	3.800	-5.300	-2.500	1.414	0.500
0.05000	2000.		0.394	0.472	7.400	3.700	1.700	8.400	1.200	-0.600	0.800	0.600	0.000	0.000	4.000	0.900	0.900	0.473	0.481	3.800	-4.700	-0.700	1.414	0.500
0.08000	2000.		0.246	0.405	6.700	3.200	1.500	7.600	-0.400	-1.000	0.800	0.700	0.000	0.000	3.500	0.400	0.900	0.406	0.408	3.500	-3.800	-0.200	1.414	0.500
0.13000	2000.		0.151	0.368	7.400	3.600	1.700	8.400	1.600	-0.800	0.100	0.000	0.000	0.000	4.000	1.500	0.400	0.369	0.367	3.300	-2.800	0.000	1.414	0.500
0.18000	2000.		0.109	0.342	8.300	3.700	1.000	9.200	0.300	0.200	-0.800	0.500	0.000	0.000	3.900	0.300	0.600	0.343	0.340	3.100	-2.200	0.000	1.414	0.500
0.25000	2000.		0.079	0.233	9.000	4.400	2.300	10.200	2.200	-0.300	-0.600	-0.300	0.000	0.000	4.900	2.100	1.000	0.233	0.230	3.000	-1.700	0.000	1.414	0.500
0.40000	2000.		0.049	0.108	12.400	7.500	6.800	16.000	5.300	-0.900	-2.400	-3.300	0.000	0.000	10.100	5.300	2.600	0.108	0.106	2.800	-1.100	0.000	1.414	0.500
0.65000	2000.		0.030	0.0294	23.600	14.700	14.200	31.300	7.400	-1.400	-3.900	-11.400	0.000	0.000	20.500	7.400	6.900	0.029	0.029	3.200	-0.700	0.000	1.414	0.500
0.05000	3000.		0.591	0.551	5.600	3.600	1.500	6.800	0.000	-0.700	1.200	0.600	-0.100	0.000	3.900	0.400	1.400	0.553	0.585	6.300	-9.900	-1.700	1.414	0.500
0.08000	3000.		0.369	0.439	6.200	3.600	1.800	7.400	1.200	-0.500	0.900	0.800	0.000	0.000	4.000	0.500	1.100	0.441	0.452	6.000	-8.200	-0.400	1.414	0.500
0.13000	3000.		0.227	0.340	7.300	3.700	0.900	8.200	0.800	-0.400	-0.400	0.100	0.000	0.000	3.800	1.000	0.500	0.341	0.343	5.700	-6.100	-0.100	1.414	0.500
0.18000	3000.		0.164	0.313	7.800	5.000	3.200	9.800	3.100	-0.300	-0.500	0.100	0.000	0.000	5.900	3.300	1.000	0.314	0.312	5.300	-4.700	0.000	1.414	0.500
0.25000	3000.		0.118	0.195	9.700	4.000	2.400	10.800	2.300	0.400	-0.700	0.000	0.000	0.000	4.700	1.100	0.700	0.195	0.192	5.100	-3.600	0.000	1.414	0.500
0.40000	3000.		0.074	0.108	11.500	5.500	3.300	13.100	2.900	0.300	-1.200	-1.100	0.000	0.000	6.400	2.800	1.400	0.108	0.106	4.600	-2.300	0.000	1.414	0.500
0.65000	3000.		0.045	0.0118	28.900	12.400	11.400	33.400	6.600	1.200	-3.500	-8.600	0.000	0.000	16.800	6.700	5.400	0.012	0.011	5.700	-1.400	0.000	1.414	0.500
0.08000	5000.		0.615	0.422	7.000	4.100	1.500	8.200	0.100	-0.600	1.300	0.500	-0.100	0.000	4.300	0.900	1.600	0.425	0.475	11.000	-20.100	-1.400	1.414	0.500
0.13000	5000.		0.379	0.339	8.300	4.300	0.900	9.300	0.600	-0.200	0.600	0.200	0.000	0.000	4.300	1.200	1.000	0.341	0.359	10.400	-15.200	-0.300	1.414	0.500
0.18000	5000.		0.273	0.263	9.400	4.700	0.500	10.500	-0.500	-0.100	-0.100	0.000	0.000	0.000	4.700	2.200	0.300	0.263	0.269	9.900	-11.800	-0.100	1.414	0.500
0.25000	5000.		0.197	0.301	9.600	9.000	2.900	13.400	2.800	-0.500	-0.600	0.300	0.000	0.000	9.400	7.500	1.300	0.302	0.300	9.400	-8.800	0.000	1.414	0.500
0.40000	5000.		0.123	0.130	12.300	5.900	1.200	13.700	1.100	0.200	0.300	0.500	0.000	0.000	6.100	2.500	0.300	0.130	0.127	8.300	-5.500	0.000	1.414	0.500
0.65000	5000.		0.076	0.0076	40.900	21.300	13.200	47.900	8.900	2.400	-6.300	-7.100	0.000	0.000	25.000	17.100	7.900	0.008	0.007	8.900	-3.400	0.000	1.414	0.500
0.13000	8000.		0.606	0.344	11.000	5.400	1.000	12.300	0.600	0.300	0.700	0.100	-0.100	0.000	5.500	1.800	1.200	0.347	0.419	17.000	-33.100	-0.900	1.414	0.500
0.18000	8000.		0.438	0.361	10.700	6.300	1.600	12.500	0.900	-1.000	0.900	0.100	0.000	0.000	6.500	3.100	1.700	0.364	0.406	15.800	-26.100	-0.300	1.414	0.500
0.25000	8000.		0.315	0.224	13.100	6.700	2.500	14.900	2.400	0.400	0.200	0.700	0.000	0.000	7.100	3.900	0.000	0.224	0.234	15.200	-19.400	-0.100	1.414	0.500
0.40000	8000.		0.197	0.0982	18.000	9.800	3.200	20.700	3.200	-0.300	-0.300	0.000	0.000	0.000	10.300	7.200	1.200	0.098	0.097	13.400	-12.000	0.000	1.414	0.500
0.65000	8000.		0.121	0.0228	28.900	26.600	11.000	40.700	8.200	4.100	-4.700	-4.000	0.000	0.000	28.700	22.700	6.300	0.023	0.021	14.500	-7.300	0.000	1.414	0.500
0.18000	12000.		0.656	0.233	19.500	4.600	2.000	20.100	-0.900	-1.800	0.400	0.200	-0.300	0.000	5.000	2.800	0.400	0.236	0.320	22.700	-48.100	-0.900	1.414	0.500
0.25000	12000.		0.473	0.117	23.600	7.100	1.500	24.700	1.000	0.600	0.900	0.300	0.000	0.000	7.300	6.100	1.500	0.117	0.139	21.100	-36.700	-0.300	1.414	0.500
0.40000	12000.		0.295	0.0424	35.400	11.600	2.000	37.300	1.800	0.700	-0.300	0.100	0.000	0.000	11.800	11.100	0.200	0.043	0.044	19.100	-22.600	-0.100	1.414	0.500
0.65000	12000.		0.182	0.0179	40.800	27.400	9.000	50.000	6.400	5.100	-3.600	-1.100	0.000	0.000	28.900	26.200	4.800	0.018	0.017	19.100	-13.500	0.000	1.414	0.500
0.25000	20000.		0.788	0.106	38.300	4.800	2.000	38.700	1.100	-1.500	0.900	0.100	-0.400	0.000	5.200	2.900	0.600	0.109	0.192	29.500	-71.800	-1.000	1.414	0.500
0.40000	20000.		0.492	0.0381	50.000	11.500	2.400	51.400	2.100	0.700	0.900	0.300	0.000	0.000	11.700	11.000	1.600	0.038	0.049	26.700	-48.000	-0.200	1.414	0.500
0.65000	20000.		0.303	0.011	70.700	38.000	7.700	80.600	5.900	4.900	-0.700	-0.300	0.000	0.000	38.700	37.500	1.000	0.011	0.011	26.200	-28.600	0.000	1.414	0.500
0.40000	30000.		0.738	0.164	46.100	13.400	2.400	48.100	-0.500	-2.200	-0.400	0.200	-0.900	0.000	13.700	12.500	0.900	0.168	0.319	32.400	-79.100	-0.500	1.414	0.500
