    1   'Adbar'    0.109795    0.003382
    2   'Adv'    1.000000    0.000000
    3   'Ag'    1.000000    0.000000
    4   'Agp'    0.263478    0.023613
    5   'Aubar'    0.161300    0.000000
    6   'Auv'    1.000000    0.000000
    7   'Bdbar'   -0.183094    0.003420
    8   'Bdv'    0.866295    0.052891
    9   'Bg'   -0.191369    0.009285
   10   'Bgp'   -0.324289    0.010446
   11   'Bubar'   -0.127300    0.000000
   12   'Buv'    0.669604    0.015415
   13   'Cdbar'    9.480359    1.451658
   14   'Cdv'    4.975927    0.282977
   15   'Cg'   12.568988    0.489097
   16   'Cgp'   25.000000    0.000000
   17   'Cubar'    9.821252    0.439590
   18   'Cuv'    5.163476    0.061040
   19   'Dubar'   16.649104    1.583853
   20   'Duv'    0.000000    0.000000
   21   'Euv'   13.357046    0.963797
   22   'ZERO'    0.000000    0.000000
   23   'alphas'    0.101355    0.000893
   24   'fs'    0.400000    0.000000
