    1   'Adbar'    0.109795    0.006467
    2   'Adv'    1.000000    0.000000
    3   'Ag'    1.000000    0.000000
    4   'Agp'    0.263478    0.291538
    5   'Aubar'    0.161300    0.000000
    6   'Auv'    1.000000    0.000000
    7   'Bdbar'   -0.183094    0.006082
    8   'Bdv'    0.866295    0.083638
    9   'Bg'   -0.191369    0.106118
   10   'Bgp'   -0.324289    0.031545
   11   'Bubar'   -0.127300    0.000000
   12   'Buv'    0.669604    0.034744
   13   'Cdbar'    9.480359    1.949689
   14   'Cdv'    4.975927    0.391335
   15   'Cg'   12.568988    2.817438
   16   'Cgp'   25.000000    0.000000
   17   'Cubar'    9.821252    0.984741
   18   'Cuv'    5.163476    0.095283
   19   'Dubar'   16.649104    4.494774
   20   'Duv'    0.000000    0.000000
   21   'Euv'   13.357046    1.916695
   22   'ZERO'    0.000000    0.000000
   23   'alphas'    0.101355    0.002887
   24   'fs'    0.400000    0.000000
