    1   'Ag'    1.000000    0.000000
    2   'As'    1.321028    0.251504
    3   'Av'    1.000000    0.000000
    4   'ZERO'    0.000000    0.000000
    5   'delBg'    0.000000    1.414214
    6   'delBs'   -0.727147    0.036891
    7   'delBv'   -0.007931    0.005310
    8   'delCg'  -13.057171    0.129971
    9   'delCs'   -1.365719    0.252795
   10   'delCv'   -0.009614    0.018051
   11   'delDg'    0.000000    0.000000
   12   'delDs'    0.000000    0.000000
   13   'delDv'    0.000000    0.000000
   14   'delEg'    0.000000    0.000000
   15   'delEs'    0.932185    0.177389
   16   'delEv'   -0.037524    0.009426
   17   'delFs'    1.265063    0.135418
   18   'delFv'   -0.030184    0.007516
   19   'delGs'    0.000000    0.000000
   20   'delGv'    0.000000    0.000000
   21   'gifl'    0.000000    0.000000
   22   'sifl'    1.000000    0.000000
   23   'vifl'    2.000000    0.000000
