    1   'Ag'    1.000000    0.000000
    2   'As'    0.254231    0.017133
    3   'Av'    1.000000    0.000000
    4   'ZERO'    0.000000    0.000000
    5   'delBg'    0.000000    0.007733
    6   'delBs'   -1.025092    0.037345
    7   'delBv'   -0.015433    0.011405
    8   'delCg'  -15.886755   28.678742
    9   'delCs'   -1.858036    0.214692
   10   'delCv'   -0.065649    0.032503
   11   'delDg'    0.000000    0.000000
   12   'delDs'    0.000000    0.000000
   13   'delDv'    0.000000    0.000000
   14   'delEg'    0.000000    0.000000
   15   'delEs'    4.308373    0.383805
   16   'delEv'    0.096716    0.016229
   17   'delFs'    5.396308    1.000444
   18   'delFv'    0.102095    0.014003
   19   'delGs'    0.000000    0.000000
   20   'delGv'    0.000000    0.000000
   21   'gifl'    0.000000    0.000000
   22   'sifl'    1.000000    0.000000
   23   'vifl'    2.000000    0.000000
