          11
     2263673
 FASER$\nu$2 inclusive $\nu_{\mu}$                                               
Plot1@Experiment:FASER#nu2 inclusive #nu_{#mu}@ExtraLabel:#nu p (CC) @XTitle: x @YTitle: d^{2}#sigma/dxdQ^{2} @Title:Q^{2} > 4 @Ymin:0.01@Xlog@Ylog
Plot2@Experiment:FASER#nu2 inclusive #nu_{#mu}@ExtraLabel:#nu p (CC) @XTitle: x @YTitle: d^{2}#sigma/dxdQ^{2} @Title:Q^{2} > 10 @Ymin:0.01@Xlog@Ylog
Plot3@Experiment:FASER#nu2 inclusive #nu_{#mu}@ExtraLabel:#nu p (CC) @XTitle: x @YTitle: d^{2}#sigma/dxdQ^{2} @Title:Q^{2} > 100 @Ymin:0.01@Xlog@Ylog
Plot4@Experiment:FASER#nu2 inclusive #nu_{#mu}@ExtraLabel:#nu p (CC) @XTitle: x @YTitle: d^{2}#sigma/dxdQ^{2} @Title:Q^{2} > 1000 @Ymin:0.01@Xlog@Ylog
 x           Q2          dummy          data      +- uncor     +- tot     th orig         th mod   therr+         therr-     pull    iset       iplot
 0.20989E-02 0.57602E+01 0.00000E+00 0.58263E+01 0.68744E+00 0.68512E+00 0.58958E+01 0.58762E+01 0.15280E+00 0.15280E+00 -.72650E-01      2263673   2/0.20989E-02
 0.28663E-02 0.61423E+01 0.00000E+00 0.42931E+01 0.40326E+00 0.40347E+00 0.42829E+01 0.42720E+01 0.10038E+00 0.10038E+00 0.52416E-01      2263673   2/0.28663E-02
 0.39346E-02 0.62825E+01 0.00000E+00 0.31752E+01 0.26307E+00 0.26413E+00 0.30927E+01 0.30876E+01 0.65534E-01 0.65534E-01 0.33304E+00      2263673   2/0.39346E-02
 0.39573E-02 0.15396E+02 0.00000E+00 0.37215E+01 0.30158E+00 0.31036E+00 0.34535E+01 0.34478E+01 0.71943E-01 0.71943E-01 0.90779E+00      2263673   3/0.39573E-02
 0.53944E-02 0.64056E+01 0.00000E+00 0.21827E+01 0.15643E+00 0.15576E+00 0.22564E+01 0.22551E+01 0.43382E-01 0.43382E-01 -.46312E+00      2263673   2/0.53944E-02
 0.54440E-02 0.16841E+02 0.00000E+00 0.23343E+01 0.13655E+00 0.13480E+00 0.24274E+01 0.24254E+01 0.46792E-01 0.46792E-01 -.66732E+00      2263673   3/0.54440E-02
 0.73953E-02 0.65784E+01 0.00000E+00 0.15545E+01 0.10322E+00 0.10281E+00 0.16151E+01 0.16158E+01 0.28888E-01 0.28888E-01 -.59396E+00      2263673   2/0.73953E-02
 0.74684E-02 0.19000E+02 0.00000E+00 0.17101E+01 0.98052E-01 0.98007E-01 0.17151E+01 0.17151E+01 0.30518E-01 0.30518E-01 -.51635E-01      2263673   3/0.74684E-02
 0.10102E-01 0.66230E+01 0.00000E+00 0.12169E+01 0.56039E-01 0.56400E-01 0.11648E+01 0.11665E+01 0.18817E-01 0.18817E-01 0.89943E+00      2263673   2/0.10102E-01
 0.10206E-01 0.21316E+02 0.00000E+00 0.12576E+01 0.58228E-01 0.58483E-01 0.12127E+01 0.12137E+01 0.19600E-01 0.19600E-01 0.75455E+00      2263673   3/0.10206E-01
 0.13876E-01 0.66784E+01 0.00000E+00 0.79938E+00 0.34579E-01 0.34402E-01 0.83081E+00 0.83275E+00 0.11632E-01 0.11632E-01 -.96500E+00      2263673   2/0.13876E-01
 0.13990E-01 0.24650E+02 0.00000E+00 0.91486E+00 0.40346E-01 0.40478E-01 0.87574E+00 0.87692E+00 0.12826E-01 0.12826E-01 0.94031E+00      2263673   3/0.13990E-01
 0.19034E-01 0.67492E+01 0.00000E+00 0.57936E+00 0.28591E-01 0.28549E-01 0.59010E+00 0.59198E+00 0.68972E-02 0.68972E-02 -.44139E+00      2263673   2/0.19034E-01
 0.19181E-01 0.27891E+02 0.00000E+00 0.62914E+00 0.27191E-01 0.27226E-01 0.61251E+00 0.61376E+00 0.75308E-02 0.75308E-02 0.56565E+00      2263673   3/0.19181E-01
 0.19675E-01 0.12406E+03 0.00000E+00 0.56713E+00 0.68451E-01 0.68807E-01 0.55796E+00 0.55905E+00 0.66081E-02 0.66081E-02 0.11815E+00      2263673   4/0.19675E-01
 0.25853E-01 0.72799E+01 0.00000E+00 0.43661E+00 0.37934E-01 0.37960E-01 0.42531E+00 0.42698E+00 0.41456E-02 0.41456E-02 0.25387E+00      2263673   2/0.25853E-01
 0.26328E-01 0.31248E+02 0.00000E+00 0.43332E+00 0.16035E-01 0.16050E-01 0.42351E+00 0.42464E+00 0.42875E-02 0.42875E-02 0.54146E+00      2263673   3/0.26328E-01
 0.26832E-01 0.13431E+03 0.00000E+00 0.40327E+00 0.29900E-01 0.30239E-01 0.38273E+00 0.38370E+00 0.37923E-02 0.37923E-02 0.65453E+00      2263673   4/0.26832E-01
 0.35304E-01 0.82902E+01 0.00000E+00 0.29834E+00 0.39490E-01 0.39484E-01 0.30115E+00 0.30237E+00 0.25281E-02 0.25281E-02 -.10215E+00      2263673   2/0.35304E-01
 0.36138E-01 0.34865E+02 0.00000E+00 0.29241E+00 0.10112E-01 0.10112E-01 0.29188E+00 0.29280E+00 0.24459E-02 0.24459E-02 -.38855E-01      2263673   3/0.36138E-01
 0.36733E-01 0.14544E+03 0.00000E+00 0.25862E+00 0.12539E-01 0.12527E-01 0.26005E+00 0.26081E+00 0.21683E-02 0.21683E-02 -.17482E+00      2263673   4/0.36733E-01
 0.45562E-01 0.92623E+01 0.00000E+00 0.22921E+00 0.47923E-01 0.47939E-01 0.22587E+00 0.22668E+00 0.17129E-02 0.17129E-02 0.52799E-01      2263673   2/0.45562E-01
 0.49556E-01 0.37942E+02 0.00000E+00 0.20315E+00 0.72533E-02 0.72563E-02 0.19939E+00 0.20000E+00 0.14347E-02 0.14347E-02 0.43473E+00      2263673   3/0.49556E-01
 0.50219E-01 0.16073E+03 0.00000E+00 0.17259E+00 0.46650E-02 0.46473E-02 0.17533E+00 0.17579E+00 0.12608E-02 0.12608E-02 -.68607E+00      2263673   4/0.50219E-01
 0.67719E-01 0.42961E+02 0.00000E+00 0.13722E+00 0.50556E-02 0.50569E-02 0.13519E+00 0.13550E+00 0.86916E-03 0.86916E-03 0.34051E+00      2263673   3/0.67719E-01
 0.68789E-01 0.17726E+03 0.00000E+00 0.11614E+00 0.17511E-02 0.17471E-02 0.11691E+00 0.11713E+00 0.75406E-03 0.75406E-03 -.56063E+00      2263673   4/0.68789E-01
 0.92835E-01 0.48878E+02 0.00000E+00 0.91383E-01 0.39076E-02 0.39086E-02 0.89569E-01 0.89701E-01 0.52648E-03 0.52648E-03 0.43046E+00      2263673   3/0.92835E-01
 0.94073E-01 0.20012E+03 0.00000E+00 0.77162E-01 0.14015E-02 0.14027E-02 0.76652E-01 0.76734E-01 0.47031E-03 0.47031E-03 0.30522E+00      2263673   4/0.94073E-01
 0.12731E+00 0.55112E+02 0.00000E+00 0.56226E-01 0.38071E-02 0.38066E-02 0.57618E-01 0.57662E-01 0.36359E-03 0.36359E-03 -.37733E+00      2263673   3/0.12731E+00
 0.12895E+00 0.22667E+03 0.00000E+00 0.48191E-01 0.19299E-02 0.19297E-02 0.48554E-01 0.48577E-01 0.32843E-03 0.32843E-03 -.20003E+00      2263673   4/0.12895E+00
 0.17459E+00 0.62022E+02 0.00000E+00 0.37107E-01 0.34714E-02 0.34719E-02 0.35124E-01 0.35136E-01 0.29419E-03 0.29419E-03 0.56790E+00      2263673   3/0.17459E+00
 0.17671E+00 0.25496E+03 0.00000E+00 0.27453E-01 0.18186E-02 0.18182E-02 0.29064E-01 0.29068E-01 0.25381E-03 0.25381E-03 -.88794E+00      2263673   4/0.17671E+00
 0.18194E+00 0.12086E+04 0.00000E+00 0.22157E-01 0.34643E-02 0.34947E-02 0.19200E-01 0.19199E-01 0.17682E-03 0.17682E-03 0.85395E+00      2263673 999/0.18194E+00
 0.23837E+00 0.69802E+02 0.00000E+00 0.17411E-01 0.20909E-02 0.20904E-02 0.19623E-01 0.19631E-01 0.22138E-03 0.22138E-03 -.10616E+01      2263673   3/0.23837E+00
 0.24163E+00 0.28554E+03 0.00000E+00 0.14364E-01 0.12821E-02 0.12819E-02 0.15743E-01 0.15745E-01 0.17627E-03 0.17627E-03 -.10767E+01      2263673   4/0.24163E+00
 0.24714E+00 0.12894E+04 0.00000E+00 0.10013E-01 0.10375E-02 0.10371E-02 0.10105E-01 0.10102E-01 0.11416E-03 0.11416E-03 -.86005E-01      2263673 999/0.24714E+00
 0.32294E+00 0.79046E+02 0.00000E+00 0.10951E-01 0.16020E-02 0.16026E-02 0.95196E-02 0.95117E-02 0.13057E-03 0.13057E-03 0.89817E+00      2263673   3/0.32294E+00
 0.32961E+00 0.31154E+03 0.00000E+00 0.73244E-02 0.72913E-03 0.72915E-03 0.72125E-02 0.72012E-02 0.95963E-04 0.95963E-04 0.16895E+00      2263673   4/0.32961E+00
 0.33459E+00 0.13871E+04 0.00000E+00 0.47329E-02 0.35180E-03 0.35276E-03 0.44406E-02 0.44311E-02 0.58576E-04 0.58576E-04 0.85805E+00      2263673 999/0.33459E+00
 0.42526E+00 0.89692E+02 0.00000E+00 0.39014E-02 0.54901E-03 0.54912E-03 0.38326E-02 0.38111E-02 0.72656E-04 0.72656E-04 0.16431E+00      2263673   3/0.42526E+00
 0.44461E+00 0.33532E+03 0.00000E+00 0.23642E-02 0.13218E-03 0.13215E-03 0.24674E-02 0.24477E-02 0.51861E-04 0.51861E-04 -.63179E+00      2263673   4/0.44461E+00
 0.45056E+00 0.14924E+04 0.00000E+00 0.13696E-02 0.62336E-04 0.62185E-04 0.14030E-02 0.13903E-02 0.30782E-04 0.30782E-04 -.33178E+00      2263673 999/0.45056E+00
 0.59687E+00 0.36359E+03 0.00000E+00 0.43534E-03 0.12350E-03 0.12349E-03 0.46836E-03 0.45465E-03 0.31379E-04 0.31379E-04 -.15632E+00      2263673   4/0.59687E+00
 0.60206E+00 0.16121E+04 0.00000E+00 0.25540E-03 0.92338E-04 0.92350E-04 0.24409E-03 0.23676E-03 0.17262E-04 0.17262E-04 0.20187E+00      2263673 999/0.60206E+00
      156603
 FASER$\nu$2 inclusive $\bar{\nu}_{\mu}$                                         
Plot1@Experiment:FASER#nu2 inclusive #bar{#nu}_{#mu}@ExtraLabel:#nu p (CC) @XTitle: x @YTitle: d^{2}#sigma/dxdQ^{2} @Title:Q^{2} > 4 @Ymin:0.01@Xlog@Ylog
Plot2@Experiment:FASER#nu2 inclusive #bar{#nu}_{#mu}@ExtraLabel:#nu p (CC) @XTitle: x @YTitle: d^{2}#sigma/dxdQ^{2} @Title:Q^{2} > 10 @Ymin:0.01@Xlog@Ylog
Plot3@Experiment:FASER#nu2 inclusive #bar{#nu}_{#mu}@ExtraLabel:#nu p (CC) @XTitle: x @YTitle: d^{2}#sigma/dxdQ^{2} @Title:Q^{2} > 100 @Ymin:0.01@Xlog@Ylog
Plot4@Experiment:FASER#nu2 inclusive #bar{#nu}_{#mu}@ExtraLabel:#nu p (CC) @XTitle: x @YTitle: d^{2}#sigma/dxdQ^{2} @Title:Q^{2} > 1000 @Ymin:0.01@Xlog@Ylog
 x           Q2          dummy          data      +- uncor     +- tot     th orig         th mod   therr+         therr-     pull    iset       iplot
 0.28656E-02 0.60757E+01 0.00000E+00 0.40121E+01 0.43720E+00 0.43580E+00 0.40566E+01 0.40449E+01 0.10283E+00 0.10283E+00 -.75067E-01       156603   2/0.28656E-02
 0.39360E-02 0.62580E+01 0.00000E+00 0.29548E+01 0.26685E+00 0.26699E+00 0.29480E+01 0.29428E+01 0.68029E-01 0.68029E-01 0.45228E-01       156603   2/0.39360E-02
 0.53949E-02 0.63743E+01 0.00000E+00 0.22113E+01 0.16702E+00 0.16786E+00 0.21554E+01 0.21539E+01 0.45212E-01 0.45212E-01 0.34363E+00       156603   2/0.53949E-02
 0.54476E-02 0.15809E+02 0.00000E+00 0.23697E+01 0.16388E+00 0.16853E+00 0.22179E+01 0.22156E+01 0.48863E-01 0.48863E-01 0.94010E+00       156603   3/0.54476E-02
 0.73934E-02 0.64829E+01 0.00000E+00 0.15087E+01 0.88278E-01 0.87668E-01 0.15561E+01 0.15565E+01 0.29980E-01 0.29980E-01 -.54211E+00       156603   2/0.73934E-02
 0.74618E-02 0.17814E+02 0.00000E+00 0.15125E+01 0.86177E-01 0.85168E-01 0.15704E+01 0.15702E+01 0.32248E-01 0.32248E-01 -.66872E+00       156603   3/0.74618E-02
 0.10117E-01 0.65704E+01 0.00000E+00 0.10965E+01 0.54219E-01 0.53805E-01 0.11345E+01 0.11360E+01 0.19562E-01 0.19562E-01 -.72865E+00       156603   2/0.10117E-01
 0.10200E-01 0.20091E+02 0.00000E+00 0.11069E+01 0.42940E-01 0.42903E-01 0.11097E+01 0.11105E+01 0.21053E-01 0.21053E-01 -.83963E-01       156603   3/0.10200E-01
 0.13879E-01 0.66432E+01 0.00000E+00 0.86808E+00 0.37071E-01 0.37429E-01 0.83002E+00 0.83193E+00 0.12343E-01 0.12343E-01 0.97512E+00       156603   2/0.13879E-01
 0.13987E-01 0.23255E+02 0.00000E+00 0.80211E+00 0.26036E-01 0.26256E-01 0.77722E+00 0.77853E+00 0.13386E-01 0.13386E-01 0.90541E+00       156603   3/0.13987E-01
 0.19017E-01 0.67313E+01 0.00000E+00 0.57873E+00 0.30146E-01 0.29978E-01 0.60577E+00 0.60777E+00 0.75418E-02 0.75418E-02 -.96342E+00       156603   2/0.19017E-01
 0.19165E-01 0.26411E+02 0.00000E+00 0.57611E+00 0.15411E-01 0.15539E-01 0.55646E+00 0.55786E+00 0.87594E-02 0.87594E-02 0.11842E+01       156603   3/0.19165E-01
 0.25885E-01 0.72607E+01 0.00000E+00 0.43281E+00 0.37754E-01 0.37705E-01 0.44604E+00 0.44780E+00 0.45955E-02 0.45955E-02 -.39720E+00       156603   2/0.25885E-01
 0.26308E-01 0.29622E+02 0.00000E+00 0.39235E+00 0.91395E-02 0.91761E-02 0.38488E+00 0.38623E+00 0.51934E-02 0.51934E-02 0.66963E+00       156603   3/0.26308E-01
 0.26865E-01 0.12782E+03 0.00000E+00 0.29948E+00 0.46604E-01 0.46736E-01 0.29434E+00 0.29556E+00 0.47897E-02 0.47897E-02 0.83989E-01       156603   4/0.26865E-01
 0.35307E-01 0.82501E+01 0.00000E+00 0.33691E+00 0.45403E-01 0.45449E-01 0.32359E+00 0.32491E+00 0.27390E-02 0.27390E-02 0.26428E+00       156603   2/0.35307E-01
 0.36137E-01 0.32593E+02 0.00000E+00 0.27171E+00 0.57190E-02 0.57364E-02 0.26716E+00 0.26825E+00 0.29565E-02 0.29565E-02 0.60530E+00       156603   3/0.36137E-01
 0.36760E-01 0.13715E+03 0.00000E+00 0.20223E+00 0.16718E-01 0.16883E-01 0.19137E+00 0.19234E+00 0.27312E-02 0.27312E-02 0.59135E+00       156603   4/0.36760E-01
 0.45477E-01 0.92615E+01 0.00000E+00 0.24417E+00 0.53299E-01 0.53267E-01 0.24820E+00 0.24915E+00 0.17799E-02 0.17799E-02 -.93328E-01       156603   2/0.45477E-01
 0.49509E-01 0.35208E+02 0.00000E+00 0.18723E+00 0.59800E-02 0.59807E-02 0.18690E+00 0.18766E+00 0.16649E-02 0.16649E-02 -.71031E-01       156603   3/0.49509E-01
 0.50152E-01 0.14966E+03 0.00000E+00 0.12389E+00 0.57888E-02 0.57808E-02 0.12461E+00 0.12527E+00 0.15345E-02 0.15345E-02 -.23840E+00       156603   4/0.50152E-01
 0.67620E-01 0.39932E+02 0.00000E+00 0.13068E+00 0.54911E-02 0.54916E-02 0.13029E+00 0.13074E+00 0.94935E-03 0.94935E-03 -.10285E-01       156603   3/0.67620E-01
 0.68601E-01 0.16496E+03 0.00000E+00 0.83068E-01 0.28401E-02 0.28564E-02 0.80957E-01 0.81336E-01 0.86495E-03 0.86495E-03 0.60977E+00       156603   4/0.68601E-01
 0.92686E-01 0.45991E+02 0.00000E+00 0.88472E-01 0.46856E-02 0.46839E-02 0.90337E-01 0.90558E-01 0.57031E-03 0.57031E-03 -.44516E+00       156603   3/0.92686E-01
 0.93759E-01 0.18239E+03 0.00000E+00 0.54021E-01 0.20691E-02 0.20729E-02 0.53021E-01 0.53201E-01 0.51159E-03 0.51159E-03 0.39650E+00       156603   4/0.93759E-01
 0.12712E+00 0.52437E+02 0.00000E+00 0.61318E-01 0.45445E-02 0.45437E-02 0.62494E-01 0.62557E-01 0.33089E-03 0.33089E-03 -.27258E+00       156603   3/0.12712E+00
 0.12857E+00 0.20147E+03 0.00000E+00 0.35628E-01 0.18129E-02 0.18146E-02 0.34734E-01 0.34785E-01 0.28780E-03 0.28780E-03 0.46471E+00       156603   4/0.12857E+00
 0.17450E+00 0.59965E+02 0.00000E+00 0.43337E-01 0.42627E-02 0.42633E-02 0.42172E-01 0.42168E-01 0.18940E-03 0.18940E-03 0.27403E+00       156603   3/0.17450E+00
 0.17657E+00 0.22007E+03 0.00000E+00 0.22454E-01 0.15084E-02 0.15078E-02 0.23023E-01 0.23024E-01 0.15348E-03 0.15348E-03 -.37789E+00       156603   4/0.17657E+00
 0.23858E+00 0.68598E+02 0.00000E+00 0.26459E-01 0.32928E-02 0.32924E-02 0.27069E-01 0.27059E-01 0.11137E-03 0.11137E-03 -.18248E+00       156603   3/0.23858E+00
 0.24205E+00 0.23869E+03 0.00000E+00 0.15525E-01 0.12046E-02 0.12051E-02 0.14817E-01 0.14812E-01 0.74481E-04 0.74481E-04 0.59142E+00       156603   4/0.24205E+00
 0.32346E+00 0.78536E+02 0.00000E+00 0.13701E-01 0.20897E-02 0.20880E-02 0.15717E-01 0.15709E-01 0.65525E-04 0.65525E-04 -.96085E+00       156603   3/0.32346E+00
 0.33044E+00 0.25480E+03 0.00000E+00 0.93901E-02 0.82728E-03 0.82767E-03 0.87390E-02 0.87337E-02 0.48577E-04 0.48577E-04 0.79337E+00       156603   4/0.33044E+00
 0.33640E+00 0.12775E+04 0.00000E+00 0.15142E-02 0.19593E-03 0.18696E-03 0.18405E-02 0.18375E-02 0.30071E-04 0.30071E-04 -.16504E+01       156603 999/0.33640E+00
 0.42509E+00 0.89490E+02 0.00000E+00 0.66741E-02 0.11220E-02 0.11179E-02 0.80603E-02 0.80600E-02 0.52858E-04 0.52858E-04 -.12352E+01       156603   3/0.42509E+00
 0.44575E+00 0.27349E+03 0.00000E+00 0.41475E-02 0.25895E-03 0.25893E-03 0.41687E-02 0.41680E-02 0.38785E-04 0.38785E-04 -.79048E-01       156603   4/0.44575E+00
 0.45067E+00 0.13322E+04 0.00000E+00 0.11704E-02 0.10349E-03 0.10783E-03 0.10126E-02 0.10111E-02 0.22492E-04 0.22492E-04 0.15393E+01       156603 999/0.45067E+00
 0.59837E+00 0.30476E+03 0.00000E+00 0.12568E-02 0.35124E-03 0.35128E-03 0.12042E-02 0.12030E-02 0.22574E-04 0.22574E-04 0.15326E+00       156603   4/0.59837E+00
 0.60761E+00 0.14045E+04 0.00000E+00 0.42262E-03 0.19396E-03 0.19490E-03 0.30610E-03 0.30558E-03 0.15013E-04 0.15013E-04 0.60344E+00       156603 999/0.60761E+00
     3841714
 FASER$\nu$2 charm $\nu_{\mu}$                                                   
Plot1@Experiment:FASER#nu2 charm #nu_{#mu}@ExtraLabel:#nu p (CC) @XTitle: x @YTitle: d^{2}#sigma/dxdQ^{2} @Title:Q^{2} > 4 @Ymin:0.01@Xlog@Ylog
Plot2@Experiment:FASER#nu2 charm #nu_{#mu}@ExtraLabel:#nu p (CC) @XTitle: x @YTitle: d^{2}#sigma/dxdQ^{2} @Title:Q^{2} > 10 @Ymin:0.01@Xlog@Ylog
Plot3@Experiment:FASER#nu2 charm #nu_{#mu}@ExtraLabel:#nu p (CC) @XTitle: x @YTitle: d^{2}#sigma/dxdQ^{2} @Title:Q^{2} > 100 @Ymin:0.01@Xlog@Ylog
Plot4@Experiment:FASER#nu2 charm #nu_{#mu}@ExtraLabel:#nu p (CC) @XTitle: x @YTitle: d^{2}#sigma/dxdQ^{2} @Title:Q^{2} > 1000 @Ymin:0.01@Xlog@Ylog
 x           Q2          dummy          data      +- uncor     +- tot     th orig         th mod   therr+         therr-     pull    iset       iplot
 0.39324E-02 0.63733E+01 0.00000E+00 0.11339E+01 0.11676E+00 0.11640E+00 0.11459E+01 0.11369E+01 0.77832E-01 0.77832E-01 -.25507E-01      3841714   2/0.39324E-02
 0.53848E-02 0.65074E+01 0.00000E+00 0.80169E+00 0.68535E-01 0.68579E-01 0.79983E+00 0.79485E+00 0.51328E-01 0.51328E-01 0.99749E-01      3841714   2/0.53848E-02
 0.54423E-02 0.17046E+02 0.00000E+00 0.10069E+01 0.78377E-01 0.79641E-01 0.97237E+00 0.96713E+00 0.52749E-01 0.52749E-01 0.50682E+00      3841714   3/0.54423E-02
 0.73778E-02 0.66309E+01 0.00000E+00 0.58005E+00 0.38140E-01 0.38840E-01 0.54795E+00 0.54557E+00 0.33824E-01 0.33824E-01 0.90427E+00      3841714   2/0.73778E-02
 0.74527E-02 0.19413E+02 0.00000E+00 0.64192E+00 0.38042E-01 0.37444E-01 0.66687E+00 0.66434E+00 0.34365E-01 0.34365E-01 -.58927E+00      3841714   3/0.74527E-02
 0.10094E-01 0.67012E+01 0.00000E+00 0.35573E+00 0.20479E-01 0.20202E-01 0.36997E+00 0.36912E+00 0.22094E-01 0.22094E-01 -.65349E+00      3841714   2/0.10094E-01
 0.10182E-01 0.22010E+02 0.00000E+00 0.43542E+00 0.19127E-01 0.18842E-01 0.45166E+00 0.45075E+00 0.22342E-01 0.22342E-01 -.80166E+00      3841714   3/0.10182E-01
 0.13842E-01 0.67637E+01 0.00000E+00 0.24477E+00 0.13818E-01 0.13804E-01 0.24562E+00 0.24570E+00 0.14147E-01 0.14147E-01 -.67028E-01      3841714   2/0.13842E-01
 0.13955E-01 0.25550E+02 0.00000E+00 0.33444E+00 0.11216E-01 0.11410E-01 0.32032E+00 0.32021E+00 0.15078E-01 0.15078E-01 0.12685E+01      3841714   3/0.13955E-01
 0.18965E-01 0.68749E+01 0.00000E+00 0.16882E+00 0.93191E-02 0.94473E-02 0.16012E+00 0.16071E+00 0.88912E-02 0.88912E-02 0.86966E+00      3841714   2/0.18965E-01
 0.19125E-01 0.29048E+02 0.00000E+00 0.20050E+00 0.62157E-02 0.61456E-02 0.20766E+00 0.20811E+00 0.93768E-02 0.93768E-02 -.12232E+01      3841714   3/0.19125E-01
 0.25832E-01 0.73754E+01 0.00000E+00 0.11461E+00 0.93840E-02 0.94934E-02 0.10484E+00 0.10568E+00 0.56390E-02 0.56390E-02 0.95139E+00      3841714   2/0.25832E-01
 0.26246E-01 0.32568E+02 0.00000E+00 0.12941E+00 0.44690E-02 0.44566E-02 0.13140E+00 0.13208E+00 0.57434E-02 0.57434E-02 -.59718E+00      3841714   3/0.26246E-01
 0.26738E-01 0.13461E+03 0.00000E+00 0.13681E+00 0.13581E-01 0.14098E-01 0.12398E+00 0.12470E+00 0.50560E-02 0.50560E-02 0.89128E+00      3841714   4/0.26738E-01
 0.35258E-01 0.83099E+01 0.00000E+00 0.68293E-01 0.80693E-02 0.80792E-02 0.67485E-01 0.68216E-01 0.35265E-02 0.35265E-02 0.95912E-02      3841714   2/0.35258E-01
 0.36053E-01 0.36192E+02 0.00000E+00 0.82201E-01 0.28562E-02 0.28614E-02 0.81118E-01 0.81796E-01 0.34831E-02 0.34831E-02 0.14172E+00      3841714   3/0.36053E-01
 0.36616E-01 0.14682E+03 0.00000E+00 0.80431E-01 0.52348E-02 0.53551E-02 0.75450E-01 0.76098E-01 0.30553E-02 0.30553E-02 0.82770E+00      3841714   4/0.36616E-01
 0.49384E-01 0.39441E+02 0.00000E+00 0.50127E-01 0.19007E-02 0.19047E-02 0.49027E-01 0.49492E-01 0.20604E-02 0.20604E-02 0.33389E+00      3841714   3/0.49384E-01
 0.50002E-01 0.16010E+03 0.00000E+00 0.44720E-01 0.19701E-02 0.19660E-02 0.44963E-01 0.45375E-01 0.17917E-02 0.17917E-02 -.33236E+00      3841714   4/0.50002E-01
 0.67445E-01 0.44240E+02 0.00000E+00 0.29203E-01 0.13319E-02 0.13322E-02 0.29128E-01 0.29342E-01 0.11692E-02 0.11692E-02 -.10480E+00      3841714   3/0.67445E-01
 0.68462E-01 0.17782E+03 0.00000E+00 0.25991E-01 0.96319E-03 0.96181E-03 0.26118E-01 0.26296E-01 0.10099E-02 0.10099E-02 -.31625E+00      3841714   4/0.68462E-01
 0.92401E-01 0.49709E+02 0.00000E+00 0.16981E-01 0.10072E-02 0.10074E-02 0.16907E-01 0.16966E-01 0.69029E-03 0.69029E-03 0.14637E-01      3841714   3/0.92401E-01
 0.93578E-01 0.20006E+03 0.00000E+00 0.15352E-01 0.70695E-03 0.70938E-03 0.14906E-01 0.14956E-01 0.60798E-03 0.60798E-03 0.55936E+00      3841714   4/0.93578E-01
 0.12676E+00 0.55620E+02 0.00000E+00 0.92148E-02 0.76233E-03 0.76177E-03 0.95255E-02 0.95323E-02 0.46252E-03 0.46252E-03 -.41647E+00      3841714   3/0.12676E+00
 0.12831E+00 0.22647E+03 0.00000E+00 0.83913E-02 0.51463E-03 0.51525E-03 0.81714E-02 0.81807E-02 0.39684E-03 0.39684E-03 0.40913E+00      3841714   4/0.12831E+00
 0.17397E+00 0.62174E+02 0.00000E+00 0.49028E-02 0.48325E-03 0.48300E-03 0.50324E-02 0.50413E-02 0.31241E-03 0.31241E-03 -.28647E+00      3841714   3/0.17397E+00
 0.17594E+00 0.25432E+03 0.00000E+00 0.43230E-02 0.32199E-03 0.32227E-03 0.41705E-02 0.41794E-02 0.25181E-03 0.25181E-03 0.44581E+00      3841714   4/0.17594E+00
 0.23750E+00 0.69714E+02 0.00000E+00 0.24091E-02 0.23750E-03 0.23771E-03 0.23398E-02 0.23572E-02 0.17973E-03 0.17973E-03 0.21865E+00      3841714   3/0.23750E+00
 0.24066E+00 0.28413E+03 0.00000E+00 0.17955E-02 0.12477E-03 0.12468E-03 0.18443E-02 0.18557E-02 0.13123E-03 0.13123E-03 -.48266E+00      3841714   4/0.24066E+00
 0.32134E+00 0.78828E+02 0.00000E+00 0.90817E-03 0.82600E-04 0.82464E-04 0.92651E-03 0.92941E-03 0.77489E-04 0.77489E-04 -.25717E+00      3841714   3/0.32134E+00
 0.32807E+00 0.30978E+03 0.00000E+00 0.70710E-03 0.29782E-04 0.29869E-04 0.68537E-03 0.68338E-03 0.52323E-04 0.52323E-04 0.79633E+00      3841714   4/0.32807E+00
 0.33347E+00 0.13874E+04 0.00000E+00 0.35064E-03 0.31280E-04 0.29201E-04 0.40536E-03 0.40181E-03 0.29366E-04 0.29366E-04 -.16359E+01      3841714 999/0.33347E+00
 0.42486E+00 0.89673E+02 0.00000E+00 0.40156E-03 0.41823E-04 0.43179E-04 0.35197E-03 0.34393E-03 0.44194E-04 0.44194E-04 0.13780E+01      3841714   3/0.42486E+00
 0.44444E+00 0.33402E+03 0.00000E+00 0.22701E-03 0.72434E-05 0.71535E-05 0.23818E-03 0.22939E-03 0.33005E-04 0.33005E-04 -.32773E+00      3841714   4/0.44444E+00
 0.44999E+00 0.14861E+04 0.00000E+00 0.11606E-03 0.10873E-04 0.10205E-04 0.13721E-03 0.13085E-03 0.19565E-04 0.19565E-04 -.13604E+01      3841714 999/0.44999E+00
 0.59605E+00 0.36133E+03 0.00000E+00 0.76924E-04 0.23789E-04 0.23784E-04 0.78860E-04 0.73494E-04 0.17781E-04 0.17781E-04 0.14418E+00      3841714   4/0.59605E+00
     5931148
 FASER$\nu$2 charm $\bar{\nu}_{\mu}$                                             
Plot1@Experiment:FASER#nu2 charm #bar{#nu}_{#mu}@ExtraLabel:#nu p (CC) @XTitle: x @YTitle: d^{2}#sigma/dxdQ^{2} @Title:Q^{2} > 4 @Ymin:0.01@Xlog@Ylog
Plot2@Experiment:FASER#nu2 charm #bar{#nu}_{#mu}@ExtraLabel:#nu p (CC) @XTitle: x @YTitle: d^{2}#sigma/dxdQ^{2} @Title:Q^{2} > 10 @Ymin:0.01@Xlog@Ylog
Plot3@Experiment:FASER#nu2 charm #bar{#nu}_{#mu}@ExtraLabel:#nu p (CC) @XTitle: x @YTitle: d^{2}#sigma/dxdQ^{2} @Title:Q^{2} > 100 @Ymin:0.01@Xlog@Ylog
Plot4@Experiment:FASER#nu2 charm #bar{#nu}_{#mu}@ExtraLabel:#nu p (CC) @XTitle: x @YTitle: d^{2}#sigma/dxdQ^{2} @Title:Q^{2} > 1000 @Ymin:0.01@Xlog@Ylog
 x           Q2          dummy          data      +- uncor     +- tot     th orig         th mod   therr+         therr-     pull    iset       iplot
 0.53888E-02 0.64670E+01 0.00000E+00 0.77000E+00 0.75438E-01 0.75174E-01 0.77805E+00 0.77321E+00 0.51872E-01 0.51872E-01 -.42563E-01      5931148   2/0.53888E-02
 0.73845E-02 0.65838E+01 0.00000E+00 0.53086E+00 0.41950E-01 0.41985E-01 0.52962E+00 0.52690E+00 0.34164E-01 0.34164E-01 0.94391E-01      5931148   2/0.73845E-02
 0.74483E-02 0.18184E+02 0.00000E+00 0.66342E+00 0.47347E-01 0.48054E-01 0.64249E+00 0.63973E+00 0.34824E-01 0.34824E-01 0.50033E+00      5931148   3/0.74483E-02
 0.10091E-01 0.66904E+01 0.00000E+00 0.37943E+00 0.25595E-01 0.26151E-01 0.35713E+00 0.35578E+00 0.22429E-01 0.22429E-01 0.92392E+00      5931148   2/0.10091E-01
 0.10197E-01 0.20738E+02 0.00000E+00 0.41825E+00 0.22319E-01 0.21942E-01 0.43356E+00 0.43222E+00 0.22594E-01 0.22594E-01 -.62610E+00      5931148   3/0.10197E-01
 0.13838E-01 0.67709E+01 0.00000E+00 0.22552E+00 0.15271E-01 0.15055E-01 0.23586E+00 0.23547E+00 0.14416E-01 0.14416E-01 -.65194E+00      5931148   2/0.13838E-01
 0.13962E-01 0.24263E+02 0.00000E+00 0.29724E+00 0.12610E-01 0.12407E-01 0.30827E+00 0.30771E+00 0.15341E-01 0.15341E-01 -.83022E+00      5931148   3/0.13962E-01
 0.18948E-01 0.68719E+01 0.00000E+00 0.15179E+00 0.11420E-01 0.11409E-01 0.15244E+00 0.15265E+00 0.90217E-02 0.90217E-02 -.75165E-01      5931148   2/0.18948E-01
 0.19127E-01 0.27901E+02 0.00000E+00 0.20780E+00 0.79317E-02 0.80529E-02 0.19847E+00 0.19854E+00 0.94908E-02 0.94908E-02 0.11680E+01      5931148   3/0.19127E-01
 0.25817E-01 0.73629E+01 0.00000E+00 0.10605E+00 0.10178E-01 0.10297E-01 0.98073E-01 0.98547E-01 0.55457E-02 0.55457E-02 0.73747E+00      5931148   2/0.25817E-01
 0.26254E-01 0.31591E+02 0.00000E+00 0.11878E+00 0.55451E-02 0.55048E-02 0.12410E+00 0.12449E+00 0.56687E-02 0.56687E-02 -.10294E+01      5931148   3/0.26254E-01
 0.35232E-01 0.82970E+01 0.00000E+00 0.70429E-01 0.86928E-02 0.88589E-02 0.61542E-01 0.62013E-01 0.32721E-02 0.32721E-02 0.96813E+00      5931148   2/0.35232E-01
 0.36039E-01 0.35267E+02 0.00000E+00 0.73675E-01 0.37039E-02 0.36958E-02 0.75148E-01 0.75592E-01 0.32518E-02 0.32518E-02 -.51737E+00      5931148   3/0.36039E-01
 0.36715E-01 0.13814E+03 0.00000E+00 0.75463E-01 0.72593E-02 0.74849E-02 0.68881E-01 0.69327E-01 0.27703E-02 0.27703E-02 0.84520E+00      5931148   4/0.36715E-01
 0.49335E-01 0.38616E+02 0.00000E+00 0.44156E-01 0.25731E-02 0.25741E-02 0.43914E-01 0.44258E-01 0.17778E-02 0.17778E-02 -.39412E-01      5931148   3/0.49335E-01
 0.50066E-01 0.15147E+03 0.00000E+00 0.40992E-01 0.27608E-02 0.27906E-02 0.39670E-01 0.39990E-01 0.14953E-02 0.14953E-02 0.36320E+00      5931148   4/0.50066E-01
 0.67290E-01 0.43578E+02 0.00000E+00 0.25728E-01 0.16881E-02 0.16919E-02 0.24682E-01 0.24874E-01 0.93441E-03 0.93441E-03 0.50595E+00      5931148   3/0.67290E-01
 0.68333E-01 0.16842E+03 0.00000E+00 0.22779E-01 0.12480E-02 0.12626E-02 0.21847E-01 0.22014E-01 0.77884E-03 0.77884E-03 0.61281E+00      5931148   4/0.68333E-01
 0.92064E-01 0.49454E+02 0.00000E+00 0.13053E-01 0.99220E-03 0.99193E-03 0.13129E-01 0.13197E-01 0.51662E-03 0.51662E-03 -.14482E+00      5931148   3/0.92064E-01
 0.93247E-01 0.18968E+03 0.00000E+00 0.11483E-01 0.69735E-03 0.69779E-03 0.11437E-01 0.11495E-01 0.43244E-03 0.43244E-03 -.16130E-01      5931148   4/0.93247E-01
 0.12623E+00 0.55440E+02 0.00000E+00 0.65438E-02 0.60111E-03 0.60092E-03 0.65971E-02 0.66018E-02 0.29494E-03 0.29494E-03 -.96479E-01      5931148   3/0.12623E+00
 0.12774E+00 0.21488E+03 0.00000E+00 0.56182E-02 0.40860E-03 0.40881E-03 0.55851E-02 0.55907E-02 0.23942E-03 0.23942E-03 0.67091E-01      5931148   4/0.12774E+00
 0.17327E+00 0.61971E+02 0.00000E+00 0.31891E-02 0.30433E-03 0.30521E-03 0.30237E-02 0.30236E-02 0.15889E-03 0.15889E-03 0.54391E+00      5931148   3/0.17327E+00
 0.17524E+00 0.24243E+03 0.00000E+00 0.23812E-02 0.18030E-03 0.17985E-03 0.24639E-02 0.24656E-02 0.12604E-03 0.12604E-03 -.46795E+00      5931148   4/0.17524E+00
 0.23644E+00 0.69409E+02 0.00000E+00 0.12451E-02 0.83916E-04 0.84637E-04 0.11970E-02 0.12078E-02 0.10779E-03 0.10779E-03 0.44473E+00      5931148   3/0.23644E+00
 0.23960E+00 0.27267E+03 0.00000E+00 0.90498E-03 0.40579E-04 0.40390E-04 0.92126E-03 0.92899E-03 0.81848E-04 0.81848E-04 -.59188E+00      5931148   4/0.23960E+00
 0.31831E+00 0.78415E+02 0.00000E+00 0.44987E-03 0.37741E-04 0.38861E-04 0.41897E-03 0.42573E-03 0.75222E-04 0.75222E-04 0.63961E+00      5931148   3/0.31831E+00
 0.32468E+00 0.29488E+03 0.00000E+00 0.30794E-03 0.28375E-04 0.28468E-04 0.29825E-03 0.30208E-03 0.52825E-04 0.52825E-04 0.20638E+00      5931148   4/0.32468E+00
 0.43291E+00 0.31199E+03 0.00000E+00 0.82779E-04 0.28574E-04 0.28499E-04 0.94894E-04 0.95501E-04 0.30621E-04 0.30621E-04 -.44523E+00      5931148   4/0.43291E+00
     6059595
 FLArE10 inclusive $\nu_{\mu}$                                                   
Plot1@Experiment:FLArE10 inclusive #nu_{#mu}@ExtraLabel:#nu p (CC) @XTitle: x @YTitle: d^{2}#sigma/dxdQ^{2} @Title:Q^{2} > 4 @Ymin:0.01@Xlog@Ylog
Plot2@Experiment:FLArE10 inclusive #nu_{#mu}@ExtraLabel:#nu p (CC) @XTitle: x @YTitle: d^{2}#sigma/dxdQ^{2} @Title:Q^{2} > 10 @Ymin:0.01@Xlog@Ylog
Plot3@Experiment:FLArE10 inclusive #nu_{#mu}@ExtraLabel:#nu p (CC) @XTitle: x @YTitle: d^{2}#sigma/dxdQ^{2} @Title:Q^{2} > 100 @Ymin:0.01@Xlog@Ylog
Plot4@Experiment:FLArE10 inclusive #nu_{#mu}@ExtraLabel:#nu p (CC) @XTitle: x @YTitle: d^{2}#sigma/dxdQ^{2} @Title:Q^{2} > 1000 @Ymin:0.01@Xlog@Ylog
 x           Q2          dummy          data      +- uncor     +- tot     th orig         th mod   therr+         therr-     pull    iset       iplot
 0.54000E-02 0.62196E+01 0.00000E+00 0.20490E+01 0.56138E+00 0.56094E+00 0.20879E+01 0.20866E+01 0.43069E-01 0.43069E-01 -.67096E-01      6059595   2/0.54000E-02
 0.73868E-02 0.64231E+01 0.00000E+00 0.15196E+01 0.30884E+00 0.30890E+00 0.15138E+01 0.15144E+01 0.28800E-01 0.28800E-01 0.16657E-01      6059595   2/0.73868E-02
 0.74942E-02 0.17781E+02 0.00000E+00 0.17268E+01 0.21211E+00 0.21381E+00 0.16569E+01 0.16570E+01 0.30357E-01 0.30357E-01 0.32918E+00      6059595   3/0.74942E-02
 0.10124E-01 0.64809E+01 0.00000E+00 0.11689E+01 0.12597E+00 0.12692E+00 0.10909E+01 0.10924E+01 0.18673E-01 0.18673E-01 0.60706E+00      6059595   2/0.10124E-01
 0.10222E-01 0.20011E+02 0.00000E+00 0.11145E+01 0.93522E-01 0.92645E-01 0.11646E+01 0.11656E+01 0.19591E-01 0.19591E-01 -.54649E+00      6059595   3/0.10222E-01
 0.13888E-01 0.65517E+01 0.00000E+00 0.74857E+00 0.55745E-01 0.55337E-01 0.78043E+00 0.78230E+00 0.11563E-01 0.11563E-01 -.60493E+00      6059595   2/0.13888E-01
 0.13988E-01 0.22519E+02 0.00000E+00 0.78300E+00 0.69626E-01 0.69256E-01 0.82437E+00 0.82569E+00 0.12069E-01 0.12069E-01 -.61305E+00      6059595   3/0.13988E-01
 0.19043E-01 0.66630E+01 0.00000E+00 0.55983E+00 0.60048E-01 0.60030E-01 0.56245E+00 0.56428E+00 0.68609E-02 0.68609E-02 -.74004E-01      6059595   2/0.19043E-01
 0.19189E-01 0.25277E+02 0.00000E+00 0.64814E+00 0.76075E-01 0.76287E-01 0.59440E+00 0.59563E+00 0.76263E-02 0.76263E-02 0.69026E+00      6059595   3/0.19189E-01
 0.26139E-01 0.67018E+01 0.00000E+00 0.44192E+00 0.66366E-01 0.66524E-01 0.40241E+00 0.40406E+00 0.40446E-02 0.40446E-02 0.57036E+00      6059595   2/0.26139E-01
 0.26329E-01 0.28309E+02 0.00000E+00 0.36931E+00 0.58170E-01 0.58088E-01 0.41354E+00 0.41467E+00 0.43439E-02 0.43439E-02 -.77979E+00      6059595   3/0.26329E-01
 0.35950E-01 0.67501E+01 0.00000E+00 0.33277E+00 0.66990E-01 0.67117E-01 0.28319E+00 0.28439E+00 0.24534E-02 0.24534E-02 0.72227E+00      6059595   2/0.35950E-01
 0.36123E-01 0.31669E+02 0.00000E+00 0.26991E+00 0.51037E-01 0.51020E-01 0.28663E+00 0.28755E+00 0.24757E-02 0.24757E-02 -.34560E+00      6059595   3/0.36123E-01
 0.36659E-01 0.14395E+03 0.00000E+00 0.29593E+00 0.58770E-01 0.59342E-01 0.26075E+00 0.26150E+00 0.21780E-02 0.21780E-02 0.58581E+00      6059595   4/0.36659E-01
 0.49310E-01 0.67641E+01 0.00000E+00 0.20252E+00 0.48918E-01 0.48926E-01 0.19862E+00 0.19930E+00 0.15503E-02 0.15503E-02 0.65804E-01      6059595   2/0.49310E-01
 0.49540E-01 0.34460E+02 0.00000E+00 0.21009E+00 0.45835E-01 0.45844E-01 0.19773E+00 0.19834E+00 0.14478E-02 0.14478E-02 0.25649E+00      6059595   3/0.49540E-01
 0.50264E-01 0.15755E+03 0.00000E+00 0.19805E+00 0.41942E-01 0.42085E-01 0.17545E+00 0.17591E+00 0.12611E-02 0.12611E-02 0.52780E+00      6059595   4/0.50264E-01
 0.67575E-01 0.67684E+01 0.00000E+00 0.15677E+00 0.44509E-01 0.44538E-01 0.13802E+00 0.13833E+00 0.92768E-03 0.92768E-03 0.41425E+00      6059595   2/0.67575E-01
 0.67837E-01 0.37297E+02 0.00000E+00 0.13290E+00 0.32287E-01 0.32286E-01 0.13513E+00 0.13545E+00 0.87790E-03 0.87790E-03 -.78766E-01      6059595   3/0.67837E-01
 0.68708E-01 0.17136E+03 0.00000E+00 0.11934E+00 0.27823E-01 0.27826E-01 0.11798E+00 0.11819E+00 0.75719E-03 0.75719E-03 0.41288E-01      6059595   4/0.68708E-01
 0.92758E-01 0.68039E+01 0.00000E+00 0.91848E-01 0.29418E-01 0.29414E-01 0.94259E-01 0.94401E-01 0.57652E-03 0.57652E-03 -.86798E-01      6059595   2/0.92758E-01
 0.92967E-01 0.39644E+02 0.00000E+00 0.92268E-01 0.25083E-01 0.25084E-01 0.90628E-01 0.90767E-01 0.53369E-03 0.53369E-03 0.59857E-01      6059595   3/0.92967E-01
 0.93961E-01 0.18986E+03 0.00000E+00 0.87857E-01 0.22430E-01 0.22444E-01 0.77852E-01 0.77937E-01 0.47203E-03 0.47203E-03 0.44226E+00      6059595   4/0.93961E-01
 0.12723E+00 0.68077E+01 0.00000E+00 0.54296E-01 0.19490E-01 0.19480E-01 0.62724E-01 0.62794E-01 0.40108E-03 0.40108E-03 -.43605E+00      6059595   2/0.12723E+00
 0.12756E+00 0.41029E+02 0.00000E+00 0.65840E-01 0.19654E-01 0.19656E-01 0.58989E-01 0.59039E-01 0.36907E-03 0.36907E-03 0.34606E+00      6059595   3/0.12756E+00
 0.12860E+00 0.21200E+03 0.00000E+00 0.46315E-01 0.12742E-01 0.12740E-01 0.49727E-01 0.49752E-01 0.33040E-03 0.33040E-03 -.26975E+00      6059595   4/0.12860E+00
 0.17500E+00 0.68462E+01 0.00000E+00 0.46868E-01 0.18701E-01 0.18709E-01 0.39580E-01 0.39627E-01 0.31889E-03 0.31889E-03 0.38716E+00      6059595   2/0.17500E+00
 0.17512E+00 0.42383E+02 0.00000E+00 0.39520E-01 0.12565E-01 0.12566E-01 0.36324E-01 0.36339E-01 0.30374E-03 0.30374E-03 0.25319E+00      6059595   3/0.17512E+00
 0.17629E+00 0.23558E+03 0.00000E+00 0.26837E-01 0.77687E-02 0.77670E-02 0.29902E-01 0.29907E-01 0.25777E-03 0.25777E-03 -.39513E+00      6059595   4/0.17629E+00
 0.23997E+00 0.68291E+01 0.00000E+00 0.21308E-01 0.92362E-02 0.92342E-02 0.23111E-01 0.23127E-01 0.23125E-03 0.23125E-03 -.19703E+00      6059595   2/0.23997E+00
 0.24012E+00 0.43123E+02 0.00000E+00 0.24497E-01 0.81564E-02 0.81576E-02 0.20415E-01 0.20426E-01 0.23454E-03 0.23454E-03 0.49908E+00      6059595   3/0.24012E+00
 0.24113E+00 0.26170E+03 0.00000E+00 0.12328E-01 0.35646E-02 0.35627E-02 0.16229E-01 0.16231E-01 0.18138E-03 0.18138E-03 -.10949E+01      6059595   4/0.24113E+00
 0.32837E+00 0.67908E+01 0.00000E+00 0.16683E-01 0.77790E-02 0.77849E-02 0.12005E-01 0.11999E-01 0.16946E-03 0.16946E-03 0.60219E+00      6059595   2/0.32837E+00
 0.32784E+00 0.43471E+02 0.00000E+00 0.68168E-02 0.22711E-02 0.22700E-02 0.99045E-02 0.98979E-02 0.14090E-03 0.14090E-03 -.13566E+01      6059595   3/0.32784E+00
 0.32884E+00 0.28055E+03 0.00000E+00 0.55522E-02 0.14582E-02 0.14571E-02 0.74814E-02 0.74699E-02 0.10024E-03 0.10024E-03 -.13151E+01      6059595   4/0.32884E+00
 0.33427E+00 0.13618E+04 0.00000E+00 0.44362E-02 0.85329E-03 0.85143E-03 0.45233E-02 0.45135E-02 0.59674E-04 0.59674E-04 -.90556E-01      6059595 999/0.33427E+00
 0.44585E+00 0.67739E+01 0.00000E+00 0.74529E-02 0.35770E-02 0.35816E-02 0.49835E-02 0.49586E-02 0.11043E-03 0.11043E-03 0.69731E+00      6059595   2/0.44585E+00
 0.44410E+00 0.43230E+02 0.00000E+00 0.38124E-02 0.10380E-02 0.10381E-02 0.36567E-02 0.36328E-02 0.77108E-04 0.77108E-04 0.17296E+00      6059595   3/0.44410E+00
 0.44375E+00 0.29597E+03 0.00000E+00 0.28897E-02 0.42326E-03 0.42373E-03 0.25832E-02 0.25623E-02 0.54310E-04 0.54310E-04 0.77348E+00      6059595   4/0.44375E+00
 0.44730E+00 0.14541E+04 0.00000E+00 0.15189E-02 0.19250E-03 0.19364E-03 0.14823E-02 0.14690E-02 0.31891E-04 0.31891E-04 0.25921E+00      6059595 999/0.44730E+00
 0.59154E+00 0.71752E+01 0.00000E+00 0.89430E-03 0.39228E-03 0.38967E-03 0.13407E-02 0.13217E-02 0.79013E-04 0.79013E-04 -.10896E+01      6059595   2/0.59154E+00
 0.60076E+00 0.41980E+02 0.00000E+00 0.66000E-03 0.21135E-03 0.21119E-03 0.76258E-03 0.74011E-03 0.49031E-04 0.49031E-04 -.37901E+00      6059595   3/0.60076E+00
 0.59930E+00 0.30484E+03 0.00000E+00 0.40843E-03 0.25705E-03 0.25697E-03 0.48438E-03 0.46964E-03 0.34513E-04 0.34513E-04 -.23814E+00      6059595   4/0.59930E+00
     3952525
 FLArE10 inclusive $\bar{\nu}_{\mu}$                                             
Plot1@Experiment:FLArE10 inclusive #bar{#nu}_{#mu}@ExtraLabel:#nu p (CC) @XTitle: x @YTitle: d^{2}#sigma/dxdQ^{2} @Title:Q^{2} > 4 @Ymin:0.01@Xlog@Ylog
Plot2@Experiment:FLArE10 inclusive #bar{#nu}_{#mu}@ExtraLabel:#nu p (CC) @XTitle: x @YTitle: d^{2}#sigma/dxdQ^{2} @Title:Q^{2} > 10 @Ymin:0.01@Xlog@Ylog
Plot3@Experiment:FLArE10 inclusive #bar{#nu}_{#mu}@ExtraLabel:#nu p (CC) @XTitle: x @YTitle: d^{2}#sigma/dxdQ^{2} @Title:Q^{2} > 100 @Ymin:0.01@Xlog@Ylog
Plot4@Experiment:FLArE10 inclusive #bar{#nu}_{#mu}@ExtraLabel:#nu p (CC) @XTitle: x @YTitle: d^{2}#sigma/dxdQ^{2} @Title:Q^{2} > 1000 @Ymin:0.01@Xlog@Ylog
 x           Q2          dummy          data      +- uncor     +- tot     th orig         th mod   therr+         therr-     pull    iset       iplot
 0.54012E-02 0.62515E+01 0.00000E+00 0.19622E+01 0.24500E+00 0.24398E+00 0.19880E+01 0.19863E+01 0.44972E-01 0.44972E-01 -.98274E-01      3952525   2/0.54012E-02
 0.74102E-02 0.63878E+01 0.00000E+00 0.14382E+01 0.14568E+00 0.14580E+00 0.14341E+01 0.14344E+01 0.29877E-01 0.29877E-01 0.26159E-01      3952525   2/0.74102E-02
 0.10123E-01 0.64699E+01 0.00000E+00 0.10893E+01 0.11796E+00 0.11870E+00 0.10512E+01 0.10526E+01 0.19589E-01 0.19589E-01 0.31175E+00      3952525   2/0.10123E-01
 0.10216E-01 0.18812E+02 0.00000E+00 0.11647E+01 0.19029E+00 0.19206E+00 0.10534E+01 0.10542E+01 0.21073E-01 0.21073E-01 0.58085E+00      3952525   3/0.10216E-01
 0.13887E-01 0.65397E+01 0.00000E+00 0.72616E+00 0.10082E+00 0.10032E+00 0.77072E+00 0.77255E+00 0.12391E-01 0.12391E-01 -.46018E+00      3952525   2/0.13887E-01
 0.13989E-01 0.21380E+02 0.00000E+00 0.68310E+00 0.12249E+00 0.12202E+00 0.74073E+00 0.74203E+00 0.13447E-01 0.13447E-01 -.48117E+00      3952525   3/0.13989E-01
 0.19040E-01 0.66309E+01 0.00000E+00 0.51818E+00 0.85048E-01 0.84710E-01 0.56466E+00 0.56660E+00 0.75783E-02 0.75783E-02 -.56940E+00      3952525   2/0.19040E-01
 0.19170E-01 0.24062E+02 0.00000E+00 0.51660E+00 0.10277E+00 0.10275E+00 0.52066E+00 0.52215E+00 0.83032E-02 0.83032E-02 -.54006E-01      3952525   3/0.19170E-01
 0.26153E-01 0.66696E+01 0.00000E+00 0.48050E+00 0.97201E-01 0.97504E-01 0.41710E+00 0.41885E+00 0.45174E-02 0.45174E-02 0.63421E+00      3952525   2/0.26153E-01
 0.26310E-01 0.26945E+02 0.00000E+00 0.42060E+00 0.91611E-01 0.91737E-01 0.37005E+00 0.37140E+00 0.52704E-02 0.52704E-02 0.53708E+00      3952525   3/0.26310E-01
 0.35967E-01 0.67047E+01 0.00000E+00 0.25475E+00 0.59527E-01 0.59353E-01 0.30328E+00 0.30460E+00 0.26241E-02 0.26241E-02 -.83746E+00      3952525   2/0.35967E-01
 0.36124E-01 0.29908E+02 0.00000E+00 0.31035E+00 0.71952E-01 0.72037E-01 0.25899E+00 0.26009E+00 0.29964E-02 0.29964E-02 0.69852E+00      3952525   3/0.36124E-01
 0.49324E-01 0.67154E+01 0.00000E+00 0.20454E+00 0.53693E-01 0.53641E-01 0.22284E+00 0.22369E+00 0.15415E-02 0.15415E-02 -.35660E+00      3952525   2/0.49324E-01
 0.49522E-01 0.32324E+02 0.00000E+00 0.20795E+00 0.50627E-01 0.50657E-01 0.18297E+00 0.18373E+00 0.16806E-02 0.16806E-02 0.47824E+00      3952525   3/0.49522E-01
 0.50195E-01 0.14707E+03 0.00000E+00 0.12801E+00 0.32450E-01 0.32494E-01 0.12507E+00 0.12573E+00 0.15337E-02 0.15337E-02 0.70199E-01      3952525   4/0.50195E-01
 0.67594E-01 0.67319E+01 0.00000E+00 0.17759E+00 0.52628E-01 0.52661E-01 0.16351E+00 0.16398E+00 0.95696E-03 0.95696E-03 0.25870E+00      3952525   2/0.67594E-01
 0.67807E-01 0.34562E+02 0.00000E+00 0.15007E+00 0.38578E-01 0.38595E-01 0.13105E+00 0.13150E+00 0.95505E-03 0.95505E-03 0.48114E+00      3952525   3/0.67807E-01
 0.68645E-01 0.15870E+03 0.00000E+00 0.93536E-01 0.22633E-01 0.22716E-01 0.83147E-01 0.83527E-01 0.86445E-03 0.86445E-03 0.44224E+00      3952525   4/0.68645E-01
 0.92758E-01 0.67582E+01 0.00000E+00 0.11734E+00 0.39012E-01 0.39007E-01 0.12008E+00 0.12030E+00 0.64022E-03 0.64022E-03 -.75847E-01      3952525   2/0.92758E-01
 0.92957E-01 0.36401E+02 0.00000E+00 0.95724E-01 0.26220E-01 0.26221E-01 0.94474E-01 0.94702E-01 0.57987E-03 0.57987E-03 0.38990E-01      3952525   3/0.92957E-01
 0.93760E-01 0.17347E+03 0.00000E+00 0.54782E-01 0.13202E-01 0.13197E-01 0.55904E-01 0.56085E-01 0.51134E-03 0.51134E-03 -.98662E-01      3952525   4/0.93760E-01
 0.12733E+00 0.67647E+01 0.00000E+00 0.89594E-01 0.32504E-01 0.32507E-01 0.87460E-01 0.87530E-01 0.41921E-03 0.41921E-03 0.63496E-01      3952525   2/0.12733E+00
 0.12762E+00 0.37844E+02 0.00000E+00 0.78138E-01 0.23028E-01 0.23034E-01 0.68132E-01 0.68197E-01 0.34231E-03 0.34231E-03 0.43171E+00      3952525   3/0.12762E+00
 0.12848E+00 0.18834E+03 0.00000E+00 0.34661E-01 0.83155E-02 0.83050E-02 0.38180E-01 0.38231E-01 0.28752E-03 0.28752E-03 -.42930E+00      3952525   4/0.12848E+00
 0.17516E+00 0.67768E+01 0.00000E+00 0.72023E-01 0.28959E-01 0.28975E-01 0.62204E-01 0.62213E-01 0.27821E-03 0.27821E-03 0.33875E+00      3952525   2/0.17516E+00
 0.17535E+00 0.39092E+02 0.00000E+00 0.44195E-01 0.13912E-01 0.13910E-01 0.47946E-01 0.47941E-01 0.20363E-03 0.20363E-03 -.26923E+00      3952525   3/0.17535E+00
 0.17649E+00 0.20410E+03 0.00000E+00 0.29208E-01 0.71421E-02 0.71485E-02 0.26198E-01 0.26199E-01 0.15422E-03 0.15422E-03 0.42129E+00      3952525   4/0.17649E+00
 0.24022E+00 0.67850E+01 0.00000E+00 0.47232E-01 0.20560E-01 0.20568E-01 0.42116E-01 0.42103E-01 0.18138E-03 0.18138E-03 0.24949E+00      3952525   2/0.24022E+00
 0.24037E+00 0.40147E+02 0.00000E+00 0.28207E-01 0.92362E-02 0.92343E-02 0.31902E-01 0.31890E-01 0.12868E-03 0.12868E-03 -.39878E+00      3952525   3/0.24037E+00
 0.24184E+00 0.22176E+03 0.00000E+00 0.16365E-01 0.38575E-02 0.38562E-02 0.17102E-01 0.17096E-01 0.78346E-04 0.78346E-04 -.18948E+00      3952525   4/0.24184E+00
 0.32868E+00 0.67644E+01 0.00000E+00 0.33238E-01 0.15508E-01 0.15520E-01 0.25912E-01 0.25893E-01 0.10386E-03 0.10386E-03 0.47360E+00      3952525   2/0.32868E+00
 0.32849E+00 0.40725E+02 0.00000E+00 0.13774E-01 0.45149E-02 0.45118E-02 0.18936E-01 0.18927E-01 0.75481E-04 0.75481E-04 -.11412E+01      3952525   3/0.32849E+00
 0.32994E+00 0.23792E+03 0.00000E+00 0.11919E-01 0.24856E-02 0.24892E-02 0.10118E-01 0.10112E-01 0.51468E-04 0.51468E-04 0.72679E+00      3952525   4/0.32994E+00
 0.44615E+00 0.67453E+01 0.00000E+00 0.72576E-02 0.35249E-02 0.35101E-02 0.13393E-01 0.13394E-01 0.65722E-04 0.65722E-04 -.17410E+01      3952525   2/0.44615E+00
 0.44440E+00 0.40947E+02 0.00000E+00 0.67767E-02 0.18062E-02 0.18034E-02 0.91967E-02 0.91980E-02 0.59641E-04 0.59641E-04 -.13406E+01      3952525   3/0.44440E+00
 0.44503E+00 0.25445E+03 0.00000E+00 0.48210E-02 0.42783E-03 0.42757E-03 0.48611E-02 0.48607E-02 0.41001E-04 0.41001E-04 -.92670E-01      3952525   4/0.44503E+00
 0.59006E+00 0.70905E+01 0.00000E+00 0.76369E-02 0.33470E-02 0.33655E-02 0.51889E-02 0.51917E-02 0.42108E-04 0.42108E-04 0.73057E+00      3952525   2/0.59006E+00
 0.60118E+00 0.40050E+02 0.00000E+00 0.29341E-02 0.82671E-03 0.82708E-03 0.28076E-02 0.28060E-02 0.29951E-04 0.29951E-04 0.15497E+00      3952525   3/0.60118E+00
     7637636
 FLArE10 charm $\nu_{\mu}$                                                       
Plot1@Experiment:FLArE10 charm #nu_{#mu}@ExtraLabel:#nu p (CC) @XTitle: x @YTitle: d^{2}#sigma/dxdQ^{2} @Title:Q^{2} > 4 @Ymin:0.01@Xlog@Ylog
Plot2@Experiment:FLArE10 charm #nu_{#mu}@ExtraLabel:#nu p (CC) @XTitle: x @YTitle: d^{2}#sigma/dxdQ^{2} @Title:Q^{2} > 10 @Ymin:0.01@Xlog@Ylog
Plot3@Experiment:FLArE10 charm #nu_{#mu}@ExtraLabel:#nu p (CC) @XTitle: x @YTitle: d^{2}#sigma/dxdQ^{2} @Title:Q^{2} > 100 @Ymin:0.01@Xlog@Ylog
Plot4@Experiment:FLArE10 charm #nu_{#mu}@ExtraLabel:#nu p (CC) @XTitle: x @YTitle: d^{2}#sigma/dxdQ^{2} @Title:Q^{2} > 1000 @Ymin:0.01@Xlog@Ylog
 x           Q2          dummy          data      +- uncor     +- tot     th orig         th mod   therr+         therr-     pull    iset       iplot
 0.10101E-01 0.65892E+01 0.00000E+00 0.34428E+00 0.57161E-01 0.57023E-01 0.34928E+00 0.34849E+00 0.21597E-01 0.21597E-01 -.73671E-01      7637636   2/0.10101E-01
 0.10203E-01 0.20428E+02 0.00000E+00 0.43444E+00 0.86685E-01 0.86725E-01 0.43260E+00 0.43172E+00 0.22141E-01 0.22141E-01 0.31322E-01      7637636   3/0.10203E-01
 0.13846E-01 0.66755E+01 0.00000E+00 0.24601E+00 0.49504E-01 0.49748E-01 0.23253E+00 0.23265E+00 0.13856E-01 0.13856E-01 0.26985E+00      7637636   2/0.13846E-01
 0.13965E-01 0.23321E+02 0.00000E+00 0.32518E+00 0.69489E-01 0.69908E-01 0.28877E+00 0.28881E+00 0.14144E-01 0.14144E-01 0.52347E+00      7637636   3/0.13965E-01
 0.18971E-01 0.67778E+01 0.00000E+00 0.13855E+00 0.31811E-01 0.31621E-01 0.15249E+00 0.15311E+00 0.87302E-02 0.87302E-02 -.45770E+00      7637636   2/0.18971E-01
 0.19134E-01 0.26265E+02 0.00000E+00 0.18153E+00 0.42700E-01 0.42568E-01 0.20127E+00 0.20172E+00 0.94122E-02 0.94122E-02 -.47285E+00      7637636   3/0.19134E-01
 0.26063E-01 0.68297E+01 0.00000E+00 0.85042E-01 0.22282E-01 0.22142E-01 0.97792E-01 0.98657E-01 0.54734E-02 0.54734E-02 -.61107E+00      7637636   2/0.26063E-01
 0.26257E-01 0.29404E+02 0.00000E+00 0.12652E+00 0.31987E-01 0.31982E-01 0.12777E+00 0.12846E+00 0.57679E-02 0.57679E-02 -.60687E-01      7637636   3/0.26257E-01
 0.35861E-01 0.68807E+01 0.00000E+00 0.73965E-01 0.20953E-01 0.21088E-01 0.60622E-01 0.61341E-01 0.33644E-02 0.33644E-02 0.60245E+00      7637636   2/0.35861E-01
 0.36046E-01 0.32952E+02 0.00000E+00 0.92558E-01 0.24213E-01 0.24256E-01 0.79484E-01 0.80171E-01 0.35015E-02 0.35015E-02 0.51159E+00      7637636   3/0.36046E-01
 0.49176E-01 0.68856E+01 0.00000E+00 0.28817E-01 0.89962E-02 0.89171E-02 0.37021E-01 0.37411E-01 0.19854E-02 0.19854E-02 -.95529E+00      7637636   2/0.49176E-01
 0.49383E-01 0.35974E+02 0.00000E+00 0.59487E-01 0.15889E-01 0.15919E-01 0.48346E-01 0.48818E-01 0.20721E-02 0.20721E-02 0.67144E+00      7637636   3/0.49383E-01
 0.67298E-01 0.68681E+01 0.00000E+00 0.20021E-01 0.68539E-02 0.68306E-02 0.22538E-01 0.22658E-01 0.11217E-02 0.11217E-02 -.38467E+00      7637636   2/0.67298E-01
 0.67522E-01 0.38759E+02 0.00000E+00 0.33388E-01 0.91320E-02 0.91426E-02 0.28904E-01 0.29122E-01 0.11779E-02 0.11779E-02 0.46715E+00      7637636   3/0.67522E-01
 0.68427E-01 0.17117E+03 0.00000E+00 0.26931E-01 0.65312E-02 0.65391E-02 0.26345E-01 0.26523E-01 0.10152E-02 0.10152E-02 0.62351E-01      7637636   4/0.68427E-01
 0.92385E-01 0.68921E+01 0.00000E+00 0.15183E-01 0.56210E-02 0.56353E-02 0.13641E-01 0.13637E-01 0.72010E-03 0.72010E-03 0.27504E+00      7637636   2/0.92385E-01
 0.92528E-01 0.40946E+02 0.00000E+00 0.19679E-01 0.55961E-02 0.56023E-02 0.16926E-01 0.16986E-01 0.69731E-03 0.69731E-03 0.48122E+00      7637636   3/0.92528E-01
 0.93441E-01 0.18973E+03 0.00000E+00 0.17073E-01 0.41001E-02 0.41164E-02 0.15177E-01 0.15227E-01 0.61325E-03 0.61325E-03 0.45025E+00      7637636   4/0.93441E-01
 0.12665E+00 0.68917E+01 0.00000E+00 0.78143E-02 0.31380E-02 0.31357E-02 0.80474E-02 0.80305E-02 0.53152E-03 0.53152E-03 -.68893E-01      7637636   2/0.12665E+00
 0.12694E+00 0.42359E+02 0.00000E+00 0.97763E-02 0.29097E-02 0.29100E-02 0.96358E-02 0.96416E-02 0.47192E-03 0.47192E-03 0.46300E-01      7637636   3/0.12694E+00
 0.12797E+00 0.21251E+03 0.00000E+00 0.82325E-02 0.19196E-02 0.19185E-02 0.83996E-02 0.84084E-02 0.40312E-03 0.40312E-03 -.91647E-01      7637636   4/0.12797E+00
 0.17393E+00 0.69398E+01 0.00000E+00 0.43978E-02 0.18899E-02 0.18914E-02 0.42667E-02 0.42886E-02 0.37188E-03 0.37188E-03 0.57811E-01      7637636   2/0.17393E+00
 0.17439E+00 0.43681E+02 0.00000E+00 0.59378E-02 0.17839E-02 0.17858E-02 0.51514E-02 0.51599E-02 0.32586E-03 0.32586E-03 0.43605E+00      7637636   3/0.17439E+00
 0.17561E+00 0.23568E+03 0.00000E+00 0.39349E-02 0.86963E-03 0.86735E-03 0.43156E-02 0.43248E-02 0.25885E-03 0.25885E-03 -.44831E+00      7637636   4/0.17561E+00
 0.23911E+00 0.44588E+02 0.00000E+00 0.26871E-02 0.77043E-03 0.77140E-03 0.24092E-02 0.24285E-02 0.19267E-03 0.19267E-03 0.33571E+00      7637636   3/0.23911E+00
 0.24024E+00 0.26047E+03 0.00000E+00 0.18316E-02 0.30763E-03 0.30687E-03 0.19225E-02 0.19347E-02 0.13772E-03 0.13772E-03 -.33510E+00      7637636   4/0.24024E+00
 0.32630E+00 0.45423E+02 0.00000E+00 0.10621E-02 0.26501E-03 0.26573E-03 0.94607E-03 0.95019E-03 0.84185E-04 0.84185E-04 0.42226E+00      7637636   3/0.32630E+00
 0.32743E+00 0.27890E+03 0.00000E+00 0.75075E-03 0.58949E-04 0.59570E-04 0.72435E-03 0.72292E-03 0.57004E-04 0.57004E-04 0.47219E+00      7637636   4/0.32743E+00
 0.44331E+00 0.45532E+02 0.00000E+00 0.30788E-03 0.59911E-04 0.59527E-04 0.33525E-03 0.32659E-03 0.48051E-04 0.48051E-04 -.31229E+00      7637636   3/0.44331E+00
 0.44364E+00 0.29563E+03 0.00000E+00 0.24435E-03 0.44100E-04 0.43933E-04 0.25453E-03 0.24563E-03 0.36051E-04 0.36051E-04 -.29057E-01      7637636   4/0.44364E+00
     2135226
 FLArE10 charm $\bar{\nu}_{\mu}$                                                 
Plot1@Experiment:FLArE10 charm #bar{#nu}_{#mu}@ExtraLabel:#nu p (CC) @XTitle: x @YTitle: d^{2}#sigma/dxdQ^{2} @Title:Q^{2} > 4 @Ymin:0.01@Xlog@Ylog
Plot2@Experiment:FLArE10 charm #bar{#nu}_{#mu}@ExtraLabel:#nu p (CC) @XTitle: x @YTitle: d^{2}#sigma/dxdQ^{2} @Title:Q^{2} > 10 @Ymin:0.01@Xlog@Ylog
Plot3@Experiment:FLArE10 charm #bar{#nu}_{#mu}@ExtraLabel:#nu p (CC) @XTitle: x @YTitle: d^{2}#sigma/dxdQ^{2} @Title:Q^{2} > 100 @Ymin:0.01@Xlog@Ylog
Plot4@Experiment:FLArE10 charm #bar{#nu}_{#mu}@ExtraLabel:#nu p (CC) @XTitle: x @YTitle: d^{2}#sigma/dxdQ^{2} @Title:Q^{2} > 1000 @Ymin:0.01@Xlog@Ylog
 x           Q2          dummy          data      +- uncor     +- tot     th orig         th mod   therr+         therr-     pull    iset       iplot
 0.13972E-01 0.22191E+02 0.00000E+00 0.27093E+00 0.69023E-01 0.68948E-01 0.27591E+00 0.27550E+00 0.14335E-01 0.14335E-01 -.66253E-01      2135226   3/0.13972E-01
 0.18971E-01 0.67762E+01 0.00000E+00 0.14553E+00 0.41779E-01 0.41792E-01 0.14473E+00 0.14497E+00 0.88371E-02 0.88371E-02 0.13269E-01      2135226   2/0.18971E-01
 0.19132E-01 0.25297E+02 0.00000E+00 0.20549E+00 0.55368E-01 0.55485E-01 0.19235E+00 0.19243E+00 0.95309E-02 0.95309E-02 0.23599E+00      2135226   3/0.19132E-01
 0.26051E-01 0.68256E+01 0.00000E+00 0.10777E+00 0.34075E-01 0.34297E-01 0.91193E-01 0.91696E-01 0.53644E-02 0.53644E-02 0.47174E+00      2135226   2/0.26051E-01
 0.26252E-01 0.28736E+02 0.00000E+00 0.10825E+00 0.31023E-01 0.30950E-01 0.12082E+00 0.12121E+00 0.57000E-02 0.57000E-02 -.41781E+00      2135226   3/0.26252E-01
 0.35809E-01 0.68816E+01 0.00000E+00 0.46855E-01 0.16178E-01 0.16075E-01 0.54907E-01 0.55385E-01 0.31014E-02 0.31014E-02 -.52724E+00      2135226   2/0.35809E-01
 0.36031E-01 0.32264E+02 0.00000E+00 0.63570E-01 0.18683E-01 0.18638E-01 0.73665E-01 0.74114E-01 0.32727E-02 0.32727E-02 -.56434E+00      2135226   3/0.36031E-01
 0.49027E-01 0.69073E+01 0.00000E+00 0.31378E-01 0.11421E-01 0.11415E-01 0.31851E-01 0.32162E-01 0.17134E-02 0.17134E-02 -.68608E-01      2135226   2/0.49027E-01
 0.49313E-01 0.35538E+02 0.00000E+00 0.52676E-01 0.15507E-01 0.15543E-01 0.43357E-01 0.43705E-01 0.17909E-02 0.17909E-02 0.57855E+00      2135226   3/0.49313E-01
 0.67371E-01 0.38524E+02 0.00000E+00 0.29050E-01 0.85238E-02 0.85411E-02 0.24516E-01 0.24710E-01 0.94333E-03 0.94333E-03 0.50906E+00      2135226   3/0.67371E-01
 0.92144E-01 0.40931E+02 0.00000E+00 0.10556E-01 0.30781E-02 0.30671E-02 0.13180E-01 0.13249E-01 0.52662E-03 0.52662E-03 -.87486E+00      2135226   3/0.92144E-01
 0.93110E-01 0.17977E+03 0.00000E+00 0.14438E-01 0.32632E-02 0.33169E-02 0.11683E-01 0.11741E-01 0.43770E-03 0.43770E-03 0.82651E+00      2135226   4/0.93110E-01
 0.12634E+00 0.42691E+02 0.00000E+00 0.60834E-02 0.17363E-02 0.17332E-02 0.66926E-02 0.66965E-02 0.30490E-03 0.30490E-03 -.35307E+00      2135226   3/0.12634E+00
 0.12744E+00 0.20076E+03 0.00000E+00 0.65606E-02 0.12407E-02 0.12557E-02 0.57863E-02 0.57916E-02 0.24448E-03 0.24448E-03 0.61986E+00      2135226   4/0.12744E+00
 0.17366E+00 0.44250E+02 0.00000E+00 0.31680E-02 0.82522E-03 0.82575E-03 0.30984E-02 0.30977E-02 0.16695E-03 0.16695E-03 0.85161E-01      2135226   3/0.17366E+00
 0.17493E+00 0.22319E+03 0.00000E+00 0.27359E-02 0.36848E-03 0.37261E-03 0.25869E-02 0.25887E-02 0.13015E-03 0.13015E-03 0.39936E+00      2135226   4/0.17493E+00
 0.23800E+00 0.45386E+02 0.00000E+00 0.14002E-02 0.28263E-03 0.28547E-03 0.12295E-02 0.12413E-02 0.11605E-03 0.11605E-03 0.56209E+00      2135226   3/0.23800E+00
 0.23915E+00 0.24841E+03 0.00000E+00 0.10850E-02 0.14148E-03 0.14529E-03 0.98379E-03 0.99223E-03 0.86657E-04 0.86657E-04 0.65594E+00      2135226   4/0.23915E+00
      668160
 AdvSND inclusive $\nu_{\mu}$                                                    
Plot1@Experiment:AdvSND inclusive #nu_{#mu}@ExtraLabel:#nu p (CC) @XTitle: x @YTitle: d^{2}#sigma/dxdQ^{2} @Title:Q^{2} > 4 @Ymin:0.01@Xlog@Ylog
Plot2@Experiment:AdvSND inclusive #nu_{#mu}@ExtraLabel:#nu p (CC) @XTitle: x @YTitle: d^{2}#sigma/dxdQ^{2} @Title:Q^{2} > 10 @Ymin:0.01@Xlog@Ylog
Plot3@Experiment:AdvSND inclusive #nu_{#mu}@ExtraLabel:#nu p (CC) @XTitle: x @YTitle: d^{2}#sigma/dxdQ^{2} @Title:Q^{2} > 100 @Ymin:0.01@Xlog@Ylog
Plot4@Experiment:AdvSND inclusive #nu_{#mu}@ExtraLabel:#nu p (CC) @XTitle: x @YTitle: d^{2}#sigma/dxdQ^{2} @Title:Q^{2} > 1000 @Ymin:0.01@Xlog@Ylog
 x           Q2          dummy          data      +- uncor     +- tot     th orig         th mod   therr+         therr-     pull    iset       iplot
 0.10137E-01 0.64438E+01 0.00000E+00 0.10621E+01 0.12947E+00 0.12894E+00 0.10757E+01 0.10773E+01 0.18615E-01 0.18615E-01 -.11744E+00       668160   2/0.10137E-01
 0.13915E-01 0.65365E+01 0.00000E+00 0.76665E+00 0.80303E-01 0.80372E-01 0.76443E+00 0.76628E+00 0.11511E-01 0.11511E-01 0.46008E-02       668160   2/0.13915E-01
 0.13988E-01 0.22534E+02 0.00000E+00 0.85468E+00 0.83577E-01 0.84535E-01 0.82303E+00 0.82435E+00 0.12072E-01 0.12072E-01 0.36290E+00       668160   3/0.13988E-01
 0.19081E-01 0.66242E+01 0.00000E+00 0.58880E+00 0.54229E-01 0.55314E-01 0.54640E+00 0.54820E+00 0.68196E-02 0.68196E-02 0.74860E+00       668160   2/0.19081E-01
 0.19210E-01 0.24635E+02 0.00000E+00 0.56152E+00 0.50225E-01 0.49720E-01 0.58851E+00 0.58974E+00 0.76401E-02 0.76401E-02 -.56187E+00       668160   3/0.19210E-01
 0.26198E-01 0.66751E+01 0.00000E+00 0.37075E+00 0.31362E-01 0.30925E-01 0.39094E+00 0.39257E+00 0.40085E-02 0.40085E-02 -.69559E+00       668160   2/0.26198E-01
 0.26392E-01 0.27056E+02 0.00000E+00 0.38552E+00 0.27850E-01 0.27590E-01 0.40451E+00 0.40563E+00 0.43606E-02 0.43606E-02 -.72232E+00       668160   3/0.26392E-01
 0.36031E-01 0.67515E+01 0.00000E+00 0.27331E+00 0.18845E-01 0.18820E-01 0.27449E+00 0.27566E+00 0.24133E-02 0.24133E-02 -.12451E+00       668160   2/0.36031E-01
 0.36226E-01 0.30199E+02 0.00000E+00 0.29615E+00 0.19754E-01 0.19919E-01 0.27841E+00 0.27933E+00 0.24866E-02 0.24866E-02 0.85141E+00       668160   3/0.36226E-01
 0.49409E-01 0.67668E+01 0.00000E+00 0.20462E+00 0.11510E-01 0.11770E-01 0.19257E+00 0.19324E+00 0.15100E-02 0.15100E-02 0.98908E+00       668160   2/0.49409E-01
 0.49683E-01 0.33339E+02 0.00000E+00 0.18104E+00 0.10337E-01 0.10268E-01 0.19048E+00 0.19109E+00 0.14485E-02 0.14485E-02 -.97217E+00       668160   3/0.49683E-01
 0.50321E-01 0.16584E+03 0.00000E+00 0.20209E+00 0.19688E-01 0.20924E-01 0.17399E+00 0.17445E+00 0.12537E-02 0.12537E-02 0.14037E+01       668160   4/0.50321E-01
 0.67742E-01 0.67930E+01 0.00000E+00 0.13051E+00 0.66038E-02 0.65241E-02 0.13433E+00 0.13462E+00 0.90054E-03 0.90054E-03 -.62342E+00       668160   2/0.67742E-01
 0.68073E-01 0.36146E+02 0.00000E+00 0.13394E+00 0.60634E-02 0.60913E-02 0.12954E+00 0.12984E+00 0.87194E-03 0.87194E-03 0.67666E+00       668160   3/0.68073E-01
 0.68948E-01 0.17616E+03 0.00000E+00 0.11680E+00 0.80989E-02 0.81304E-02 0.11563E+00 0.11584E+00 0.75291E-03 0.75291E-03 0.11766E+00       668160   4/0.68948E-01
 0.92913E-01 0.68700E+01 0.00000E+00 0.94783E-01 0.55735E-02 0.56132E-02 0.92281E-01 0.92417E-01 0.56536E-03 0.56536E-03 0.42456E+00       668160   2/0.92913E-01
 0.93258E-01 0.38842E+02 0.00000E+00 0.89104E-01 0.25200E-02 0.25367E-02 0.86883E-01 0.87013E-01 0.53173E-03 0.53173E-03 0.83000E+00       668160   3/0.93258E-01
 0.94276E-01 0.19073E+03 0.00000E+00 0.78885E-01 0.33159E-02 0.33795E-02 0.75859E-01 0.75940E-01 0.47261E-03 0.47261E-03 0.88814E+00       668160   4/0.94276E-01
 0.12640E+00 0.72838E+01 0.00000E+00 0.61751E-01 0.60401E-02 0.60347E-02 0.62275E-01 0.62342E-01 0.39640E-03 0.39640E-03 -.97997E-01       668160   2/0.12640E+00
 0.12807E+00 0.41040E+02 0.00000E+00 0.56687E-01 0.19518E-02 0.19524E-02 0.56560E-01 0.56603E-01 0.36762E-03 0.36762E-03 0.42762E-01       668160   3/0.12807E+00
 0.12921E+00 0.20657E+03 0.00000E+00 0.48058E-01 0.17747E-02 0.17715E-02 0.48305E-01 0.48326E-01 0.33153E-03 0.33153E-03 -.15150E+00       668160   4/0.12921E+00
 0.17241E+00 0.82035E+01 0.00000E+00 0.40321E-01 0.58586E-02 0.58636E-02 0.39859E-01 0.39899E-01 0.31888E-03 0.31888E-03 0.72048E-01       668160   2/0.17241E+00
 0.17570E+00 0.43133E+02 0.00000E+00 0.36183E-01 0.21930E-02 0.21957E-02 0.35016E-01 0.35027E-01 0.29787E-03 0.29787E-03 0.52694E+00       668160   3/0.17570E+00
 0.17742E+00 0.22519E+03 0.00000E+00 0.28219E-01 0.16065E-02 0.16027E-02 0.28974E-01 0.28977E-01 0.25591E-03 0.25591E-03 -.47198E+00       668160   4/0.17742E+00
 0.24085E+00 0.44811E+02 0.00000E+00 0.20530E-01 0.19533E-02 0.19544E-02 0.19768E-01 0.19777E-01 0.22612E-03 0.22612E-03 0.38513E+00       668160   3/0.24085E+00
 0.24260E+00 0.24806E+03 0.00000E+00 0.15400E-01 0.12661E-02 0.12653E-02 0.15747E-01 0.15749E-01 0.17735E-03 0.17735E-03 -.27544E+00       668160   4/0.24260E+00
 0.32807E+00 0.47704E+02 0.00000E+00 0.10178E-01 0.12558E-02 0.12565E-02 0.96186E-02 0.96116E-02 0.13422E-03 0.13422E-03 0.45124E+00       668160   3/0.32807E+00
 0.33102E+00 0.27231E+03 0.00000E+00 0.74204E-02 0.72651E-03 0.72686E-03 0.72153E-02 0.72043E-02 0.95960E-04 0.95960E-04 0.29746E+00       668160   4/0.33102E+00
 0.44329E+00 0.51135E+02 0.00000E+00 0.34028E-02 0.34665E-03 0.34631E-03 0.35386E-02 0.35163E-02 0.73267E-04 0.73267E-04 -.32742E+00       668160   3/0.44329E+00
 0.44617E+00 0.29870E+03 0.00000E+00 0.24242E-02 0.18408E-03 0.18398E-03 0.24610E-02 0.24422E-02 0.52094E-04 0.52094E-04 -.97576E-01       668160   4/0.44617E+00
 0.45064E+00 0.15236E+04 0.00000E+00 0.15360E-02 0.14543E-03 0.15191E-03 0.13826E-02 0.13703E-02 0.30409E-04 0.30409E-04 0.11396E+01       668160 999/0.45064E+00
 0.59823E+00 0.55173E+02 0.00000E+00 0.60639E-03 0.11282E-03 0.11233E-03 0.72468E-03 0.70421E-03 0.44526E-04 0.44526E-04 -.86697E+00       668160   3/0.59823E+00
 0.60119E+00 0.31855E+03 0.00000E+00 0.52694E-03 0.10164E-03 0.10183E-03 0.45179E-03 0.43892E-03 0.29702E-04 0.29702E-04 0.86608E+00       668160   4/0.60119E+00
     2080830
 AdvSND inclusive $\bar{\nu}_{\mu}$                                              
Plot1@Experiment:AdvSND inclusive #bar{#nu}_{#mu}@ExtraLabel:#nu p (CC) @XTitle: x @YTitle: d^{2}#sigma/dxdQ^{2} @Title:Q^{2} > 4 @Ymin:0.01@Xlog@Ylog
Plot2@Experiment:AdvSND inclusive #bar{#nu}_{#mu}@ExtraLabel:#nu p (CC) @XTitle: x @YTitle: d^{2}#sigma/dxdQ^{2} @Title:Q^{2} > 10 @Ymin:0.01@Xlog@Ylog
Plot3@Experiment:AdvSND inclusive #bar{#nu}_{#mu}@ExtraLabel:#nu p (CC) @XTitle: x @YTitle: d^{2}#sigma/dxdQ^{2} @Title:Q^{2} > 100 @Ymin:0.01@Xlog@Ylog
Plot4@Experiment:AdvSND inclusive #bar{#nu}_{#mu}@ExtraLabel:#nu p (CC) @XTitle: x @YTitle: d^{2}#sigma/dxdQ^{2} @Title:Q^{2} > 1000 @Ymin:0.01@Xlog@Ylog
 x           Q2          dummy          data      +- uncor     +- tot     th orig         th mod   therr+         therr-     pull    iset       iplot
 0.13905E-01 0.65256E+01 0.00000E+00 0.74290E+00 0.82949E-01 0.82528E-01 0.75233E+00 0.75414E+00 0.12385E-01 0.12385E-01 -.13545E+00      2080830   2/0.13905E-01
 0.14004E-01 0.20397E+02 0.00000E+00 0.72234E+00 0.78514E-01 0.78624E-01 0.71991E+00 0.72120E+00 0.13454E-01 0.13454E-01 0.14565E-01      2080830   3/0.14004E-01
 0.19071E-01 0.66030E+01 0.00000E+00 0.56944E+00 0.53374E-01 0.54244E-01 0.54710E+00 0.54903E+00 0.75798E-02 0.75798E-02 0.38236E+00      2080830   2/0.19071E-01
 0.19198E-01 0.23171E+02 0.00000E+00 0.54078E+00 0.43552E-01 0.44899E-01 0.50139E+00 0.50287E+00 0.83285E-02 0.83285E-02 0.87036E+00      2080830   3/0.19198E-01
 0.26195E-01 0.66531E+01 0.00000E+00 0.37965E+00 0.32459E-01 0.31730E-01 0.40110E+00 0.40284E+00 0.45231E-02 0.45231E-02 -.71449E+00      2080830   2/0.26195E-01
 0.26344E-01 0.26271E+02 0.00000E+00 0.33771E+00 0.21951E-01 0.21521E-01 0.35403E+00 0.35537E+00 0.53193E-02 0.53193E-02 -.80465E+00      2080830   3/0.26344E-01
 0.36021E-01 0.66967E+01 0.00000E+00 0.27229E+00 0.20530E-01 0.19966E-01 0.29035E+00 0.29165E+00 0.26206E-02 0.26206E-02 -.94299E+00      2080830   2/0.36021E-01
 0.36185E-01 0.29293E+02 0.00000E+00 0.24273E+00 0.12865E-01 0.12847E-01 0.24360E+00 0.24470E+00 0.30292E-02 0.30292E-02 -.15307E+00      2080830   3/0.36185E-01
 0.49397E-01 0.67151E+01 0.00000E+00 0.23105E+00 0.14532E-01 0.15109E-01 0.21220E+00 0.21304E+00 0.15284E-02 0.15284E-02 0.12391E+01      2080830   2/0.49397E-01
 0.49616E-01 0.31990E+02 0.00000E+00 0.17675E+00 0.77247E-02 0.78764E-02 0.16836E+00 0.16913E+00 0.16975E-02 0.16975E-02 0.98703E+00      2080830   3/0.49616E-01
 0.67706E-01 0.67389E+01 0.00000E+00 0.14328E+00 0.95352E-02 0.92194E-02 0.15550E+00 0.15596E+00 0.94036E-03 0.94036E-03 -.13293E+01      2080830   2/0.67706E-01
 0.67941E-01 0.34207E+02 0.00000E+00 0.12519E+00 0.45324E-02 0.46445E-02 0.11825E+00 0.11871E+00 0.95928E-03 0.95928E-03 0.14307E+01      2080830   3/0.67941E-01
 0.92894E-01 0.67793E+01 0.00000E+00 0.10999E+00 0.89934E-02 0.89121E-02 0.11434E+00 0.11455E+00 0.62602E-03 0.62602E-03 -.50721E+00      2080830   2/0.92894E-01
 0.93116E-01 0.36003E+02 0.00000E+00 0.86877E-01 0.30022E-02 0.30414E-02 0.83939E-01 0.84168E-01 0.57782E-03 0.57782E-03 0.90238E+00      2080830   3/0.93116E-01
 0.93987E-01 0.16645E+03 0.00000E+00 0.48246E-01 0.38366E-02 0.38572E-02 0.47667E-01 0.47850E-01 0.52113E-03 0.52113E-03 0.10321E+00      2080830   4/0.93987E-01
 0.12636E+00 0.72192E+01 0.00000E+00 0.87072E-01 0.95301E-02 0.95821E-02 0.83562E-01 0.83634E-01 0.41036E-03 0.41036E-03 0.36070E+00      2080830   2/0.12636E+00
 0.12785E+00 0.37518E+02 0.00000E+00 0.62080E-01 0.30306E-02 0.30482E-02 0.59798E-01 0.59865E-01 0.33777E-03 0.33777E-03 0.73087E+00      2080830   3/0.12785E+00
 0.12873E+00 0.18189E+03 0.00000E+00 0.32547E-01 0.23068E-02 0.23485E-02 0.30761E-01 0.30815E-01 0.29586E-03 0.29586E-03 0.75055E+00      2080830   4/0.12873E+00
 0.17230E+00 0.81666E+01 0.00000E+00 0.58673E-01 0.93780E-02 0.93655E-02 0.59479E-01 0.59487E-01 0.26792E-03 0.26792E-03 -.86832E-01      2080830   2/0.17230E+00
 0.17570E+00 0.38708E+02 0.00000E+00 0.42086E-01 0.29996E-02 0.30004E-02 0.41917E-01 0.41915E-01 0.19598E-03 0.19598E-03 0.57116E-01      2080830   3/0.17570E+00
 0.17696E+00 0.19967E+03 0.00000E+00 0.19827E-01 0.15204E-02 0.15178E-02 0.20005E-01 0.20008E-01 0.15752E-03 0.15752E-03 -.11927E+00      2080830   4/0.17696E+00
 0.24098E+00 0.39800E+02 0.00000E+00 0.28070E-01 0.27643E-02 0.27650E-02 0.27871E-01 0.27861E-01 0.11838E-03 0.11838E-03 0.75576E-01      2080830   3/0.24098E+00
 0.24242E+00 0.21702E+03 0.00000E+00 0.13408E-01 0.11112E-02 0.11185E-02 0.12712E-01 0.12708E-01 0.73633E-04 0.73633E-04 0.62975E+00      2080830   4/0.24242E+00
 0.32831E+00 0.42802E+02 0.00000E+00 0.15646E-01 0.18960E-02 0.18936E-02 0.16437E-01 0.16429E-01 0.68457E-04 0.68457E-04 -.41291E+00      2080830   3/0.32831E+00
 0.33089E+00 0.23133E+03 0.00000E+00 0.79239E-02 0.69756E-03 0.70052E-03 0.75938E-02 0.75887E-02 0.46820E-04 0.46820E-04 0.48055E+00      2080830   4/0.33089E+00
 0.44355E+00 0.47137E+02 0.00000E+00 0.76321E-02 0.78217E-03 0.78088E-03 0.78616E-02 0.78622E-02 0.54733E-04 0.54733E-04 -.29421E+00      2080830   3/0.44355E+00
 0.44643E+00 0.24773E+03 0.00000E+00 0.38404E-02 0.28151E-03 0.28378E-03 0.36636E-02 0.36625E-02 0.37875E-04 0.37875E-04 0.63207E+00      2080830   4/0.44643E+00
 0.59922E+00 0.52261E+02 0.00000E+00 0.24699E-02 0.42964E-03 0.43088E-03 0.23400E-02 0.23384E-02 0.28072E-04 0.28072E-04 0.30613E+00      2080830   3/0.59922E+00
 0.60352E+00 0.26179E+03 0.00000E+00 0.94850E-03 0.24331E-03 0.24246E-03 0.10520E-02 0.10507E-02 0.22485E-04 0.22485E-04 -.42018E+00      2080830   4/0.60352E+00
     4151367
 AdvSND charm $\nu_{\mu}$                                                        
Plot1@Experiment:AdvSND charm #nu_{#mu}@ExtraLabel:#nu p (CC) @XTitle: x @YTitle: d^{2}#sigma/dxdQ^{2} @Title:Q^{2} > 4 @Ymin:0.01@Xlog@Ylog
Plot2@Experiment:AdvSND charm #nu_{#mu}@ExtraLabel:#nu p (CC) @XTitle: x @YTitle: d^{2}#sigma/dxdQ^{2} @Title:Q^{2} > 10 @Ymin:0.01@Xlog@Ylog
Plot3@Experiment:AdvSND charm #nu_{#mu}@ExtraLabel:#nu p (CC) @XTitle: x @YTitle: d^{2}#sigma/dxdQ^{2} @Title:Q^{2} > 100 @Ymin:0.01@Xlog@Ylog
Plot4@Experiment:AdvSND charm #nu_{#mu}@ExtraLabel:#nu p (CC) @XTitle: x @YTitle: d^{2}#sigma/dxdQ^{2} @Title:Q^{2} > 1000 @Ymin:0.01@Xlog@Ylog
 x           Q2          dummy          data      +- uncor     +- tot     th orig         th mod   therr+         therr-     pull    iset       iplot
 0.26299E-01 0.28239E+02 0.00000E+00 0.12402E+00 0.11027E-01 0.10972E-01 0.12535E+00 0.12604E+00 0.57629E-02 0.57629E-02 -.18269E+00      4151367   3/0.26299E-01
 0.36126E-01 0.31507E+02 0.00000E+00 0.77418E-01 0.58453E-02 0.58519E-02 0.77229E-01 0.77924E-01 0.34935E-02 0.34935E-02 -.86650E-01      4151367   3/0.36126E-01
 0.49521E-01 0.34740E+02 0.00000E+00 0.47939E-01 0.31258E-02 0.31684E-02 0.46556E-01 0.47037E-01 0.20607E-02 0.20607E-02 0.28844E+00      4151367   3/0.49521E-01
 0.67771E-01 0.37625E+02 0.00000E+00 0.29269E-01 0.17126E-02 0.17584E-02 0.27628E-01 0.27852E-01 0.11662E-02 0.11662E-02 0.82754E+00      4151367   3/0.67771E-01
 0.92853E-01 0.40246E+02 0.00000E+00 0.15552E-01 0.94507E-03 0.93096E-03 0.16160E-01 0.16223E-01 0.68934E-03 0.68934E-03 -.71028E+00      4151367   3/0.92853E-01
 0.12745E+00 0.42465E+02 0.00000E+00 0.87907E-02 0.66794E-03 0.66107E-03 0.92001E-02 0.92082E-02 0.46262E-03 0.46262E-03 -.62514E+00      4151367   3/0.12745E+00
 0.12860E+00 0.20674E+03 0.00000E+00 0.74573E-02 0.72490E-03 0.70292E-03 0.80756E-02 0.80853E-02 0.39788E-03 0.39788E-03 -.86633E+00      4151367   4/0.12860E+00
 0.17496E+00 0.44398E+02 0.00000E+00 0.49117E-02 0.44406E-03 0.44374E-03 0.49346E-02 0.49432E-02 0.31474E-03 0.31474E-03 -.70944E-01      4151367   3/0.17496E+00
 0.17665E+00 0.22576E+03 0.00000E+00 0.45606E-02 0.41529E-03 0.42682E-03 0.41200E-02 0.41290E-02 0.25188E-03 0.25188E-03 0.10392E+01      4151367   4/0.17665E+00
 0.23982E+00 0.46253E+02 0.00000E+00 0.24966E-02 0.24389E-03 0.24675E-03 0.23060E-02 0.23240E-02 0.18185E-03 0.18185E-03 0.70775E+00      4151367   3/0.23982E+00
 0.24161E+00 0.24747E+03 0.00000E+00 0.16461E-02 0.15752E-03 0.15371E-03 0.18201E-02 0.18315E-02 0.13013E-03 0.13013E-03 -.11767E+01      4151367   4/0.24161E+00
 0.32655E+00 0.49270E+02 0.00000E+00 0.10141E-02 0.97414E-04 0.99892E-04 0.90108E-03 0.90408E-03 0.76341E-04 0.76341E-04 0.11297E+01      4151367   3/0.32655E+00
 0.32960E+00 0.27136E+03 0.00000E+00 0.63914E-03 0.52617E-04 0.51851E-04 0.66763E-03 0.66533E-03 0.49878E-04 0.49878E-04 -.49767E+00      4151367   4/0.32960E+00
 0.44266E+00 0.52544E+02 0.00000E+00 0.34937E-03 0.36397E-04 0.37541E-04 0.31707E-03 0.30833E-03 0.43084E-04 0.43084E-04 0.11277E+01      4151367   3/0.44266E+00
 0.44595E+00 0.29872E+03 0.00000E+00 0.23196E-03 0.19359E-04 0.19456E-04 0.22913E-03 0.22026E-03 0.30903E-04 0.30903E-04 0.60462E+00      4151367   4/0.44595E+00
