    0   'Adbar'    0.1613    0.00534559
    1   'Agp'    0.07311    0.299839
    2   'Bdbar'    -0.1273    0.00434012
    3   'Bdv'    1.02999    0.0743046
    4   'Bg'    -0.061953    0.290767
    5   'Bgp'    -0.3831    0.211587
    6   'Buv'    0.810476    0.022351
    7   'Cdbar'    9.58625    1.45731
    8   'Cdv'    4.84628    0.301111
    9   'Cg'    5.56237    1.04586
   10   'Cubar'    7.05969    2.4636
   11   'Cuv'    4.82351    0.0660505
   12   'Dubar'    1.5481    3.21709
   13   'Euv'    9.92136    1.03851
