    1   'Adbar'    0.161316    0.000005
    2   'Adv'    1.000000    0.000000
    3   'Ag'    1.000000    0.000000
    4   'Agp'    0.167230    0.000182
    5   'Aubar'    0.000000    0.000000
    6   'Auv'    1.000000    0.000000
    7   'Bdbar'   -0.127268    0.000039
    8   'Bdv'    1.030039    0.000630
    9   'Bg'   -0.063320    0.000214
   10   'Bgp'   -0.383292    0.000265
   11   'Bubar'    0.000000    0.000000
   12   'Buv'    0.810612    0.000165
   13   'Cdbar'    9.591460    0.015178
   14   'Cdv'    4.846153    0.003035
   15   'Cg'    5.546686    0.003484
   16   'Cgp'   25.000000    0.000000
   17   'Cubar'    7.052000    0.008439
   18   'Cuv'    4.823425    0.006468
   19   'Dubar'    1.527467    0.011519
   20   'Duv'    0.000000    0.000000
   21   'Euv'    9.915500    0.008579
   22   'ZERO'    0.000000    0.000000
   23   'fs'    0.400000    0.000000
