    0   'Adbar'    0.151394    0.0310495
    1   'Agp'    1.99103    0.457711
    2   'Bdbar'    -0.112162    0.011413
    3   'Bdv'    1.16472    0.0824086
    4   'Bg'    0.608373    0.0870459
    5   'Bgp'    0.804728    0.0418334
    6   'Buv'    0.684537    0.4777
    7   'Cdbar'    8.18362    2.24538
    8   'Cdv'    5.2165    0.340596
    9   'Cg'    18.3957    2.33195
   10   'Cubar'    5.0652    5.41778
   11   'Cuv'    3.57013    0.0880339
   12   'Dubar'    -0.411221    0.909842
   13   'Eubar'    0.769096    0.960219
   14   'Euv'    -0.671945    0.89669
