    1   'Ag'    1.000000    0.000000
    2   'As'    0.891686    0.411421
    3   'Av'    1.000000    0.000000
    4   'ZERO'    0.000000    0.000000
    5   'delBg'   -0.070555    0.264591
    6   'delBs'   -0.048765    0.163083
    7   'delBv'   -0.302411    0.094832
    8   'delCg'    0.000000    0.000000
    9   'delCs'   -4.305617    0.681248
   10   'delCv'   -0.304962    0.207919
   11   'delDg'    0.000000    0.000000
   12   'delDs'    0.000000    0.000000
   13   'delDv'    0.000000    0.000000
   14   'delEg'   -2.229191    1.648809
   15   'delEs'    0.070126    0.091013
   16   'delEv'   -0.200700    0.181289
   17   'delFg'    0.000000    0.000000
   18   'delFs'    0.461555    0.039760
   19   'delFv'    0.097238    0.165078
   20   'delGs'    0.000000    0.000000
   21   'delGv'    0.000000    0.000000
   22   'gifl'    0.000000    0.000000
   23   'sifl'    1.000000    0.000000
   24   'vifl'    2.000000    0.000000
