          11
     8259568
 FASER$\nu$2 inclusive $\nu_{\mu}$                                               
Plot1@Experiment:FASER#nu2 inclusive #nu_{#mu}@ExtraLabel:#nu p (CC) @XTitle: x @YTitle: d^{2}#sigma/dxdQ^{2} @Title:Q^{2} > 4 @Ymin:0.01@Xlog@Ylog
Plot2@Experiment:FASER#nu2 inclusive #nu_{#mu}@ExtraLabel:#nu p (CC) @XTitle: x @YTitle: d^{2}#sigma/dxdQ^{2} @Title:Q^{2} > 10 @Ymin:0.01@Xlog@Ylog
Plot3@Experiment:FASER#nu2 inclusive #nu_{#mu}@ExtraLabel:#nu p (CC) @XTitle: x @YTitle: d^{2}#sigma/dxdQ^{2} @Title:Q^{2} > 100 @Ymin:0.01@Xlog@Ylog
Plot4@Experiment:FASER#nu2 inclusive #nu_{#mu}@ExtraLabel:#nu p (CC) @XTitle: x @YTitle: d^{2}#sigma/dxdQ^{2} @Title:Q^{2} > 1000 @Ymin:0.01@Xlog@Ylog
 x           Q2          dummy          data      +- uncor     +- tot     th orig         th mod   therr+         therr-     pull    iset       iplot
 0.20989E-02 0.57602E+01 0.00000E+00 0.58320E+01 0.51999E+00 0.51717E+00 0.58958E+01 0.58727E+01 0.15280E+00 0.15280E+00 -.78149E-01      8259568   2/0.20989E-02
 0.28663E-02 0.61423E+01 0.00000E+00 0.42918E+01 0.26723E+00 0.26750E+00 0.42829E+01 0.42700E+01 0.10038E+00 0.10038E+00 0.81440E-01      8259568   2/0.28663E-02
 0.39346E-02 0.62825E+01 0.00000E+00 0.31588E+01 0.14433E+00 0.14586E+00 0.30927E+01 0.30871E+01 0.65534E-01 0.65534E-01 0.49641E+00      8259568   2/0.39346E-02
 0.39573E-02 0.15396E+02 0.00000E+00 0.37123E+01 0.26281E+00 0.27247E+00 0.34535E+01 0.34504E+01 0.71943E-01 0.71943E-01 0.99655E+00      8259568   3/0.39573E-02
 0.53944E-02 0.64056E+01 0.00000E+00 0.22002E+01 0.80831E-01 0.79817E-01 0.22564E+01 0.22557E+01 0.43382E-01 0.43382E-01 -.68740E+00      8259568   2/0.53944E-02
 0.54440E-02 0.16841E+02 0.00000E+00 0.23400E+01 0.11110E+00 0.10908E+00 0.24274E+01 0.24280E+01 0.46792E-01 0.46792E-01 -.79256E+00      8259568   3/0.54440E-02
 0.73953E-02 0.65784E+01 0.00000E+00 0.15721E+01 0.47465E-01 0.46829E-01 0.16151E+01 0.16170E+01 0.28888E-01 0.28888E-01 -.94638E+00      8259568   2/0.73953E-02
 0.74684E-02 0.19000E+02 0.00000E+00 0.17111E+01 0.54633E-01 0.54569E-01 0.17151E+01 0.17175E+01 0.30518E-01 0.30518E-01 -.11834E+00      8259568   3/0.74684E-02
 0.10102E-01 0.66230E+01 0.00000E+00 0.12061E+01 0.29991E-01 0.30518E-01 0.11648E+01 0.11678E+01 0.18817E-01 0.18817E-01 0.12788E+01      8259568   2/0.10102E-01
 0.10206E-01 0.21316E+02 0.00000E+00 0.12464E+01 0.28202E-01 0.28591E-01 0.12127E+01 0.12158E+01 0.19600E-01 0.19600E-01 0.10860E+01      8259568   3/0.10206E-01
 0.13876E-01 0.66784E+01 0.00000E+00 0.80671E+00 0.18073E-01 0.17809E-01 0.83081E+00 0.83399E+00 0.11632E-01 0.11632E-01 -.15096E+01      8259568   2/0.13876E-01
 0.13990E-01 0.24650E+02 0.00000E+00 0.90102E+00 0.15328E-01 0.15547E-01 0.87574E+00 0.87866E+00 0.12826E-01 0.12826E-01 0.14593E+01      8259568   3/0.13990E-01
 0.19034E-01 0.67492E+01 0.00000E+00 0.58304E+00 0.11569E-01 0.11500E-01 0.59010E+00 0.59310E+00 0.68972E-02 0.68972E-02 -.87018E+00      8259568   2/0.19034E-01
 0.19181E-01 0.27891E+02 0.00000E+00 0.62161E+00 0.82970E-02 0.83584E-02 0.61251E+00 0.61511E+00 0.75308E-02 0.75308E-02 0.78377E+00      8259568   3/0.19181E-01
 0.19675E-01 0.12406E+03 0.00000E+00 0.56655E+00 0.54511E-01 0.54929E-01 0.55796E+00 0.56038E+00 0.66081E-02 0.66081E-02 0.11309E+00      8259568   4/0.19675E-01
 0.25853E-01 0.72799E+01 0.00000E+00 0.43012E+00 0.85185E-02 0.85666E-02 0.42531E+00 0.42788E+00 0.41456E-02 0.41456E-02 0.26319E+00      8259568   2/0.25853E-01
 0.26328E-01 0.31248E+02 0.00000E+00 0.42862E+00 0.46000E-02 0.46276E-02 0.42351E+00 0.42561E+00 0.42875E-02 0.42875E-02 0.65289E+00      8259568   3/0.26328E-01
 0.26832E-01 0.13431E+03 0.00000E+00 0.40060E+00 0.19425E-01 0.19873E-01 0.38273E+00 0.38463E+00 0.37923E-02 0.37923E-02 0.82196E+00      8259568   4/0.26832E-01
 0.35304E-01 0.82902E+01 0.00000E+00 0.30019E+00 0.71365E-02 0.71250E-02 0.30115E+00 0.30296E+00 0.25281E-02 0.25281E-02 -.38861E+00      8259568   2/0.35304E-01
 0.36138E-01 0.34865E+02 0.00000E+00 0.29213E+00 0.26067E-02 0.26079E-02 0.29188E+00 0.29344E+00 0.24459E-02 0.24459E-02 -.50310E+00      8259568   3/0.36138E-01
 0.36733E-01 0.14544E+03 0.00000E+00 0.25886E+00 0.75443E-02 0.75269E-02 0.26005E+00 0.26141E+00 0.21683E-02 0.21683E-02 -.33877E+00      8259568   4/0.36733E-01
 0.45562E-01 0.92623E+01 0.00000E+00 0.22722E+00 0.10179E-01 0.10209E-01 0.22587E+00 0.22706E+00 0.17129E-02 0.17129E-02 0.15610E-01      8259568   2/0.45562E-01
 0.49556E-01 0.37942E+02 0.00000E+00 0.20089E+00 0.15225E-02 0.15282E-02 0.19939E+00 0.20039E+00 0.14347E-02 0.14347E-02 0.33253E+00      8259568   3/0.49556E-01
 0.50219E-01 0.16073E+03 0.00000E+00 0.17290E+00 0.32524E-02 0.32297E-02 0.17533E+00 0.17615E+00 0.12608E-02 0.12608E-02 -.99985E+00      8259568   4/0.50219E-01
 0.67719E-01 0.42961E+02 0.00000E+00 0.13591E+00 0.93580E-03 0.93829E-03 0.13519E+00 0.13571E+00 0.86916E-03 0.86916E-03 0.21364E+00      8259568   3/0.67719E-01
 0.68789E-01 0.17726E+03 0.00000E+00 0.11618E+00 0.14658E-02 0.14613E-02 0.11691E+00 0.11731E+00 0.75406E-03 0.75406E-03 -.76819E+00      8259568   4/0.68789E-01
 0.92835E-01 0.48878E+02 0.00000E+00 0.90106E-01 0.58876E-03 0.59052E-03 0.89569E-01 0.89796E-01 0.52648E-03 0.52648E-03 0.52672E+00      8259568   3/0.92835E-01
 0.94073E-01 0.20012E+03 0.00000E+00 0.77039E-01 0.70264E-03 0.70441E-03 0.76652E-01 0.76800E-01 0.47031E-03 0.47031E-03 0.33971E+00      8259568   4/0.94073E-01
 0.12731E+00 0.55112E+02 0.00000E+00 0.57358E-01 0.36832E-03 0.36749E-03 0.57618E-01 0.57674E-01 0.36359E-03 0.36359E-03 -.85690E+00      8259568   3/0.12731E+00
 0.12895E+00 0.22667E+03 0.00000E+00 0.48432E-01 0.34059E-03 0.34016E-03 0.48554E-01 0.48567E-01 0.32843E-03 0.32843E-03 -.39637E+00      8259568   4/0.12895E+00
 0.17459E+00 0.62022E+02 0.00000E+00 0.35404E-01 0.23435E-03 0.23529E-03 0.35124E-01 0.35088E-01 0.29419E-03 0.29419E-03 0.13482E+01      8259568   3/0.17459E+00
 0.17671E+00 0.25496E+03 0.00000E+00 0.28788E-01 0.16614E-03 0.16535E-03 0.29064E-01 0.29013E-01 0.25381E-03 0.25381E-03 -.13585E+01      8259568   4/0.17671E+00
 0.18194E+00 0.12086E+04 0.00000E+00 0.21008E-01 0.11411E-02 0.11937E-02 0.19200E-01 0.19154E-01 0.17682E-03 0.17682E-03 0.16243E+01      8259568 999/0.18194E+00
 0.23837E+00 0.69802E+02 0.00000E+00 0.19344E-01 0.14856E-03 0.14750E-03 0.19623E-01 0.19577E-01 0.22138E-03 0.22138E-03 -.15683E+01      8259568   3/0.23837E+00
 0.24163E+00 0.28554E+03 0.00000E+00 0.15584E-01 0.80937E-04 0.80527E-04 0.15743E-01 0.15699E-01 0.17627E-03 0.17627E-03 -.14232E+01      8259568   4/0.24163E+00
 0.24714E+00 0.12894E+04 0.00000E+00 0.10056E-01 0.31756E-03 0.31679E-03 0.10105E-01 0.10074E-01 0.11416E-03 0.11416E-03 -.56769E-01      8259568 999/0.24714E+00
 0.32294E+00 0.79046E+02 0.00000E+00 0.97220E-02 0.10032E-03 0.10138E-03 0.95196E-02 0.95096E-02 0.13057E-03 0.13057E-03 0.21177E+01      8259568   3/0.32294E+00
 0.32961E+00 0.31154E+03 0.00000E+00 0.72240E-02 0.37120E-04 0.37149E-04 0.72125E-02 0.72004E-02 0.95963E-04 0.95963E-04 0.63643E+00      8259568   4/0.32961E+00
 0.33459E+00 0.13871E+04 0.00000E+00 0.45951E-02 0.10009E-03 0.10182E-03 0.44406E-02 0.44307E-02 0.58576E-04 0.58576E-04 0.16425E+01      8259568 999/0.33459E+00
 0.42526E+00 0.89692E+02 0.00000E+00 0.38522E-02 0.79669E-04 0.79872E-04 0.38326E-02 0.38199E-02 0.72656E-04 0.72656E-04 0.40586E+00      8259568   3/0.42526E+00
 0.44461E+00 0.33532E+03 0.00000E+00 0.24452E-02 0.15029E-04 0.14962E-04 0.24674E-02 0.24544E-02 0.51861E-04 0.51861E-04 -.61296E+00      8259568   4/0.44461E+00
 0.45056E+00 0.14924E+04 0.00000E+00 0.13794E-02 0.28285E-04 0.28046E-04 0.14030E-02 0.13946E-02 0.30782E-04 0.30782E-04 -.53921E+00      8259568 999/0.45056E+00
 0.59687E+00 0.36359E+03 0.00000E+00 0.46592E-03 0.48987E-05 0.48860E-05 0.46836E-03 0.46556E-03 0.31379E-04 0.31379E-04 0.74746E-01      8259568   4/0.59687E+00
 0.60206E+00 0.16121E+04 0.00000E+00 0.24582E-03 0.68369E-05 0.68610E-05 0.24409E-03 0.24306E-03 0.17262E-04 0.17262E-04 0.40313E+00      8259568 999/0.60206E+00
     7779378
 FASER$\nu$2 inclusive $\bar{\nu}_{\mu}$                                         
Plot1@Experiment:FASER#nu2 inclusive #bar{#nu}_{#mu}@ExtraLabel:#nu p (CC) @XTitle: x @YTitle: d^{2}#sigma/dxdQ^{2} @Title:Q^{2} > 4 @Ymin:0.01@Xlog@Ylog
Plot2@Experiment:FASER#nu2 inclusive #bar{#nu}_{#mu}@ExtraLabel:#nu p (CC) @XTitle: x @YTitle: d^{2}#sigma/dxdQ^{2} @Title:Q^{2} > 10 @Ymin:0.01@Xlog@Ylog
Plot3@Experiment:FASER#nu2 inclusive #bar{#nu}_{#mu}@ExtraLabel:#nu p (CC) @XTitle: x @YTitle: d^{2}#sigma/dxdQ^{2} @Title:Q^{2} > 100 @Ymin:0.01@Xlog@Ylog
Plot4@Experiment:FASER#nu2 inclusive #bar{#nu}_{#mu}@ExtraLabel:#nu p (CC) @XTitle: x @YTitle: d^{2}#sigma/dxdQ^{2} @Title:Q^{2} > 1000 @Ymin:0.01@Xlog@Ylog
 x           Q2          dummy          data      +- uncor     +- tot     th orig         th mod   therr+         therr-     pull    iset       iplot
 0.28656E-02 0.60757E+01 0.00000E+00 0.40156E+01 0.33431E+00 0.33261E+00 0.40566E+01 0.40414E+01 0.10283E+00 0.10283E+00 -.77098E-01      7779378   2/0.28656E-02
 0.39360E-02 0.62580E+01 0.00000E+00 0.29540E+01 0.18026E+00 0.18044E+00 0.29480E+01 0.29406E+01 0.68029E-01 0.68029E-01 0.74399E-01      7779378   2/0.39360E-02
 0.53949E-02 0.63743E+01 0.00000E+00 0.22028E+01 0.10369E+00 0.10482E+00 0.21554E+01 0.21528E+01 0.45212E-01 0.45212E-01 0.48218E+00      7779378   2/0.53949E-02
 0.54476E-02 0.15809E+02 0.00000E+00 0.23664E+01 0.15027E+00 0.15522E+00 0.22179E+01 0.22163E+01 0.48863E-01 0.48863E-01 0.99877E+00      7779378   3/0.54476E-02
 0.73934E-02 0.64829E+01 0.00000E+00 0.15147E+01 0.59450E-01 0.58654E-01 0.15561E+01 0.15563E+01 0.29980E-01 0.29980E-01 -.70034E+00      7779378   2/0.73934E-02
 0.74618E-02 0.17814E+02 0.00000E+00 0.15165E+01 0.68594E-01 0.67405E-01 0.15704E+01 0.15711E+01 0.32248E-01 0.32248E-01 -.79643E+00      7779378   3/0.74618E-02
 0.10117E-01 0.65704E+01 0.00000E+00 0.11013E+01 0.36584E-01 0.36044E-01 0.11345E+01 0.11363E+01 0.19562E-01 0.19562E-01 -.95716E+00      7779378   2/0.10117E-01
 0.10200E-01 0.20091E+02 0.00000E+00 0.11071E+01 0.35434E-01 0.35392E-01 0.11097E+01 0.11116E+01 0.21053E-01 0.21053E-01 -.12882E+00      7779378   3/0.10200E-01
 0.13879E-01 0.66432E+01 0.00000E+00 0.86307E+00 0.24033E-01 0.24507E-01 0.83002E+00 0.83264E+00 0.12343E-01 0.12343E-01 0.12661E+01      7779378   2/0.13879E-01
 0.13987E-01 0.23255E+02 0.00000E+00 0.79979E+00 0.18894E-01 0.19167E-01 0.77722E+00 0.77978E+00 0.13386E-01 0.13386E-01 0.10589E+01      7779378   3/0.13987E-01
 0.19017E-01 0.67313E+01 0.00000E+00 0.58557E+00 0.15113E-01 0.14859E-01 0.60577E+00 0.60865E+00 0.75418E-02 0.75418E-02 -.15270E+01      7779378   2/0.19017E-01
 0.19165E-01 0.26411E+02 0.00000E+00 0.57392E+00 0.10594E-01 0.10759E-01 0.55646E+00 0.55905E+00 0.87594E-02 0.87594E-02 0.14029E+01      7779378   3/0.19165E-01
 0.25885E-01 0.72607E+01 0.00000E+00 0.43911E+00 0.11333E-01 0.11244E-01 0.44604E+00 0.44864E+00 0.45955E-02 0.45955E-02 -.84092E+00      7779378   2/0.25885E-01
 0.26308E-01 0.29622E+02 0.00000E+00 0.39131E+00 0.58724E-02 0.59213E-02 0.38488E+00 0.38714E+00 0.51934E-02 0.51934E-02 0.71114E+00      7779378   3/0.26308E-01
 0.26865E-01 0.12782E+03 0.00000E+00 0.29852E+00 0.26503E-01 0.26691E-01 0.29434E+00 0.29640E+00 0.47897E-02 0.47897E-02 0.79996E-01      7779378   4/0.26865E-01
 0.35307E-01 0.82501E+01 0.00000E+00 0.32922E+00 0.99995E-02 0.10086E-01 0.32359E+00 0.32545E+00 0.27390E-02 0.27390E-02 0.37686E+00      7779378   2/0.35307E-01
 0.36137E-01 0.32593E+02 0.00000E+00 0.27095E+00 0.34181E-02 0.34422E-02 0.26716E+00 0.26881E+00 0.29565E-02 0.29565E-02 0.62543E+00      7779378   3/0.36137E-01
 0.36760E-01 0.13715E+03 0.00000E+00 0.20042E+00 0.98421E-02 0.10072E-01 0.19137E+00 0.19288E+00 0.27312E-02 0.27312E-02 0.76559E+00      7779378   4/0.36760E-01
 0.45477E-01 0.92615E+01 0.00000E+00 0.24624E+00 0.14497E-01 0.14439E-01 0.24820E+00 0.24952E+00 0.17799E-02 0.17799E-02 -.22676E+00      7779378   2/0.45477E-01
 0.49509E-01 0.35208E+02 0.00000E+00 0.18710E+00 0.20557E-02 0.20568E-02 0.18690E+00 0.18804E+00 0.16649E-02 0.16649E-02 -.45644E+00      7779378   3/0.49509E-01
 0.50152E-01 0.14966E+03 0.00000E+00 0.12397E+00 0.40257E-02 0.40154E-02 0.12461E+00 0.12565E+00 0.15345E-02 0.15345E-02 -.41599E+00      7779378   4/0.50152E-01
 0.67620E-01 0.39932E+02 0.00000E+00 0.13047E+00 0.13325E-02 0.13334E-02 0.13029E+00 0.13102E+00 0.94935E-03 0.94935E-03 -.41586E+00      7779378   3/0.67620E-01
 0.68601E-01 0.16496E+03 0.00000E+00 0.82803E-01 0.18847E-02 0.19061E-02 0.80957E-01 0.81600E-01 0.86495E-03 0.86495E-03 0.63830E+00      7779378   4/0.68601E-01
 0.92686E-01 0.45991E+02 0.00000E+00 0.89673E-01 0.89208E-03 0.88879E-03 0.90337E-01 0.90741E-01 0.57031E-03 0.57031E-03 -.11976E+01      7779378   3/0.92686E-01
 0.93759E-01 0.18239E+03 0.00000E+00 0.53731E-01 0.92109E-03 0.92723E-03 0.53021E-01 0.53366E-01 0.51159E-03 0.51159E-03 0.39619E+00      7779378   4/0.93759E-01
 0.12712E+00 0.52437E+02 0.00000E+00 0.62187E-01 0.61871E-03 0.61719E-03 0.62494E-01 0.62659E-01 0.33089E-03 0.33089E-03 -.76312E+00      7779378   3/0.12712E+00
 0.12857E+00 0.20147E+03 0.00000E+00 0.35172E-01 0.48150E-03 0.48452E-03 0.34734E-01 0.34883E-01 0.28780E-03 0.28780E-03 0.60026E+00      7779378   4/0.12857E+00
 0.17450E+00 0.59965E+02 0.00000E+00 0.42416E-01 0.44372E-03 0.44500E-03 0.42172E-01 0.42236E-01 0.18940E-03 0.18940E-03 0.40513E+00      7779378   3/0.17450E+00
 0.17657E+00 0.22007E+03 0.00000E+00 0.22834E-01 0.26747E-03 0.26637E-03 0.23023E-01 0.23086E-01 0.15348E-03 0.15348E-03 -.94204E+00      7779378   4/0.17657E+00
 0.23858E+00 0.68598E+02 0.00000E+00 0.26952E-01 0.32600E-03 0.32530E-03 0.27069E-01 0.27089E-01 0.11137E-03 0.11137E-03 -.41908E+00      7779378   3/0.23858E+00
 0.24205E+00 0.23869E+03 0.00000E+00 0.15005E-01 0.15785E-03 0.15885E-03 0.14817E-01 0.14836E-01 0.74481E-04 0.74481E-04 0.10669E+01      7779378   4/0.24205E+00
 0.32346E+00 0.78536E+02 0.00000E+00 0.15296E-01 0.25114E-03 0.24775E-03 0.15717E-01 0.15709E-01 0.65525E-04 0.65525E-04 -.16476E+01      7779378   3/0.32346E+00
 0.33044E+00 0.25480E+03 0.00000E+00 0.88880E-02 0.90670E-04 0.91440E-04 0.87390E-02 0.87376E-02 0.48577E-04 0.48577E-04 0.16589E+01      7779378   4/0.33044E+00
 0.33640E+00 0.12775E+04 0.00000E+00 0.15541E-02 0.14099E-03 0.12956E-03 0.18405E-02 0.18449E-02 0.30071E-04 0.30071E-04 -.20624E+01      7779378 999/0.33640E+00
 0.42509E+00 0.89490E+02 0.00000E+00 0.75650E-02 0.24575E-03 0.23808E-03 0.80603E-02 0.80571E-02 0.52858E-04 0.52858E-04 -.20027E+01      7779378   3/0.42509E+00
 0.44575E+00 0.27349E+03 0.00000E+00 0.41612E-02 0.48264E-04 0.48220E-04 0.41687E-02 0.41693E-02 0.38785E-04 0.38785E-04 -.16683E+00      7779378   4/0.44575E+00
 0.45067E+00 0.13322E+04 0.00000E+00 0.11581E-02 0.76298E-04 0.81593E-04 0.10126E-02 0.10163E-02 0.22492E-04 0.22492E-04 0.18583E+01      7779378 999/0.45067E+00
 0.59837E+00 0.30476E+03 0.00000E+00 0.12113E-02 0.22855E-04 0.22921E-04 0.12042E-02 0.12078E-02 0.22574E-04 0.22574E-04 0.15195E+00      7779378   4/0.59837E+00
 0.60761E+00 0.14045E+04 0.00000E+00 0.34758E-03 0.28148E-04 0.29995E-04 0.30610E-03 0.31021E-03 0.15013E-04 0.15013E-04 0.13278E+01      7779378 999/0.60761E+00
     2686249
 FASER$\nu$2 charm $\nu_{\mu}$                                                   
Plot1@Experiment:FASER#nu2 charm #nu_{#mu}@ExtraLabel:#nu p (CC) @XTitle: x @YTitle: d^{2}#sigma/dxdQ^{2} @Title:Q^{2} > 4 @Ymin:0.01@Xlog@Ylog
Plot2@Experiment:FASER#nu2 charm #nu_{#mu}@ExtraLabel:#nu p (CC) @XTitle: x @YTitle: d^{2}#sigma/dxdQ^{2} @Title:Q^{2} > 10 @Ymin:0.01@Xlog@Ylog
Plot3@Experiment:FASER#nu2 charm #nu_{#mu}@ExtraLabel:#nu p (CC) @XTitle: x @YTitle: d^{2}#sigma/dxdQ^{2} @Title:Q^{2} > 100 @Ymin:0.01@Xlog@Ylog
Plot4@Experiment:FASER#nu2 charm #nu_{#mu}@ExtraLabel:#nu p (CC) @XTitle: x @YTitle: d^{2}#sigma/dxdQ^{2} @Title:Q^{2} > 1000 @Ymin:0.01@Xlog@Ylog
 x           Q2          dummy          data      +- uncor     +- tot     th orig         th mod   therr+         therr-     pull    iset       iplot
 0.39324E-02 0.63733E+01 0.00000E+00 0.11348E+01 0.90310E-01 0.89874E-01 0.11459E+01 0.11381E+01 0.77832E-01 0.77832E-01 -.36742E-01      2686249   2/0.39324E-02
 0.53848E-02 0.65074E+01 0.00000E+00 0.80153E+00 0.51094E-01 0.51148E-01 0.79983E+00 0.79518E+00 0.51328E-01 0.51328E-01 0.12420E+00      2686249   2/0.53848E-02
 0.54423E-02 0.17046E+02 0.00000E+00 0.10065E+01 0.75041E-01 0.76346E-01 0.97237E+00 0.96827E+00 0.52749E-01 0.52749E-01 0.50925E+00      2686249   3/0.54423E-02
 0.73778E-02 0.66309E+01 0.00000E+00 0.57806E+00 0.30289E-01 0.31111E-01 0.54795E+00 0.54559E+00 0.33824E-01 0.33824E-01 0.10719E+01      2686249   2/0.73778E-02
 0.74527E-02 0.19413E+02 0.00000E+00 0.64255E+00 0.34743E-01 0.34103E-01 0.66687E+00 0.66496E+00 0.34365E-01 0.34365E-01 -.64506E+00      2686249   3/0.74527E-02
 0.10094E-01 0.67012E+01 0.00000E+00 0.35647E+00 0.17155E-01 0.16839E-01 0.36997E+00 0.36906E+00 0.22094E-01 0.22094E-01 -.73395E+00      2686249   2/0.10094E-01
 0.10182E-01 0.22010E+02 0.00000E+00 0.43585E+00 0.17355E-01 0.17048E-01 0.45166E+00 0.45118E+00 0.22342E-01 0.22342E-01 -.88282E+00      2686249   3/0.10182E-01
 0.13842E-01 0.67637E+01 0.00000E+00 0.24484E+00 0.10555E-01 0.10539E-01 0.24562E+00 0.24570E+00 0.14147E-01 0.14147E-01 -.81570E-01      2686249   2/0.13842E-01
 0.13955E-01 0.25550E+02 0.00000E+00 0.33401E+00 0.99706E-02 0.10181E-01 0.32032E+00 0.32060E+00 0.15078E-01 0.15078E-01 0.13456E+01      2686249   3/0.13955E-01
 0.18965E-01 0.68749E+01 0.00000E+00 0.16797E+00 0.66356E-02 0.67964E-02 0.16012E+00 0.16082E+00 0.88912E-02 0.88912E-02 0.10775E+01      2686249   2/0.18965E-01
 0.19125E-01 0.29048E+02 0.00000E+00 0.20095E+00 0.50201E-02 0.49384E-02 0.20766E+00 0.20847E+00 0.93768E-02 0.93768E-02 -.14978E+01      2686249   3/0.19125E-01
 0.25832E-01 0.73754E+01 0.00000E+00 0.11237E+00 0.46616E-02 0.48261E-02 0.10484E+00 0.10585E+00 0.56390E-02 0.56390E-02 0.14001E+01      2686249   2/0.25832E-01
 0.26246E-01 0.32568E+02 0.00000E+00 0.12974E+00 0.27100E-02 0.26928E-02 0.13140E+00 0.13243E+00 0.57434E-02 0.57434E-02 -.98933E+00      2686249   3/0.26246E-01
 0.26738E-01 0.13461E+03 0.00000E+00 0.13635E+00 0.11743E-01 0.12315E-01 0.12398E+00 0.12511E+00 0.50560E-02 0.50560E-02 0.95760E+00      2686249   4/0.26738E-01
 0.35258E-01 0.83099E+01 0.00000E+00 0.68064E-01 0.36620E-02 0.36777E-02 0.67485E-01 0.68370E-01 0.35265E-02 0.35265E-02 -.83499E-01      2686249   2/0.35258E-01
 0.36053E-01 0.36192E+02 0.00000E+00 0.81958E-01 0.14873E-02 0.14950E-02 0.81118E-01 0.82076E-01 0.34831E-02 0.34831E-02 -.78852E-01      2686249   3/0.36053E-01
 0.36616E-01 0.14682E+03 0.00000E+00 0.80202E-01 0.43875E-02 0.45235E-02 0.75450E-01 0.76410E-01 0.30553E-02 0.30553E-02 0.86429E+00      2686249   4/0.36616E-01
 0.49384E-01 0.39441E+02 0.00000E+00 0.49795E-01 0.82209E-03 0.82850E-03 0.49027E-01 0.49680E-01 0.20604E-02 0.20604E-02 0.13925E+00      2686249   3/0.49384E-01
 0.50002E-01 0.16010E+03 0.00000E+00 0.44728E-01 0.17346E-02 0.17300E-02 0.44963E-01 0.45578E-01 0.17917E-02 0.17917E-02 -.48966E+00      2686249   4/0.50002E-01
 0.67445E-01 0.44240E+02 0.00000E+00 0.29173E-01 0.47199E-03 0.47235E-03 0.29128E-01 0.29445E-01 0.11692E-02 0.11692E-02 -.57503E+00      2686249   3/0.67445E-01
 0.68462E-01 0.17782E+03 0.00000E+00 0.26001E-01 0.74177E-03 0.74011E-03 0.26118E-01 0.26402E-01 0.10099E-02 0.10099E-02 -.54174E+00      2686249   4/0.68462E-01
 0.92401E-01 0.49709E+02 0.00000E+00 0.16944E-01 0.27768E-03 0.27798E-03 0.16907E-01 0.17017E-01 0.69029E-03 0.69029E-03 -.26408E+00      2686249   3/0.92401E-01
 0.93578E-01 0.20006E+03 0.00000E+00 0.15237E-01 0.33783E-03 0.34155E-03 0.14906E-01 0.15006E-01 0.60798E-03 0.60798E-03 0.68261E+00      2686249   4/0.93578E-01
 0.12676E+00 0.55620E+02 0.00000E+00 0.94034E-02 0.16355E-03 0.16250E-03 0.95255E-02 0.95534E-02 0.46252E-03 0.46252E-03 -.91739E+00      2686249   3/0.12676E+00
 0.12831E+00 0.22647E+03 0.00000E+00 0.82895E-02 0.15326E-03 0.15436E-03 0.81714E-02 0.81998E-02 0.39684E-03 0.39684E-03 0.58476E+00      2686249   4/0.12831E+00
 0.17397E+00 0.62174E+02 0.00000E+00 0.49841E-02 0.97155E-04 0.96688E-04 0.50324E-02 0.50538E-02 0.31241E-03 0.31241E-03 -.71742E+00      2686249   3/0.17397E+00
 0.17594E+00 0.25432E+03 0.00000E+00 0.42339E-02 0.69812E-04 0.70341E-04 0.41705E-02 0.41881E-02 0.25181E-03 0.25181E-03 0.65561E+00      2686249   4/0.17594E+00
 0.23750E+00 0.69714E+02 0.00000E+00 0.23713E-02 0.57403E-04 0.57788E-04 0.23398E-02 0.23681E-02 0.17973E-03 0.17973E-03 0.56180E-01      2686249   3/0.23750E+00
 0.24066E+00 0.28413E+03 0.00000E+00 0.18228E-02 0.30370E-04 0.30192E-04 0.18443E-02 0.18614E-02 0.13123E-03 0.13123E-03 -.12731E+01      2686249   4/0.24066E+00
 0.32134E+00 0.78828E+02 0.00000E+00 0.91438E-03 0.33703E-04 0.33481E-04 0.92651E-03 0.93517E-03 0.77489E-04 0.77489E-04 -.61682E+00      2686249   3/0.32134E+00
 0.32807E+00 0.30978E+03 0.00000E+00 0.70049E-03 0.12766E-04 0.12906E-04 0.68537E-03 0.68610E-03 0.52323E-04 0.52323E-04 0.11279E+01      2686249   4/0.32807E+00
 0.33347E+00 0.13874E+04 0.00000E+00 0.35104E-03 0.30541E-04 0.28421E-04 0.40536E-03 0.40278E-03 0.29366E-04 0.29366E-04 -.16943E+01      2686249 999/0.33347E+00
 0.42486E+00 0.89673E+02 0.00000E+00 0.39634E-03 0.28414E-04 0.30152E-04 0.35197E-03 0.34707E-03 0.44194E-04 0.44194E-04 0.17339E+01      2686249   3/0.42486E+00
 0.44444E+00 0.33402E+03 0.00000E+00 0.22814E-03 0.52665E-05 0.51543E-05 0.23818E-03 0.23194E-03 0.33005E-04 0.33005E-04 -.72172E+00      2686249   4/0.44444E+00
 0.44999E+00 0.14861E+04 0.00000E+00 0.11693E-03 0.95889E-05 0.88518E-05 0.13721E-03 0.13256E-03 0.19565E-04 0.19565E-04 -.16298E+01      2686249 999/0.44999E+00
 0.59605E+00 0.36133E+03 0.00000E+00 0.78390E-04 0.30192E-05 0.30102E-05 0.78860E-04 0.77927E-04 0.17781E-04 0.17781E-04 0.15316E+00      2686249   4/0.59605E+00
     9507563
 FASER$\nu$2 charm $\bar{\nu}_{\mu}$                                             
Plot1@Experiment:FASER#nu2 charm #bar{#nu}_{#mu}@ExtraLabel:#nu p (CC) @XTitle: x @YTitle: d^{2}#sigma/dxdQ^{2} @Title:Q^{2} > 4 @Ymin:0.01@Xlog@Ylog
Plot2@Experiment:FASER#nu2 charm #bar{#nu}_{#mu}@ExtraLabel:#nu p (CC) @XTitle: x @YTitle: d^{2}#sigma/dxdQ^{2} @Title:Q^{2} > 10 @Ymin:0.01@Xlog@Ylog
Plot3@Experiment:FASER#nu2 charm #bar{#nu}_{#mu}@ExtraLabel:#nu p (CC) @XTitle: x @YTitle: d^{2}#sigma/dxdQ^{2} @Title:Q^{2} > 100 @Ymin:0.01@Xlog@Ylog
Plot4@Experiment:FASER#nu2 charm #bar{#nu}_{#mu}@ExtraLabel:#nu p (CC) @XTitle: x @YTitle: d^{2}#sigma/dxdQ^{2} @Title:Q^{2} > 1000 @Ymin:0.01@Xlog@Ylog
 x           Q2          dummy          data      +- uncor     +- tot     th orig         th mod   therr+         therr-     pull    iset       iplot
 0.53888E-02 0.64670E+01 0.00000E+00 0.77045E+00 0.61998E-01 0.61695E-01 0.77805E+00 0.77359E+00 0.51872E-01 0.51872E-01 -.50619E-01      9507563   2/0.53888E-02
 0.73845E-02 0.65838E+01 0.00000E+00 0.53080E+00 0.35490E-01 0.35530E-01 0.52962E+00 0.52694E+00 0.34164E-01 0.34164E-01 0.10877E+00      9507563   2/0.73845E-02
 0.74483E-02 0.18184E+02 0.00000E+00 0.66321E+00 0.45520E-01 0.46248E-01 0.64249E+00 0.64030E+00 0.34824E-01 0.34824E-01 0.50336E+00      9507563   3/0.74483E-02
 0.10091E-01 0.66904E+01 0.00000E+00 0.37840E+00 0.21443E-01 0.22072E-01 0.35713E+00 0.35574E+00 0.22429E-01 0.22429E-01 0.10565E+01      9507563   2/0.10091E-01
 0.10197E-01 0.20738E+02 0.00000E+00 0.41835E+00 0.21740E-01 0.21355E-01 0.43356E+00 0.43259E+00 0.22594E-01 0.22594E-01 -.65498E+00      9507563   3/0.10197E-01
 0.13838E-01 0.67709E+01 0.00000E+00 0.22620E+00 0.12244E-01 0.11990E-01 0.23586E+00 0.23537E+00 0.14416E-01 0.14416E-01 -.74941E+00      9507563   2/0.13838E-01
 0.13962E-01 0.24263E+02 0.00000E+00 0.29741E+00 0.11922E-01 0.11710E-01 0.30827E+00 0.30802E+00 0.15341E-01 0.15341E-01 -.88989E+00      9507563   3/0.13962E-01
 0.18948E-01 0.68719E+01 0.00000E+00 0.15188E+00 0.76305E-02 0.76165E-02 0.15244E+00 0.15249E+00 0.90217E-02 0.90217E-02 -.80540E-01      9507563   2/0.18948E-01
 0.19127E-01 0.27901E+02 0.00000E+00 0.20727E+00 0.64097E-02 0.65502E-02 0.19847E+00 0.19873E+00 0.94908E-02 0.94908E-02 0.13318E+01      9507563   3/0.19127E-01
 0.25817E-01 0.73629E+01 0.00000E+00 0.10444E+00 0.54244E-02 0.55977E-02 0.98073E-01 0.98388E-01 0.55457E-02 0.55457E-02 0.11159E+01      9507563   2/0.25817E-01
 0.26254E-01 0.31591E+02 0.00000E+00 0.11977E+00 0.32344E-02 0.31775E-02 0.12410E+00 0.12457E+00 0.56687E-02 0.56687E-02 -.14841E+01      9507563   3/0.26254E-01
 0.35232E-01 0.82970E+01 0.00000E+00 0.68569E-01 0.44325E-02 0.46787E-02 0.61542E-01 0.61913E-01 0.32721E-02 0.32721E-02 0.15016E+01      9507563   2/0.35232E-01
 0.36039E-01 0.35267E+02 0.00000E+00 0.74077E-01 0.17517E-02 0.17392E-02 0.75148E-01 0.75639E-01 0.32518E-02 0.32518E-02 -.89145E+00      9507563   3/0.36039E-01
 0.36715E-01 0.13814E+03 0.00000E+00 0.75108E-01 0.58859E-02 0.61462E-02 0.68881E-01 0.69434E-01 0.27703E-02 0.27703E-02 0.96393E+00      9507563   4/0.36715E-01
 0.49335E-01 0.38616E+02 0.00000E+00 0.44066E-01 0.96088E-03 0.96254E-03 0.43914E-01 0.44312E-01 0.17778E-02 0.17778E-02 -.25604E+00      9507563   3/0.49335E-01
 0.50066E-01 0.15147E+03 0.00000E+00 0.40914E-01 0.22240E-02 0.22586E-02 0.39670E-01 0.40085E-01 0.14953E-02 0.14953E-02 0.37285E+00      9507563   4/0.50066E-01
 0.67290E-01 0.43578E+02 0.00000E+00 0.25285E-01 0.54664E-03 0.55328E-03 0.24682E-01 0.24934E-01 0.93441E-03 0.93441E-03 0.64203E+00      9507563   3/0.67290E-01
 0.68333E-01 0.16842E+03 0.00000E+00 0.22699E-01 0.92294E-03 0.94077E-03 0.21847E-01 0.22087E-01 0.77884E-03 0.77884E-03 0.66294E+00      9507563   4/0.68333E-01
 0.92064E-01 0.49454E+02 0.00000E+00 0.13088E-01 0.30510E-03 0.30463E-03 0.13129E-01 0.13229E-01 0.51662E-03 0.51662E-03 -.46148E+00      9507563   3/0.92064E-01
 0.93247E-01 0.18968E+03 0.00000E+00 0.11474E-01 0.38833E-03 0.38896E-03 0.11437E-01 0.11526E-01 0.43244E-03 0.43244E-03 -.13302E+00      9507563   4/0.93247E-01
 0.12623E+00 0.55440E+02 0.00000E+00 0.65699E-02 0.17181E-03 0.17145E-03 0.65971E-02 0.66016E-02 0.29494E-03 0.29494E-03 -.18418E+00      9507563   3/0.12623E+00
 0.12774E+00 0.21488E+03 0.00000E+00 0.56072E-02 0.16697E-03 0.16730E-03 0.55851E-02 0.55895E-02 0.23942E-03 0.23942E-03 0.10586E+00      9507563   4/0.12774E+00
 0.17327E+00 0.61971E+02 0.00000E+00 0.31191E-02 0.97842E-04 0.99373E-04 0.30237E-02 0.30176E-02 0.15889E-03 0.15889E-03 0.10379E+01      9507563   3/0.17327E+00
 0.17524E+00 0.24243E+03 0.00000E+00 0.24114E-02 0.70050E-04 0.69299E-04 0.24639E-02 0.24588E-02 0.12604E-03 0.12604E-03 -.67765E+00      9507563   4/0.17524E+00
 0.23644E+00 0.69409E+02 0.00000E+00 0.12389E-02 0.54906E-04 0.55857E-04 0.11970E-02 0.12115E-02 0.10779E-03 0.10779E-03 0.49828E+00      9507563   3/0.23644E+00
 0.23960E+00 0.27267E+03 0.00000E+00 0.90657E-03 0.29449E-04 0.29213E-04 0.92126E-03 0.92915E-03 0.81848E-04 0.81848E-04 -.76653E+00      9507563   4/0.23960E+00
 0.31831E+00 0.78415E+02 0.00000E+00 0.44910E-03 0.34086E-04 0.35291E-04 0.41897E-03 0.42894E-03 0.75222E-04 0.75222E-04 0.59141E+00      9507563   3/0.31831E+00
 0.32468E+00 0.29488E+03 0.00000E+00 0.30517E-03 0.12673E-04 0.12820E-04 0.29825E-03 0.30184E-03 0.52825E-04 0.52825E-04 0.26221E+00      9507563   4/0.32468E+00
 0.43291E+00 0.31199E+03 0.00000E+00 0.90510E-04 0.60787E-05 0.59366E-05 0.94894E-04 0.93646E-04 0.30621E-04 0.30621E-04 -.51578E+00      9507563   4/0.43291E+00
     4000830
 FLArE10 inclusive $\nu_{\mu}$                                                   
Plot1@Experiment:FLArE10 inclusive #nu_{#mu}@ExtraLabel:#nu p (CC) @XTitle: x @YTitle: d^{2}#sigma/dxdQ^{2} @Title:Q^{2} > 4 @Ymin:0.01@Xlog@Ylog
Plot2@Experiment:FLArE10 inclusive #nu_{#mu}@ExtraLabel:#nu p (CC) @XTitle: x @YTitle: d^{2}#sigma/dxdQ^{2} @Title:Q^{2} > 10 @Ymin:0.01@Xlog@Ylog
Plot3@Experiment:FLArE10 inclusive #nu_{#mu}@ExtraLabel:#nu p (CC) @XTitle: x @YTitle: d^{2}#sigma/dxdQ^{2} @Title:Q^{2} > 100 @Ymin:0.01@Xlog@Ylog
Plot4@Experiment:FLArE10 inclusive #nu_{#mu}@ExtraLabel:#nu p (CC) @XTitle: x @YTitle: d^{2}#sigma/dxdQ^{2} @Title:Q^{2} > 1000 @Ymin:0.01@Xlog@Ylog
 x           Q2          dummy          data      +- uncor     +- tot     th orig         th mod   therr+         therr-     pull    iset       iplot
 0.54000E-02 0.62196E+01 0.00000E+00 0.20678E+01 0.16361E+00 0.16282E+00 0.20879E+01 0.20872E+01 0.43069E-01 0.43069E-01 -.11834E+00      4000830   2/0.54000E-02
 0.73868E-02 0.64231E+01 0.00000E+00 0.15169E+01 0.94025E-01 0.94123E-01 0.15138E+01 0.15156E+01 0.28800E-01 0.28800E-01 0.13725E-01      4000830   2/0.73868E-02
 0.74942E-02 0.17781E+02 0.00000E+00 0.17162E+01 0.13039E+00 0.13270E+00 0.16569E+01 0.16593E+01 0.30357E-01 0.30357E-01 0.43612E+00      4000830   3/0.74942E-02
 0.10124E-01 0.64809E+01 0.00000E+00 0.11478E+01 0.57195E-01 0.58670E-01 0.10909E+01 0.10938E+01 0.18673E-01 0.18673E-01 0.94551E+00      4000830   2/0.10124E-01
 0.10222E-01 0.20011E+02 0.00000E+00 0.11213E+01 0.61777E-01 0.60619E-01 0.11646E+01 0.11676E+01 0.19591E-01 0.19591E-01 -.74957E+00      4000830   3/0.10222E-01
 0.13888E-01 0.65517E+01 0.00000E+00 0.75415E+00 0.33429E-01 0.32861E-01 0.78043E+00 0.78356E+00 0.11563E-01 0.11563E-01 -.87973E+00      4000830   2/0.13888E-01
 0.13988E-01 0.22519E+02 0.00000E+00 0.79499E+00 0.32252E-01 0.31672E-01 0.82437E+00 0.82737E+00 0.12069E-01 0.12069E-01 -.10041E+01      4000830   3/0.13988E-01
 0.19043E-01 0.66630E+01 0.00000E+00 0.56086E+00 0.21543E-01 0.21513E-01 0.56245E+00 0.56541E+00 0.68609E-02 0.68609E-02 -.21146E+00      4000830   2/0.19043E-01
 0.19189E-01 0.25277E+02 0.00000E+00 0.61976E+00 0.18463E-01 0.18853E-01 0.59440E+00 0.59697E+00 0.76263E-02 0.76263E-02 0.12340E+01      4000830   3/0.19189E-01
 0.26139E-01 0.67018E+01 0.00000E+00 0.41931E+00 0.14243E-01 0.14539E-01 0.40241E+00 0.40496E+00 0.40446E-02 0.40446E-02 0.10079E+01      4000830   2/0.26139E-01
 0.26329E-01 0.28309E+02 0.00000E+00 0.40040E+00 0.98382E-02 0.96806E-02 0.41354E+00 0.41564E+00 0.43439E-02 0.43439E-02 -.15489E+01      4000830   3/0.26329E-01
 0.35950E-01 0.67501E+01 0.00000E+00 0.29846E+00 0.93680E-02 0.96172E-02 0.28319E+00 0.28494E+00 0.24534E-02 0.24534E-02 0.14426E+01      4000830   2/0.35950E-01
 0.36123E-01 0.31669E+02 0.00000E+00 0.28316E+00 0.56868E-02 0.56523E-02 0.28663E+00 0.28819E+00 0.24757E-02 0.24757E-02 -.88540E+00      4000830   3/0.36123E-01
 0.36659E-01 0.14395E+03 0.00000E+00 0.28395E+00 0.21917E-01 0.22871E-01 0.26075E+00 0.26211E+00 0.21780E-02 0.21780E-02 0.99651E+00      4000830   4/0.36659E-01
 0.49310E-01 0.67641E+01 0.00000E+00 0.19959E+00 0.61088E-02 0.61237E-02 0.19862E+00 0.19960E+00 0.15503E-02 0.15503E-02 -.21307E-02      4000830   2/0.49310E-01
 0.49540E-01 0.34460E+02 0.00000E+00 0.19965E+00 0.33949E-02 0.34114E-02 0.19773E+00 0.19873E+00 0.14478E-02 0.14478E-02 0.27081E+00      4000830   3/0.49540E-01
 0.50264E-01 0.15755E+03 0.00000E+00 0.18560E+00 0.93509E-02 0.96177E-02 0.17545E+00 0.17627E+00 0.12611E-02 0.12611E-02 0.99802E+00      4000830   4/0.50264E-01
 0.67575E-01 0.67684E+01 0.00000E+00 0.14186E+00 0.41361E-02 0.41933E-02 0.13802E+00 0.13850E+00 0.92768E-03 0.92768E-03 0.81121E+00      4000830   2/0.67575E-01
 0.67837E-01 0.37297E+02 0.00000E+00 0.13485E+00 0.20504E-02 0.20483E-02 0.13513E+00 0.13566E+00 0.87790E-03 0.87790E-03 -.39479E+00      4000830   3/0.67837E-01
 0.68708E-01 0.17136E+03 0.00000E+00 0.11838E+00 0.42003E-02 0.42075E-02 0.11798E+00 0.11838E+00 0.75719E-03 0.75719E-03 0.93351E-03      4000830   4/0.68708E-01
 0.92758E-01 0.68039E+01 0.00000E+00 0.93829E-01 0.27166E-02 0.27104E-02 0.94259E-01 0.94508E-01 0.57652E-03 0.57652E-03 -.24983E+00      4000830   2/0.92758E-01
 0.92967E-01 0.39644E+02 0.00000E+00 0.90796E-01 0.12686E-02 0.12698E-02 0.90628E-01 0.90866E-01 0.53369E-03 0.53369E-03 -.55414E-01      4000830   3/0.92967E-01
 0.93961E-01 0.18986E+03 0.00000E+00 0.79876E-01 0.20701E-02 0.20968E-02 0.77852E-01 0.78004E-01 0.47203E-03 0.47203E-03 0.90464E+00      4000830   4/0.93961E-01
 0.12723E+00 0.68077E+01 0.00000E+00 0.61384E-01 0.17872E-02 0.17680E-02 0.62724E-01 0.62839E-01 0.40108E-03 0.40108E-03 -.81423E+00      4000830   2/0.12723E+00
 0.12756E+00 0.41029E+02 0.00000E+00 0.59597E-01 0.78757E-03 0.79162E-03 0.58989E-01 0.59055E-01 0.36907E-03 0.36907E-03 0.68793E+00      4000830   3/0.12756E+00
 0.12860E+00 0.21200E+03 0.00000E+00 0.49213E-01 0.10336E-02 0.10283E-02 0.49727E-01 0.49743E-01 0.33040E-03 0.33040E-03 -.51277E+00      4000830   4/0.12860E+00
 0.17500E+00 0.68462E+01 0.00000E+00 0.40642E-01 0.11760E-02 0.11916E-02 0.39580E-01 0.39609E-01 0.31889E-03 0.31889E-03 0.87881E+00      4000830   2/0.17500E+00
 0.17512E+00 0.42383E+02 0.00000E+00 0.36586E-01 0.47573E-03 0.47744E-03 0.36324E-01 0.36294E-01 0.30374E-03 0.30374E-03 0.61346E+00      4000830   3/0.17512E+00
 0.17629E+00 0.23558E+03 0.00000E+00 0.29525E-01 0.53141E-03 0.52805E-03 0.29902E-01 0.29853E-01 0.25777E-03 0.25777E-03 -.61702E+00      4000830   4/0.17629E+00
 0.23997E+00 0.68291E+01 0.00000E+00 0.22856E-01 0.71067E-03 0.70672E-03 0.23111E-01 0.23058E-01 0.23125E-03 0.23125E-03 -.28435E+00      4000830   2/0.23997E+00
 0.24012E+00 0.43123E+02 0.00000E+00 0.20747E-01 0.27905E-03 0.28130E-03 0.20415E-01 0.20371E-01 0.23454E-03 0.23454E-03 0.13465E+01      4000830   3/0.24012E+00
 0.24113E+00 0.26170E+03 0.00000E+00 0.15782E-01 0.26629E-03 0.26260E-03 0.16229E-01 0.16186E-01 0.18138E-03 0.18138E-03 -.15171E+01      4000830   4/0.24113E+00
 0.32837E+00 0.67908E+01 0.00000E+00 0.12685E-01 0.42214E-03 0.43394E-03 0.12005E-01 0.11988E-01 0.16946E-03 0.16946E-03 0.16511E+01      4000830   2/0.32837E+00
 0.32784E+00 0.43471E+02 0.00000E+00 0.96255E-02 0.14733E-03 0.14524E-03 0.99045E-02 0.98979E-02 0.14090E-03 0.14090E-03 -.18485E+01      4000830   3/0.32784E+00
 0.32884E+00 0.28055E+03 0.00000E+00 0.72301E-02 0.12652E-03 0.12438E-03 0.74814E-02 0.74702E-02 0.10024E-03 0.10024E-03 -.18978E+01      4000830   4/0.32884E+00
 0.33427E+00 0.13618E+04 0.00000E+00 0.44596E-02 0.40757E-03 0.40469E-03 0.45233E-02 0.45136E-02 0.59674E-04 0.59674E-04 -.13265E+00      4000830 999/0.33427E+00
 0.44585E+00 0.67739E+01 0.00000E+00 0.54110E-02 0.21849E-03 0.22767E-03 0.49835E-02 0.49770E-02 0.11043E-03 0.11043E-03 0.19866E+01      4000830   2/0.44585E+00
 0.44410E+00 0.43230E+02 0.00000E+00 0.36786E-02 0.70643E-04 0.70854E-04 0.36567E-02 0.36424E-02 0.77108E-04 0.77108E-04 0.51207E+00      4000830   3/0.44410E+00
 0.44375E+00 0.29597E+03 0.00000E+00 0.26685E-02 0.55239E-04 0.56143E-04 0.25832E-02 0.25698E-02 0.54310E-04 0.54310E-04 0.17869E+01      4000830   4/0.44375E+00
 0.44730E+00 0.14541E+04 0.00000E+00 0.15149E-02 0.13328E-03 0.13474E-03 0.14823E-02 0.14737E-02 0.31891E-04 0.31891E-04 0.30910E+00      4000830 999/0.44730E+00
 0.59154E+00 0.71752E+01 0.00000E+00 0.11996E-02 0.90773E-04 0.85863E-04 0.13407E-02 0.13394E-02 0.79013E-04 0.79013E-04 -.15395E+01      4000830   2/0.59154E+00
 0.60076E+00 0.41980E+02 0.00000E+00 0.74218E-03 0.24298E-04 0.23971E-04 0.76258E-03 0.75543E-03 0.49031E-04 0.49031E-04 -.54523E+00      4000830   3/0.60076E+00
 0.59930E+00 0.30484E+03 0.00000E+00 0.47579E-03 0.17157E-04 0.17004E-04 0.48438E-03 0.48104E-03 0.34513E-04 0.34513E-04 -.30555E+00      4000830   4/0.59930E+00
     6502020
 FLArE10 inclusive $\bar{\nu}_{\mu}$                                             
Plot1@Experiment:FLArE10 inclusive #bar{#nu}_{#mu}@ExtraLabel:#nu p (CC) @XTitle: x @YTitle: d^{2}#sigma/dxdQ^{2} @Title:Q^{2} > 4 @Ymin:0.01@Xlog@Ylog
Plot2@Experiment:FLArE10 inclusive #bar{#nu}_{#mu}@ExtraLabel:#nu p (CC) @XTitle: x @YTitle: d^{2}#sigma/dxdQ^{2} @Title:Q^{2} > 10 @Ymin:0.01@Xlog@Ylog
Plot3@Experiment:FLArE10 inclusive #bar{#nu}_{#mu}@ExtraLabel:#nu p (CC) @XTitle: x @YTitle: d^{2}#sigma/dxdQ^{2} @Title:Q^{2} > 100 @Ymin:0.01@Xlog@Ylog
Plot4@Experiment:FLArE10 inclusive #bar{#nu}_{#mu}@ExtraLabel:#nu p (CC) @XTitle: x @YTitle: d^{2}#sigma/dxdQ^{2} @Title:Q^{2} > 1000 @Ymin:0.01@Xlog@Ylog
 x           Q2          dummy          data      +- uncor     +- tot     th orig         th mod   therr+         therr-     pull    iset       iplot
 0.54012E-02 0.62515E+01 0.00000E+00 0.19638E+01 0.19701E+00 0.19581E+00 0.19880E+01 0.19852E+01 0.44972E-01 0.44972E-01 -.10871E+00      6502020   2/0.54012E-02
 0.74102E-02 0.63878E+01 0.00000E+00 0.14379E+01 0.11338E+00 0.11353E+00 0.14341E+01 0.14342E+01 0.29877E-01 0.29877E-01 0.32627E-01      6502020   2/0.74102E-02
 0.10123E-01 0.64699E+01 0.00000E+00 0.10829E+01 0.69471E-01 0.70508E-01 0.10512E+01 0.10529E+01 0.19589E-01 0.19589E-01 0.43139E+00      6502020   2/0.10123E-01
 0.10216E-01 0.18812E+02 0.00000E+00 0.11311E+01 0.78848E-01 0.81704E-01 0.10534E+01 0.10552E+01 0.21073E-01 0.21073E-01 0.96210E+00      6502020   3/0.10216E-01
 0.13887E-01 0.65397E+01 0.00000E+00 0.74134E+00 0.41940E-01 0.41132E-01 0.77072E+00 0.77325E+00 0.12391E-01 0.12391E-01 -.76093E+00      6502020   2/0.13887E-01
 0.13989E-01 0.21380E+02 0.00000E+00 0.71001E+00 0.38922E-01 0.38106E-01 0.74073E+00 0.74324E+00 0.13447E-01 0.13447E-01 -.85370E+00      6502020   3/0.13989E-01
 0.19040E-01 0.66309E+01 0.00000E+00 0.54001E+00 0.26944E-01 0.26350E-01 0.56466E+00 0.56747E+00 0.75783E-02 0.75783E-02 -.10190E+01      6502020   2/0.19040E-01
 0.19170E-01 0.24062E+02 0.00000E+00 0.51908E+00 0.21459E-01 0.21426E-01 0.52066E+00 0.52328E+00 0.83032E-02 0.83032E-02 -.19575E+00      6502020   3/0.19170E-01
 0.26153E-01 0.66696E+01 0.00000E+00 0.44285E+00 0.18922E-01 0.19497E-01 0.41710E+00 0.41966E+00 0.45174E-02 0.45174E-02 0.12258E+01      6502020   2/0.26153E-01
 0.26310E-01 0.26945E+02 0.00000E+00 0.38487E+00 0.12475E-01 0.12722E-01 0.37005E+00 0.37230E+00 0.52704E-02 0.52704E-02 0.10078E+01      6502020   3/0.26310E-01
 0.35967E-01 0.67047E+01 0.00000E+00 0.28697E+00 0.12071E-01 0.11742E-01 0.30328E+00 0.30512E+00 0.26241E-02 0.26241E-02 -.15032E+01      6502020   2/0.35967E-01
 0.36124E-01 0.29908E+02 0.00000E+00 0.27100E+00 0.73410E-02 0.75093E-02 0.25899E+00 0.26065E+00 0.29964E-02 0.29964E-02 0.14095E+01      6502020   3/0.36124E-01
 0.49324E-01 0.67154E+01 0.00000E+00 0.21763E+00 0.84896E-02 0.83898E-02 0.22284E+00 0.22403E+00 0.15415E-02 0.15415E-02 -.75399E+00      6502020   2/0.49324E-01
 0.49522E-01 0.32324E+02 0.00000E+00 0.18783E+00 0.44530E-02 0.45117E-02 0.18297E+00 0.18411E+00 0.16806E-02 0.16806E-02 0.83419E+00      6502020   3/0.49522E-01
 0.50195E-01 0.14707E+03 0.00000E+00 0.12682E+00 0.11074E-01 0.11151E-01 0.12507E+00 0.12611E+00 0.15337E-02 0.15337E-02 0.64116E-01      6502020   4/0.50195E-01
 0.67594E-01 0.67319E+01 0.00000E+00 0.16693E+00 0.60923E-02 0.61556E-02 0.16351E+00 0.16423E+00 0.95696E-03 0.95696E-03 0.44431E+00      6502020   2/0.67594E-01
 0.67807E-01 0.34562E+02 0.00000E+00 0.13420E+00 0.28543E-02 0.28884E-02 0.13105E+00 0.13179E+00 0.95505E-03 0.95505E-03 0.84598E+00      6502020   3/0.67807E-01
 0.68645E-01 0.15870E+03 0.00000E+00 0.88001E-01 0.53062E-02 0.54589E-02 0.83147E-01 0.83790E-01 0.86445E-03 0.86445E-03 0.79343E+00      6502020   4/0.68645E-01
 0.92758E-01 0.67582E+01 0.00000E+00 0.11950E+00 0.42886E-02 0.42781E-02 0.12008E+00 0.12047E+00 0.64022E-03 0.64022E-03 -.22720E+00      6502020   2/0.92758E-01
 0.92957E-01 0.36401E+02 0.00000E+00 0.94653E-01 0.18655E-02 0.18673E-02 0.94474E-01 0.94888E-01 0.57987E-03 0.57987E-03 -.12608E+00      6502020   3/0.92957E-01
 0.93760E-01 0.17347E+03 0.00000E+00 0.55490E-01 0.26128E-02 0.26031E-02 0.55904E-01 0.56250E-01 0.51134E-03 0.51134E-03 -.29070E+00      6502020   4/0.93760E-01
 0.12733E+00 0.67647E+01 0.00000E+00 0.87868E-01 0.30870E-02 0.30942E-02 0.87460E-01 0.87618E-01 0.41921E-03 0.41921E-03 0.81165E-01      6502020   2/0.12733E+00
 0.12762E+00 0.37844E+02 0.00000E+00 0.69381E-01 0.12722E-02 0.12838E-02 0.68132E-01 0.68300E-01 0.34231E-03 0.34231E-03 0.84962E+00      6502020   3/0.12762E+00
 0.12848E+00 0.18834E+03 0.00000E+00 0.37106E-01 0.14267E-02 0.14065E-02 0.38180E-01 0.38328E-01 0.28752E-03 0.28752E-03 -.85627E+00      6502020   4/0.12848E+00
 0.17516E+00 0.67768E+01 0.00000E+00 0.63912E-01 0.22314E-02 0.22618E-02 0.62204E-01 0.62300E-01 0.27821E-03 0.27821E-03 0.72258E+00      6502020   2/0.17516E+00
 0.17535E+00 0.39092E+02 0.00000E+00 0.47518E-01 0.86075E-03 0.85690E-03 0.47946E-01 0.48010E-01 0.20363E-03 0.20363E-03 -.57171E+00      6502020   3/0.17535E+00
 0.17649E+00 0.20410E+03 0.00000E+00 0.26973E-01 0.85929E-03 0.87190E-03 0.26198E-01 0.26260E-01 0.15422E-03 0.15422E-03 0.82987E+00      6502020   4/0.17649E+00
 0.24022E+00 0.67850E+01 0.00000E+00 0.42971E-01 0.15648E-02 0.15806E-02 0.42116E-01 0.42162E-01 0.18138E-03 0.18138E-03 0.51732E+00      6502020   2/0.24022E+00
 0.24037E+00 0.40147E+02 0.00000E+00 0.31492E-01 0.57881E-03 0.57507E-03 0.31902E-01 0.31921E-01 0.12868E-03 0.12868E-03 -.74212E+00      6502020   3/0.24037E+00
 0.24184E+00 0.22176E+03 0.00000E+00 0.16922E-01 0.50105E-03 0.49841E-03 0.17102E-01 0.17120E-01 0.78346E-04 0.78346E-04 -.39470E+00      6502020   4/0.24184E+00
 0.32868E+00 0.67644E+01 0.00000E+00 0.27156E-01 0.10636E-02 0.10888E-02 0.25912E-01 0.25891E-01 0.10386E-03 0.10386E-03 0.11900E+01      6502020   2/0.32868E+00
 0.32849E+00 0.40725E+02 0.00000E+00 0.18311E-01 0.37109E-03 0.36491E-03 0.18936E-01 0.18925E-01 0.75481E-04 0.75481E-04 -.16526E+01      6502020   3/0.32849E+00
 0.32994E+00 0.23792E+03 0.00000E+00 0.10605E-01 0.30090E-03 0.30805E-03 0.10118E-01 0.10115E-01 0.51468E-04 0.51468E-04 0.16293E+01      6502020   4/0.32994E+00
 0.44615E+00 0.67453E+01 0.00000E+00 0.12184E-01 0.61777E-03 0.58922E-03 0.13393E-01 0.13389E-01 0.65722E-04 0.65722E-04 -.19512E+01      6502020   2/0.44615E+00
 0.44440E+00 0.40947E+02 0.00000E+00 0.87542E-02 0.22112E-03 0.21573E-03 0.91967E-02 0.91922E-02 0.59641E-04 0.59641E-04 -.19811E+01      6502020   3/0.44440E+00
 0.44503E+00 0.25445E+03 0.00000E+00 0.48356E-02 0.16372E-03 0.16329E-03 0.48611E-02 0.48606E-02 0.41001E-04 0.41001E-04 -.15276E+00      6502020   4/0.44503E+00
 0.59006E+00 0.70905E+01 0.00000E+00 0.60514E-02 0.45683E-03 0.49333E-03 0.51889E-02 0.51887E-02 0.42108E-04 0.42108E-04 0.18885E+01      6502020   2/0.59006E+00
 0.60118E+00 0.40050E+02 0.00000E+00 0.28428E-02 0.11416E-03 0.11487E-03 0.28076E-02 0.28079E-02 0.29951E-04 0.29951E-04 0.30546E+00      6502020   3/0.60118E+00
 0.60043E+00 0.26708E+03 0.00000E+00 0.15308E-02 0.80078E-04 0.83434E-04 0.14101E-02 0.14130E-02 0.23550E-04 0.23550E-04 0.14715E+01      6502020   4/0.60043E+00
     1408891
 FLArE10 charm $\nu_{\mu}$                                                       
Plot1@Experiment:FLArE10 charm #nu_{#mu}@ExtraLabel:#nu p (CC) @XTitle: x @YTitle: d^{2}#sigma/dxdQ^{2} @Title:Q^{2} > 4 @Ymin:0.01@Xlog@Ylog
Plot2@Experiment:FLArE10 charm #nu_{#mu}@ExtraLabel:#nu p (CC) @XTitle: x @YTitle: d^{2}#sigma/dxdQ^{2} @Title:Q^{2} > 10 @Ymin:0.01@Xlog@Ylog
Plot3@Experiment:FLArE10 charm #nu_{#mu}@ExtraLabel:#nu p (CC) @XTitle: x @YTitle: d^{2}#sigma/dxdQ^{2} @Title:Q^{2} > 100 @Ymin:0.01@Xlog@Ylog
Plot4@Experiment:FLArE10 charm #nu_{#mu}@ExtraLabel:#nu p (CC) @XTitle: x @YTitle: d^{2}#sigma/dxdQ^{2} @Title:Q^{2} > 1000 @Ymin:0.01@Xlog@Ylog
 x           Q2          dummy          data      +- uncor     +- tot     th orig         th mod   therr+         therr-     pull    iset       iplot
 0.10101E-01 0.65892E+01 0.00000E+00 0.34519E+00 0.33304E-01 0.33109E-01 0.34928E+00 0.34847E+00 0.21597E-01 0.21597E-01 -.98404E-01      1408891   2/0.10101E-01
 0.10203E-01 0.20428E+02 0.00000E+00 0.43393E+00 0.39920E-01 0.39981E-01 0.43260E+00 0.43213E+00 0.22141E-01 0.22141E-01 0.44938E-01      1408891   3/0.10203E-01
 0.13846E-01 0.66755E+01 0.00000E+00 0.24172E+00 0.20264E-01 0.20661E-01 0.23253E+00 0.23269E+00 0.13856E-01 0.13856E-01 0.44576E+00      1408891   2/0.13846E-01
 0.13965E-01 0.23321E+02 0.00000E+00 0.30948E+00 0.20995E-01 0.21734E-01 0.28877E+00 0.28916E+00 0.14144E-01 0.14144E-01 0.96758E+00      1408891   3/0.13965E-01
 0.18971E-01 0.67778E+01 0.00000E+00 0.14421E+00 0.11717E-01 0.11395E-01 0.15249E+00 0.15324E+00 0.87302E-02 0.87302E-02 -.77065E+00      1408891   2/0.18971E-01
 0.19134E-01 0.26265E+02 0.00000E+00 0.19255E+00 0.11036E-01 0.10794E-01 0.20127E+00 0.20209E+00 0.94122E-02 0.94122E-02 -.86430E+00      1408891   3/0.19134E-01
 0.26063E-01 0.68297E+01 0.00000E+00 0.91174E-01 0.71431E-02 0.68972E-02 0.97792E-01 0.98838E-01 0.54734E-02 0.54734E-02 -.10730E+01      1408891   2/0.26063E-01
 0.26257E-01 0.29404E+02 0.00000E+00 0.12733E+00 0.59808E-02 0.59704E-02 0.12777E+00 0.12880E+00 0.57679E-02 0.57679E-02 -.24677E+00      1408891   3/0.26257E-01
 0.35861E-01 0.68807E+01 0.00000E+00 0.67068E-01 0.48348E-02 0.50853E-02 0.60622E-01 0.61483E-01 0.33644E-02 0.33644E-02 0.11552E+01      1408891   2/0.35861E-01
 0.36046E-01 0.32952E+02 0.00000E+00 0.83439E-01 0.33451E-02 0.34273E-02 0.79484E-01 0.80453E-01 0.35015E-02 0.35015E-02 0.89273E+00      1408891   3/0.36046E-01
 0.49176E-01 0.68856E+01 0.00000E+00 0.33255E-01 0.27161E-02 0.25742E-02 0.37021E-01 0.37485E-01 0.19854E-02 0.19854E-02 -.15575E+01      1408891   2/0.49176E-01
 0.49383E-01 0.35974E+02 0.00000E+00 0.51392E-01 0.18770E-02 0.19353E-02 0.48346E-01 0.49008E-01 0.20721E-02 0.20721E-02 0.12703E+01      1408891   3/0.49383E-01
 0.67298E-01 0.68681E+01 0.00000E+00 0.21450E-01 0.17489E-02 0.17061E-02 0.22538E-01 0.22694E-01 0.11217E-02 0.11217E-02 -.71151E+00      1408891   2/0.67298E-01
 0.67522E-01 0.38759E+02 0.00000E+00 0.30054E-01 0.10618E-02 0.10827E-02 0.28904E-01 0.29224E-01 0.11779E-02 0.11779E-02 0.78187E+00      1408891   3/0.67522E-01
 0.68427E-01 0.17117E+03 0.00000E+00 0.26682E-01 0.21356E-02 0.21492E-02 0.26345E-01 0.26630E-01 0.10152E-02 0.10152E-02 0.24365E-01      1408891   4/0.68427E-01
 0.92385E-01 0.68921E+01 0.00000E+00 0.14284E-01 0.11579E-02 0.11848E-02 0.13641E-01 0.13647E-01 0.72010E-03 0.72010E-03 0.54946E+00      1408891   2/0.92385E-01
 0.92528E-01 0.40946E+02 0.00000E+00 0.17598E-01 0.61372E-03 0.62578E-03 0.16926E-01 0.17037E-01 0.69731E-03 0.69731E-03 0.91496E+00      1408891   3/0.92528E-01
 0.93441E-01 0.18973E+03 0.00000E+00 0.16094E-01 0.10034E-02 0.10333E-02 0.15177E-01 0.15276E-01 0.61325E-03 0.61325E-03 0.81468E+00      1408891   4/0.93441E-01
 0.12665E+00 0.68917E+01 0.00000E+00 0.79513E-02 0.70837E-03 0.70412E-03 0.80474E-02 0.80315E-02 0.53152E-03 0.53152E-03 -.11315E+00      1408891   2/0.12665E+00
 0.12694E+00 0.42359E+02 0.00000E+00 0.96693E-02 0.34978E-03 0.35038E-03 0.96358E-02 0.96625E-02 0.47192E-03 0.47192E-03 0.19234E-01      1408891   3/0.12694E+00
 0.12797E+00 0.21251E+03 0.00000E+00 0.83260E-02 0.46397E-03 0.46193E-03 0.83996E-02 0.84273E-02 0.40312E-03 0.40312E-03 -.21828E+00      1408891   4/0.12797E+00
 0.17393E+00 0.69398E+01 0.00000E+00 0.43231E-02 0.42816E-03 0.43098E-03 0.42667E-02 0.43011E-02 0.37188E-03 0.37188E-03 0.51479E-01      1408891   2/0.17393E+00
 0.17439E+00 0.43681E+02 0.00000E+00 0.53497E-02 0.20401E-03 0.20790E-03 0.51514E-02 0.51734E-02 0.32586E-03 0.32586E-03 0.86424E+00      1408891   3/0.17439E+00
 0.17561E+00 0.23568E+03 0.00000E+00 0.41507E-02 0.21800E-03 0.21379E-03 0.43156E-02 0.43341E-02 0.25885E-03 0.25885E-03 -.84150E+00      1408891   4/0.17561E+00
 0.23911E+00 0.44588E+02 0.00000E+00 0.24929E-02 0.10977E-03 0.11166E-03 0.24092E-02 0.24413E-02 0.19267E-03 0.19267E-03 0.47034E+00      1408891   3/0.23911E+00
 0.24024E+00 0.26047E+03 0.00000E+00 0.18721E-02 0.10063E-03 0.99299E-04 0.19225E-02 0.19416E-02 0.13772E-03 0.13772E-03 -.69099E+00      1408891   4/0.24024E+00
 0.32630E+00 0.45423E+02 0.00000E+00 0.99411E-03 0.53809E-04 0.55159E-04 0.94607E-03 0.95720E-03 0.84185E-04 0.84185E-04 0.68584E+00      1408891   3/0.32630E+00
 0.32743E+00 0.27890E+03 0.00000E+00 0.74872E-03 0.44875E-04 0.45623E-04 0.72435E-03 0.72642E-03 0.57004E-04 0.57004E-04 0.49682E+00      1408891   4/0.32743E+00
 0.44331E+00 0.45532E+02 0.00000E+00 0.31781E-03 0.24108E-04 0.23472E-04 0.33525E-03 0.32997E-03 0.48051E-04 0.48051E-04 -.50453E+00      1408891   3/0.44331E+00
 0.44364E+00 0.29563E+03 0.00000E+00 0.24753E-03 0.19303E-04 0.19036E-04 0.25453E-03 0.24848E-03 0.36051E-04 0.36051E-04 -.49096E-01      1408891   4/0.44364E+00
     8230205
 FLArE10 charm $\bar{\nu}_{\mu}$                                                 
Plot1@Experiment:FLArE10 charm #bar{#nu}_{#mu}@ExtraLabel:#nu p (CC) @XTitle: x @YTitle: d^{2}#sigma/dxdQ^{2} @Title:Q^{2} > 4 @Ymin:0.01@Xlog@Ylog
Plot2@Experiment:FLArE10 charm #bar{#nu}_{#mu}@ExtraLabel:#nu p (CC) @XTitle: x @YTitle: d^{2}#sigma/dxdQ^{2} @Title:Q^{2} > 10 @Ymin:0.01@Xlog@Ylog
Plot3@Experiment:FLArE10 charm #bar{#nu}_{#mu}@ExtraLabel:#nu p (CC) @XTitle: x @YTitle: d^{2}#sigma/dxdQ^{2} @Title:Q^{2} > 100 @Ymin:0.01@Xlog@Ylog
Plot4@Experiment:FLArE10 charm #bar{#nu}_{#mu}@ExtraLabel:#nu p (CC) @XTitle: x @YTitle: d^{2}#sigma/dxdQ^{2} @Title:Q^{2} > 1000 @Ymin:0.01@Xlog@Ylog
 x           Q2          dummy          data      +- uncor     +- tot     th orig         th mod   therr+         therr-     pull    iset       iplot
 0.13972E-01 0.22191E+02 0.00000E+00 0.27297E+00 0.23996E-01 0.23868E-01 0.27591E+00 0.27577E+00 0.14335E-01 0.14335E-01 -.11682E+00      8230205   3/0.13972E-01
 0.18971E-01 0.67762E+01 0.00000E+00 0.14519E+00 0.13797E-01 0.13819E-01 0.14473E+00 0.14484E+00 0.88371E-02 0.88371E-02 0.25108E-01      8230205   2/0.18971E-01
 0.19132E-01 0.25297E+02 0.00000E+00 0.19851E+00 0.13541E-01 0.13756E-01 0.19235E+00 0.19262E+00 0.95309E-02 0.95309E-02 0.43532E+00      8230205   3/0.19132E-01
 0.26051E-01 0.68256E+01 0.00000E+00 0.99782E-01 0.87995E-02 0.92045E-02 0.91193E-01 0.91543E-01 0.53644E-02 0.53644E-02 0.93622E+00      8230205   2/0.26051E-01
 0.26252E-01 0.28736E+02 0.00000E+00 0.11603E+00 0.68328E-02 0.66960E-02 0.12082E+00 0.12130E+00 0.57000E-02 0.57000E-02 -.77133E+00      8230205   3/0.26252E-01
 0.35809E-01 0.68816E+01 0.00000E+00 0.50931E-01 0.49550E-02 0.47722E-02 0.54907E-01 0.55288E-01 0.31014E-02 0.31014E-02 -.87930E+00      8230205   2/0.35809E-01
 0.36031E-01 0.32264E+02 0.00000E+00 0.70285E-01 0.36905E-02 0.36048E-02 0.73665E-01 0.74163E-01 0.32727E-02 0.32727E-02 -.10507E+01      8230205   3/0.36031E-01
 0.49027E-01 0.69073E+01 0.00000E+00 0.31617E-01 0.31561E-02 0.31445E-02 0.31851E-01 0.32151E-01 0.17134E-02 0.17134E-02 -.16902E+00      8230205   2/0.49027E-01
 0.49313E-01 0.35538E+02 0.00000E+00 0.46275E-01 0.21499E-02 0.22210E-02 0.43357E-01 0.43760E-01 0.17909E-02 0.17909E-02 0.11699E+01      8230205   3/0.49313E-01
 0.67371E-01 0.38524E+02 0.00000E+00 0.25924E-01 0.11954E-02 0.12293E-02 0.24516E-01 0.24770E-01 0.94333E-03 0.94333E-03 0.96581E+00      8230205   3/0.67371E-01
 0.92144E-01 0.40931E+02 0.00000E+00 0.12322E-01 0.63116E-03 0.61026E-03 0.13180E-01 0.13281E-01 0.52662E-03 0.52662E-03 -.15188E+01      8230205   3/0.92144E-01
 0.93110E-01 0.17977E+03 0.00000E+00 0.13525E-01 0.11847E-02 0.12746E-02 0.11683E-01 0.11771E-01 0.43770E-03 0.43770E-03 0.14808E+01      8230205   4/0.93110E-01
 0.12634E+00 0.42691E+02 0.00000E+00 0.64727E-02 0.35630E-03 0.35040E-03 0.66926E-02 0.66960E-02 0.30490E-03 0.30490E-03 -.62673E+00      8230205   3/0.12634E+00
 0.12744E+00 0.20076E+03 0.00000E+00 0.63345E-02 0.51923E-03 0.54327E-03 0.57863E-02 0.57899E-02 0.24448E-03 0.24448E-03 0.10488E+01      8230205   4/0.12744E+00
 0.17366E+00 0.44250E+02 0.00000E+00 0.31296E-02 0.19731E-03 0.19830E-03 0.30984E-02 0.30920E-02 0.16695E-03 0.16695E-03 0.19032E+00      8230205   3/0.17366E+00
 0.17493E+00 0.22319E+03 0.00000E+00 0.27143E-02 0.22984E-03 0.23543E-03 0.25869E-02 0.25823E-02 0.13015E-03 0.13015E-03 0.57429E+00      8230205   4/0.17493E+00
 0.23800E+00 0.45386E+02 0.00000E+00 0.13423E-02 0.10553E-03 0.11027E-03 0.12295E-02 0.12468E-02 0.11605E-03 0.11605E-03 0.90466E+00      8230205   3/0.23800E+00
 0.23915E+00 0.24841E+03 0.00000E+00 0.10762E-02 0.10274E-03 0.10745E-03 0.98379E-03 0.99343E-03 0.86657E-04 0.86657E-04 0.80585E+00      8230205   4/0.23915E+00
     8957815
 AdvSND inclusive $\nu_{\mu}$                                                    
Plot1@Experiment:AdvSND inclusive #nu_{#mu}@ExtraLabel:#nu p (CC) @XTitle: x @YTitle: d^{2}#sigma/dxdQ^{2} @Title:Q^{2} > 4 @Ymin:0.01@Xlog@Ylog
Plot2@Experiment:AdvSND inclusive #nu_{#mu}@ExtraLabel:#nu p (CC) @XTitle: x @YTitle: d^{2}#sigma/dxdQ^{2} @Title:Q^{2} > 10 @Ymin:0.01@Xlog@Ylog
Plot3@Experiment:AdvSND inclusive #nu_{#mu}@ExtraLabel:#nu p (CC) @XTitle: x @YTitle: d^{2}#sigma/dxdQ^{2} @Title:Q^{2} > 100 @Ymin:0.01@Xlog@Ylog
Plot4@Experiment:AdvSND inclusive #nu_{#mu}@ExtraLabel:#nu p (CC) @XTitle: x @YTitle: d^{2}#sigma/dxdQ^{2} @Title:Q^{2} > 1000 @Ymin:0.01@Xlog@Ylog
 x           Q2          dummy          data      +- uncor     +- tot     th orig         th mod   therr+         therr-     pull    iset       iplot
 0.10137E-01 0.64438E+01 0.00000E+00 0.10629E+01 0.10405E+00 0.10343E+00 0.10757E+01 0.10786E+01 0.18615E-01 0.18615E-01 -.15045E+00      8957815   2/0.10137E-01
 0.13915E-01 0.65365E+01 0.00000E+00 0.76648E+00 0.61740E-01 0.61823E-01 0.76443E+00 0.76755E+00 0.11511E-01 0.11511E-01 -.17370E-01      8957815   2/0.13915E-01
 0.13988E-01 0.22534E+02 0.00000E+00 0.85240E+00 0.64631E-01 0.65774E-01 0.82303E+00 0.82603E+00 0.12072E-01 0.12072E-01 0.40802E+00      8957815   3/0.13988E-01
 0.19081E-01 0.66242E+01 0.00000E+00 0.58488E+00 0.38999E-01 0.40349E-01 0.54640E+00 0.54934E+00 0.68196E-02 0.68196E-02 0.91133E+00      8957815   2/0.19081E-01
 0.19210E-01 0.24635E+02 0.00000E+00 0.56519E+00 0.33260E-01 0.32595E-01 0.58851E+00 0.59108E+00 0.76401E-02 0.76401E-02 -.77832E+00      8957815   3/0.19210E-01
 0.26198E-01 0.66751E+01 0.00000E+00 0.37273E+00 0.23015E-01 0.22472E-01 0.39094E+00 0.39346E+00 0.40085E-02 0.40085E-02 -.90110E+00      8957815   2/0.26198E-01
 0.26392E-01 0.27056E+02 0.00000E+00 0.38847E+00 0.17575E-01 0.17223E-01 0.40451E+00 0.40660E+00 0.43606E-02 0.43606E-02 -.10317E+01      8957815   3/0.26392E-01
 0.36031E-01 0.67515E+01 0.00000E+00 0.27340E+00 0.14804E-01 0.14774E-01 0.27449E+00 0.27622E+00 0.24133E-02 0.24133E-02 -.19072E+00      8957815   2/0.36031E-01
 0.36226E-01 0.30199E+02 0.00000E+00 0.29218E+00 0.10062E-01 0.10308E-01 0.27841E+00 0.27997E+00 0.24866E-02 0.24866E-02 0.12142E+01      8957815   3/0.36226E-01
 0.49409E-01 0.67668E+01 0.00000E+00 0.20413E+00 0.98213E-02 0.10112E-01 0.19257E+00 0.19354E+00 0.15100E-02 0.15100E-02 0.10780E+01      8957815   2/0.49409E-01
 0.49683E-01 0.33339E+02 0.00000E+00 0.18329E+00 0.53653E-02 0.52630E-02 0.19048E+00 0.19148E+00 0.14485E-02 0.14485E-02 -.15261E+01      8957815   3/0.49683E-01
 0.50321E-01 0.16584E+03 0.00000E+00 0.20137E+00 0.17602E-01 0.18937E-01 0.17399E+00 0.17481E+00 0.12537E-02 0.12537E-02 0.15089E+01      8957815   4/0.50321E-01
 0.67742E-01 0.67930E+01 0.00000E+00 0.13059E+00 0.60683E-02 0.59834E-02 0.13433E+00 0.13480E+00 0.90054E-03 0.90054E-03 -.69346E+00      8957815   2/0.67742E-01
 0.68073E-01 0.36146E+02 0.00000E+00 0.13297E+00 0.31428E-02 0.31842E-02 0.12954E+00 0.13006E+00 0.87194E-03 0.87194E-03 0.92433E+00      8957815   3/0.68073E-01
 0.68948E-01 0.17616E+03 0.00000E+00 0.11676E+00 0.71317E-02 0.71663E-02 0.11563E+00 0.11603E+00 0.75291E-03 0.75291E-03 0.10244E+00      8957815   4/0.68948E-01
 0.92913E-01 0.68700E+01 0.00000E+00 0.94548E-01 0.40396E-02 0.40889E-02 0.92281E-01 0.92525E-01 0.56536E-03 0.56536E-03 0.50061E+00      8957815   2/0.92913E-01
 0.93258E-01 0.38842E+02 0.00000E+00 0.88892E-01 0.18198E-02 0.18407E-02 0.86883E-01 0.87116E-01 0.53173E-03 0.53173E-03 0.97593E+00      8957815   3/0.93258E-01
 0.94276E-01 0.19073E+03 0.00000E+00 0.78874E-01 0.32672E-02 0.33315E-02 0.75859E-01 0.76007E-01 0.47261E-03 0.47261E-03 0.87747E+00      8957815   4/0.94276E-01
 0.12640E+00 0.72838E+01 0.00000E+00 0.61898E-01 0.27881E-02 0.27796E-02 0.62275E-01 0.62387E-01 0.39640E-03 0.39640E-03 -.17551E+00      8957815   2/0.12640E+00
 0.12807E+00 0.41040E+02 0.00000E+00 0.56659E-01 0.10347E-02 0.10356E-02 0.56560E-01 0.56619E-01 0.36762E-03 0.36762E-03 0.38325E-01      8957815   3/0.12807E+00
 0.12921E+00 0.20657E+03 0.00000E+00 0.48070E-01 0.14858E-02 0.14821E-02 0.48305E-01 0.48317E-01 0.33153E-03 0.33153E-03 -.16664E+00      8957815   4/0.12921E+00
 0.17241E+00 0.82035E+01 0.00000E+00 0.40155E-01 0.22370E-02 0.22452E-02 0.39859E-01 0.39878E-01 0.31888E-03 0.31888E-03 0.12369E+00      8957815   2/0.17241E+00
 0.17570E+00 0.43133E+02 0.00000E+00 0.35598E-01 0.59263E-03 0.59753E-03 0.35016E-01 0.34980E-01 0.29787E-03 0.29787E-03 0.10437E+01      8957815   3/0.17570E+00
 0.17742E+00 0.22519E+03 0.00000E+00 0.28461E-01 0.68533E-03 0.67923E-03 0.28974E-01 0.28922E-01 0.25591E-03 0.25591E-03 -.67198E+00      8957815   4/0.17742E+00
 0.24085E+00 0.44811E+02 0.00000E+00 0.20018E-01 0.32470E-03 0.32675E-03 0.19768E-01 0.19720E-01 0.22612E-03 0.22612E-03 0.91984E+00      8957815   3/0.24085E+00
 0.24260E+00 0.24806E+03 0.00000E+00 0.15593E-01 0.31079E-03 0.30926E-03 0.15747E-01 0.15701E-01 0.17735E-03 0.17735E-03 -.35042E+00      8957815   4/0.24260E+00
 0.32807E+00 0.47704E+02 0.00000E+00 0.97737E-02 0.17081E-03 0.17218E-03 0.96186E-02 0.96091E-02 0.13422E-03 0.13422E-03 0.96319E+00      8957815   3/0.32807E+00
 0.33102E+00 0.27231E+03 0.00000E+00 0.72885E-02 0.13328E-03 0.13396E-03 0.72153E-02 0.72024E-02 0.95960E-04 0.95960E-04 0.64583E+00      8957815   4/0.33102E+00
 0.44329E+00 0.51135E+02 0.00000E+00 0.34825E-02 0.78999E-04 0.78370E-04 0.35386E-02 0.35242E-02 0.73267E-04 0.73267E-04 -.52769E+00      8957815   3/0.44329E+00
 0.44617E+00 0.29870E+03 0.00000E+00 0.24432E-02 0.49631E-04 0.49451E-04 0.24610E-02 0.24480E-02 0.52094E-04 0.52094E-04 -.97395E-01      8957815   4/0.44617E+00
 0.45064E+00 0.15236E+04 0.00000E+00 0.15324E-02 0.13164E-03 0.13859E-03 0.13826E-02 0.13744E-02 0.30409E-04 0.30409E-04 0.11999E+01      8957815 999/0.45064E+00
 0.59823E+00 0.55173E+02 0.00000E+00 0.67781E-03 0.27385E-04 0.26485E-04 0.72468E-03 0.71894E-03 0.44526E-04 0.44526E-04 -.15019E+01      8957815   3/0.59823E+00
 0.60119E+00 0.31855E+03 0.00000E+00 0.47535E-03 0.14582E-04 0.14957E-04 0.45179E-03 0.44984E-03 0.29702E-04 0.29702E-04 0.17493E+01      8957815   4/0.60119E+00
     2803001
 AdvSND inclusive $\bar{\nu}_{\mu}$                                              
Plot1@Experiment:AdvSND inclusive #bar{#nu}_{#mu}@ExtraLabel:#nu p (CC) @XTitle: x @YTitle: d^{2}#sigma/dxdQ^{2} @Title:Q^{2} > 4 @Ymin:0.01@Xlog@Ylog
Plot2@Experiment:AdvSND inclusive #bar{#nu}_{#mu}@ExtraLabel:#nu p (CC) @XTitle: x @YTitle: d^{2}#sigma/dxdQ^{2} @Title:Q^{2} > 10 @Ymin:0.01@Xlog@Ylog
Plot3@Experiment:AdvSND inclusive #bar{#nu}_{#mu}@ExtraLabel:#nu p (CC) @XTitle: x @YTitle: d^{2}#sigma/dxdQ^{2} @Title:Q^{2} > 100 @Ymin:0.01@Xlog@Ylog
Plot4@Experiment:AdvSND inclusive #bar{#nu}_{#mu}@ExtraLabel:#nu p (CC) @XTitle: x @YTitle: d^{2}#sigma/dxdQ^{2} @Title:Q^{2} > 1000 @Ymin:0.01@Xlog@Ylog
 x           Q2          dummy          data      +- uncor     +- tot     th orig         th mod   therr+         therr-     pull    iset       iplot
 0.13905E-01 0.65256E+01 0.00000E+00 0.74317E+00 0.74612E-01 0.74156E-01 0.75233E+00 0.75484E+00 0.12385E-01 0.12385E-01 -.15632E+00      2803001   2/0.13905E-01
 0.14004E-01 0.20397E+02 0.00000E+00 0.72228E+00 0.71427E-01 0.71545E-01 0.71991E+00 0.72238E+00 0.13454E-01 0.13454E-01 -.13519E-02      2803001   3/0.14004E-01
 0.19071E-01 0.66030E+01 0.00000E+00 0.56881E+00 0.47869E-01 0.48810E-01 0.54710E+00 0.54989E+00 0.75798E-02 0.75798E-02 0.39543E+00      2803001   2/0.19071E-01
 0.19198E-01 0.23171E+02 0.00000E+00 0.53968E+00 0.38914E-01 0.40373E-01 0.50139E+00 0.50398E+00 0.83285E-02 0.83285E-02 0.91752E+00      2803001   3/0.19198E-01
 0.26195E-01 0.66531E+01 0.00000E+00 0.38020E+00 0.29614E-01 0.28832E-01 0.40110E+00 0.40364E+00 0.45231E-02 0.45231E-02 -.79140E+00      2803001   2/0.26195E-01
 0.26344E-01 0.26271E+02 0.00000E+00 0.33810E+00 0.20150E-01 0.19692E-01 0.35403E+00 0.35626E+00 0.53193E-02 0.53193E-02 -.90143E+00      2803001   3/0.26344E-01
 0.36021E-01 0.66967E+01 0.00000E+00 0.27263E+00 0.19190E-01 0.18595E-01 0.29035E+00 0.29217E+00 0.26206E-02 0.26206E-02 -.10180E+01      2803001   2/0.36021E-01
 0.36185E-01 0.29293E+02 0.00000E+00 0.24275E+00 0.11463E-01 0.11444E-01 0.24360E+00 0.24525E+00 0.30292E-02 0.30292E-02 -.21796E+00      2803001   3/0.36185E-01
 0.49397E-01 0.67151E+01 0.00000E+00 0.23084E+00 0.13863E-01 0.14459E-01 0.21220E+00 0.21338E+00 0.15284E-02 0.15284E-02 0.12591E+01      2803001   2/0.49397E-01
 0.49616E-01 0.31990E+02 0.00000E+00 0.17651E+00 0.68843E-02 0.70489E-02 0.16836E+00 0.16950E+00 0.16975E-02 0.16975E-02 0.10171E+01      2803001   3/0.49616E-01
 0.67706E-01 0.67389E+01 0.00000E+00 0.14361E+00 0.86945E-02 0.83556E-02 0.15550E+00 0.15621E+00 0.94036E-03 0.94036E-03 -.14489E+01      2803001   2/0.67706E-01
 0.67941E-01 0.34207E+02 0.00000E+00 0.12506E+00 0.41830E-02 0.43017E-02 0.11825E+00 0.11899E+00 0.95928E-03 0.95928E-03 0.14499E+01      2803001   3/0.67941E-01
 0.92894E-01 0.67793E+01 0.00000E+00 0.11051E+00 0.62021E-02 0.60974E-02 0.11434E+00 0.11473E+00 0.62602E-03 0.62602E-03 -.67988E+00      2803001   2/0.92894E-01
 0.93116E-01 0.36003E+02 0.00000E+00 0.86767E-01 0.26030E-02 0.26465E-02 0.83939E-01 0.84357E-01 0.57782E-03 0.57782E-03 0.92579E+00      2803001   3/0.93116E-01
 0.93987E-01 0.16645E+03 0.00000E+00 0.48237E-01 0.36094E-02 0.36309E-02 0.47667E-01 0.48018E-01 0.52113E-03 0.52113E-03 0.60503E-01      2803001   4/0.93987E-01
 0.12636E+00 0.72192E+01 0.00000E+00 0.86270E-01 0.48445E-02 0.49223E-02 0.83562E-01 0.83726E-01 0.41036E-03 0.41036E-03 0.52507E+00      2803001   2/0.12636E+00
 0.12785E+00 0.37518E+02 0.00000E+00 0.61631E-01 0.16664E-02 0.16917E-02 0.59798E-01 0.59972E-01 0.33777E-03 0.33777E-03 0.99570E+00      2803001   3/0.12785E+00
 0.12873E+00 0.18189E+03 0.00000E+00 0.32434E-01 0.18253E-02 0.18743E-02 0.30761E-01 0.30916E-01 0.29586E-03 0.29586E-03 0.83141E+00      2803001   4/0.12873E+00
 0.17230E+00 0.81666E+01 0.00000E+00 0.58914E-01 0.41717E-02 0.41519E-02 0.59479E-01 0.59570E-01 0.26792E-03 0.26792E-03 -.15725E+00      2803001   2/0.17230E+00
 0.17570E+00 0.38708E+02 0.00000E+00 0.42020E-01 0.10809E-02 0.10822E-02 0.41917E-01 0.41986E-01 0.19598E-03 0.19598E-03 0.31951E-01      2803001   3/0.17570E+00
 0.17696E+00 0.19967E+03 0.00000E+00 0.19854E-01 0.95253E-03 0.94894E-03 0.20005E-01 0.20071E-01 0.15752E-03 0.15752E-03 -.22802E+00      2803001   4/0.17696E+00
 0.24098E+00 0.39800E+02 0.00000E+00 0.27964E-01 0.70328E-03 0.70446E-03 0.27871E-01 0.27893E-01 0.11838E-03 0.11838E-03 0.10131E+00      2803001   3/0.24098E+00
 0.24242E+00 0.21702E+03 0.00000E+00 0.13239E-01 0.54334E-03 0.55451E-03 0.12712E-01 0.12734E-01 0.73633E-04 0.73633E-04 0.93065E+00      2803001   4/0.24242E+00
 0.32831E+00 0.42802E+02 0.00000E+00 0.16107E-01 0.43991E-03 0.43548E-03 0.16437E-01 0.16429E-01 0.68457E-04 0.68457E-04 -.73034E+00      2803001   3/0.32831E+00
 0.33089E+00 0.23133E+03 0.00000E+00 0.78281E-02 0.30666E-03 0.31135E-03 0.75938E-02 0.75940E-02 0.46820E-04 0.46820E-04 0.76349E+00      2803001   4/0.33089E+00
 0.44355E+00 0.47137E+02 0.00000E+00 0.77294E-02 0.26492E-03 0.26268E-03 0.78616E-02 0.78586E-02 0.54733E-04 0.54733E-04 -.48769E+00      2803001   3/0.44355E+00
 0.44643E+00 0.24773E+03 0.00000E+00 0.38093E-02 0.16231E-03 0.16551E-03 0.36636E-02 0.36650E-02 0.37875E-04 0.37875E-04 0.88914E+00      2803001   4/0.44643E+00
 0.59922E+00 0.52261E+02 0.00000E+00 0.24146E-02 0.13733E-03 0.13950E-03 0.23400E-02 0.23417E-02 0.28072E-04 0.28072E-04 0.53086E+00      2803001   3/0.59922E+00
 0.60352E+00 0.26179E+03 0.00000E+00 0.10038E-02 0.66878E-04 0.65327E-04 0.10520E-02 0.10563E-02 0.22485E-04 0.22485E-04 -.78485E+00      2803001   4/0.60352E+00
     1954224
 AdvSND charm $\nu_{\mu}$                                                        
Plot1@Experiment:AdvSND charm #nu_{#mu}@ExtraLabel:#nu p (CC) @XTitle: x @YTitle: d^{2}#sigma/dxdQ^{2} @Title:Q^{2} > 4 @Ymin:0.01@Xlog@Ylog
Plot2@Experiment:AdvSND charm #nu_{#mu}@ExtraLabel:#nu p (CC) @XTitle: x @YTitle: d^{2}#sigma/dxdQ^{2} @Title:Q^{2} > 10 @Ymin:0.01@Xlog@Ylog
Plot3@Experiment:AdvSND charm #nu_{#mu}@ExtraLabel:#nu p (CC) @XTitle: x @YTitle: d^{2}#sigma/dxdQ^{2} @Title:Q^{2} > 100 @Ymin:0.01@Xlog@Ylog
Plot4@Experiment:AdvSND charm #nu_{#mu}@ExtraLabel:#nu p (CC) @XTitle: x @YTitle: d^{2}#sigma/dxdQ^{2} @Title:Q^{2} > 1000 @Ymin:0.01@Xlog@Ylog
 x           Q2          dummy          data      +- uncor     +- tot     th orig         th mod   therr+         therr-     pull    iset       iplot
 0.26299E-01 0.28239E+02 0.00000E+00 0.12403E+00 0.10735E-01 0.10678E-01 0.12535E+00 0.12638E+00 0.57629E-02 0.57629E-02 -.21902E+00      1954224   3/0.26299E-01
 0.36126E-01 0.31507E+02 0.00000E+00 0.77416E-01 0.56286E-02 0.56355E-02 0.77229E-01 0.78212E-01 0.34935E-02 0.34935E-02 -.14147E+00      1954224   3/0.36126E-01
 0.49521E-01 0.34740E+02 0.00000E+00 0.47925E-01 0.30027E-02 0.30465E-02 0.46556E-01 0.47235E-01 0.20607E-02 0.20607E-02 0.22973E+00      1954224   3/0.49521E-01
 0.67771E-01 0.37625E+02 0.00000E+00 0.29251E-01 0.16357E-02 0.16830E-02 0.27628E-01 0.27963E-01 0.11662E-02 0.11662E-02 0.78758E+00      1954224   3/0.67771E-01
 0.92853E-01 0.40246E+02 0.00000E+00 0.15572E-01 0.83967E-03 0.82427E-03 0.16160E-01 0.16280E-01 0.68934E-03 0.68934E-03 -.84318E+00      1954224   3/0.92853E-01
 0.12745E+00 0.42465E+02 0.00000E+00 0.88420E-02 0.45434E-03 0.44541E-03 0.92001E-02 0.92316E-02 0.46262E-03 0.46262E-03 -.85762E+00      1954224   3/0.12745E+00
 0.12860E+00 0.20674E+03 0.00000E+00 0.74796E-02 0.64111E-03 0.61700E-03 0.80756E-02 0.81051E-02 0.39788E-03 0.39788E-03 -.97558E+00      1954224   4/0.12860E+00
 0.17496E+00 0.44398E+02 0.00000E+00 0.49162E-02 0.24876E-03 0.24830E-03 0.49346E-02 0.49558E-02 0.31474E-03 0.31474E-03 -.15899E+00      1954224   3/0.17496E+00
 0.17665E+00 0.22576E+03 0.00000E+00 0.45217E-02 0.30009E-03 0.31438E-03 0.41200E-02 0.41375E-02 0.25188E-03 0.25188E-03 0.12802E+01      1954224   4/0.17665E+00
 0.23982E+00 0.46253E+02 0.00000E+00 0.24578E-02 0.12932E-03 0.13351E-03 0.23060E-02 0.23345E-02 0.18185E-03 0.18185E-03 0.95294E+00      1954224   3/0.23982E+00
 0.24161E+00 0.24747E+03 0.00000E+00 0.16661E-02 0.11212E-03 0.10727E-03 0.18201E-02 0.18366E-02 0.13013E-03 0.13013E-03 -.15205E+01      1954224   4/0.24161E+00
 0.32655E+00 0.49270E+02 0.00000E+00 0.99952E-03 0.61962E-04 0.65259E-04 0.90108E-03 0.90946E-03 0.76341E-04 0.76341E-04 0.14535E+01      1954224   3/0.32655E+00
 0.32960E+00 0.27136E+03 0.00000E+00 0.64076E-03 0.43363E-04 0.42482E-04 0.66763E-03 0.66742E-03 0.49878E-04 0.49878E-04 -.61476E+00      1954224   4/0.32960E+00
 0.44266E+00 0.52544E+02 0.00000E+00 0.34739E-03 0.28728E-04 0.30070E-04 0.31707E-03 0.31118E-03 0.43084E-04 0.43084E-04 0.12603E+01      1954224   3/0.44266E+00
 0.44595E+00 0.29872E+03 0.00000E+00 0.23188E-03 0.17453E-04 0.17557E-04 0.22913E-03 0.22251E-03 0.30903E-04 0.30903E-04 0.53737E+00      1954224   4/0.44595E+00
