* Theory file for FASER$\nu$2 inclusive $\nu_{\mu}$
&Data 
   Name = "Theory for FASER$\nu$2 inclusive $\nu_{\mu}$"
   NData =    44
   NColumn =    43
   ColumnType = 2*"Bin","Theory", 40*"Error"
   ColumnName = "x","Q2","theory","PDF_nuisance_param_1","PDF_nuisance_param_2","PDF_nuisance_param_3","PDF_nuisance_param_4","PDF_nuisance_param_5","PDF_nuisance_param_6","PDF_nuisance_param_7","PDF_nuisance_param_8","PDF_nuisance_param_9","PDF_nuisance_param_10","PDF_nuisance_param_11","PDF_nuisance_param_12","PDF_nuisance_param_13","PDF_nuisance_param_14","PDF_nuisance_param_15","PDF_nuisance_param_16","PDF_nuisance_param_17","PDF_nuisance_param_18","PDF_nuisance_param_19","PDF_nuisance_param_20","PDF_nuisance_param_21","PDF_nuisance_param_22","PDF_nuisance_param_23","PDF_nuisance_param_24","PDF_nuisance_param_25","PDF_nuisance_param_26","PDF_nuisance_param_27","PDF_nuisance_param_28","PDF_nuisance_param_29","PDF_nuisance_param_30","PDF_nuisance_param_31","PDF_nuisance_param_32","PDF_nuisance_param_33","PDF_nuisance_param_34","PDF_nuisance_param_35","PDF_nuisance_param_36","PDF_nuisance_param_37","PDF_nuisance_param_38","PDF_nuisance_param_39","PDF_nuisance_param_40"
   Percent =  40*True
&End 
  0.2099E-02  0.5760E+01  0.5896E+01 -0.4598E+00  0.1478E+01  0.1092E-01 -0.1301E+00 -0.8550E-01 -0.2696E+00 -0.1523E+00  0.8407E+00 -0.2123E+00  0.2352E+00  0.5908E-01  0.4766E-01  0.1331E+01 -0.1508E+00 -0.6272E+00 -0.1797E+00  0.1720E+00  0.6723E-01 -0.1251E+00  0.9285E-01  0.9063E-01 -0.1163E+00 -0.4521E-01 -0.9095E-01  0.2590E-01 -0.1003E+00 -0.1138E+00  0.1453E+00 -0.1206E+00 -0.3134E+00 -0.3609E-02 -0.2423E-01 -0.1987E+00  0.3739E-01 -0.2089E+00 -0.3209E+00 -0.6176E-01 -0.1439E+00 -0.8396E+00 -0.4331E-01
  0.2866E-02  0.6142E+01  0.4283E+01 -0.3087E+00  0.1390E+01  0.3034E-01 -0.1307E+00 -0.7617E-01 -0.1949E+00 -0.1247E+00  0.8819E+00 -0.1498E+00  0.1993E+00  0.5619E-01  0.5614E-01  0.9722E+00 -0.1279E+00 -0.5250E+00 -0.1564E+00  0.1953E+00  0.1484E+00 -0.9216E-01  0.4672E-02  0.1395E+00 -0.1211E+00 -0.2759E-01 -0.8916E-01  0.3191E-01 -0.7560E-01 -0.7847E-01  0.1664E+00 -0.7514E-01 -0.2757E+00 -0.2389E-01  0.1786E-02 -0.1662E+00  0.5163E-01 -0.1634E+00 -0.3488E+00 -0.6646E-01 -0.1025E+00 -0.9224E+00 -0.3219E-01
  0.3935E-02  0.6283E+01  0.3093E+01 -0.1544E+00  0.1263E+01  0.5199E-01 -0.1218E+00 -0.5595E-01 -0.9991E-01 -0.8500E-01  0.8983E+00 -0.6721E-01  0.1596E+00  0.4632E-01  0.5997E-01  0.6162E+00 -0.7433E-01 -0.4029E+00 -0.1319E+00  0.2178E+00  0.2318E+00 -0.6830E-01 -0.5056E-01  0.1840E+00 -0.1153E+00 -0.1114E-01 -0.9102E-01  0.3515E-01 -0.3806E-01 -0.4073E-01  0.1933E+00 -0.2854E-01 -0.2301E+00 -0.3107E-01  0.2255E-02 -0.1235E+00  0.5764E-01 -0.1183E+00 -0.3711E+00 -0.8398E-01 -0.6716E-01 -0.9918E+00 -0.2454E-01
  0.3957E-02  0.1540E+02  0.3454E+01 -0.1655E+00  0.1324E+01  0.4834E-01 -0.1257E+00 -0.5822E-01 -0.1171E+00 -0.9932E-01  0.8087E+00 -0.7756E-01  0.1887E+00  0.1375E+00  0.5789E-01  0.6896E+00 -0.7770E-01 -0.2946E+00 -0.1291E+00  0.1551E+00  0.2083E+00 -0.7959E-01 -0.3165E-01  0.1481E+00 -0.1115E+00 -0.2157E-01 -0.8800E-01  0.3879E-01 -0.4936E-01 -0.4662E-01  0.1670E+00 -0.3630E-01 -0.2286E+00 -0.2610E-01 -0.9231E-02 -0.1249E+00  0.5343E-01 -0.1297E+00 -0.3318E+00 -0.8176E-01 -0.6325E-01 -0.9218E+00  0.2153E-02
  0.5394E-02  0.6406E+01  0.2256E+01 -0.1942E-01  0.1094E+01  0.6610E-01 -0.1026E+00 -0.2669E-01 -0.3550E-02 -0.3914E-01  0.8769E+00  0.2372E-01  0.1250E+00  0.2828E-01  0.6251E-01  0.3039E+00  0.2865E-02 -0.2581E+00 -0.1142E+00  0.2350E+00  0.3036E+00 -0.5243E-01 -0.6923E-01  0.2158E+00 -0.1005E+00  0.4376E-02 -0.9403E-01  0.3427E-01 -0.4524E-02 -0.7774E-02  0.2212E+00  0.2594E-01 -0.1750E+00 -0.2436E-01 -0.1053E-01 -0.6558E-01  0.5170E-01 -0.7194E-01 -0.3747E+00 -0.1105E+00 -0.4081E-01 -0.1025E+01 -0.1692E-01
  0.5444E-02  0.1684E+02  0.2427E+01 -0.5334E-01  0.1217E+01  0.6147E-01 -0.1160E+00 -0.3824E-01 -0.3756E-01 -0.6514E-01  0.7954E+00 -0.7017E-02  0.1520E+00  0.1057E+00  0.5788E-01  0.3866E+00 -0.1883E-01 -0.1971E+00 -0.1164E+00  0.1709E+00  0.2788E+00 -0.6372E-01 -0.5182E-01  0.1793E+00 -0.9964E-01 -0.8126E-02 -0.8985E-01  0.4093E-01 -0.1697E-01 -0.1919E-01  0.1954E+00  0.6039E-02 -0.1864E+00 -0.2262E-01 -0.1687E-01 -0.7562E-01  0.5059E-01 -0.9336E-01 -0.3409E+00 -0.1079E+00 -0.4146E-01 -0.9743E+00  0.1717E-01
  0.7395E-02  0.6578E+01  0.1615E+01  0.7441E-01  0.9252E+00  0.6893E-01 -0.7835E-01 -0.2173E-03  0.6969E-01  0.1881E-02  0.8404E+00  0.1011E+00  0.1052E+00  0.7985E-03  0.6752E-01  0.6686E-01  0.7687E-01 -0.1198E+00 -0.1127E+00  0.2541E+00  0.3526E+00 -0.4590E-01 -0.6832E-01  0.2316E+00 -0.8742E-01  0.1889E-01 -0.9399E-01  0.3320E-01  0.1408E-01  0.1375E-01  0.2478E+00  0.9326E-01 -0.1248E+00 -0.1210E-01 -0.2095E-01 -0.9717E-02  0.3836E-01 -0.3206E-01 -0.3587E+00 -0.1391E+00 -0.2551E-01 -0.1023E+01 -0.9650E-03
  0.7468E-02  0.1900E+02  0.1715E+01  0.3077E-01  0.1072E+01  0.6666E-01 -0.9434E-01 -0.2006E-01  0.2657E-01 -0.2959E-01  0.7485E+00  0.5667E-01  0.1241E+00  0.6029E-01  0.5828E-01  0.1294E+00  0.4448E-01 -0.9582E-01 -0.1127E+00  0.1799E+00  0.3303E+00 -0.5540E-01 -0.5621E-01  0.1936E+00 -0.8801E-01  0.7420E-02 -0.8834E-01  0.3947E-01  0.3073E-02  0.1345E-02  0.2204E+00  0.5992E-01 -0.1411E+00 -0.1367E-01 -0.2443E-01 -0.2425E-01  0.4152E-01 -0.5748E-01 -0.3295E+00 -0.1347E+00 -0.2977E-01 -0.9826E+00  0.3620E-01
  0.1010E-01  0.6623E+01  0.1165E+01  0.1277E+00  0.7118E+00  0.4657E-01 -0.5221E-01  0.1046E-01  0.8796E-01  0.3449E-01  0.7684E+00  0.1455E+00  0.1024E+00 -0.3863E-01  0.7426E-01 -0.1074E+00  0.1141E+00 -0.6114E-02 -0.1268E+00  0.2702E+00  0.3667E+00 -0.4739E-01 -0.6001E-01  0.2207E+00 -0.9418E-01  0.3606E-01 -0.7995E-01  0.3164E-01  0.8143E-02  0.2096E-01  0.2562E+00  0.1809E+00 -0.7938E-01 -0.1003E-01  0.5741E-02  0.3015E-01  0.2905E-01 -0.5422E-02 -0.3179E+00 -0.1541E+00 -0.1911E-01 -0.9436E+00  0.2630E-01
  0.1021E-01  0.2132E+02  0.1213E+01  0.8491E-01  0.8954E+00  0.5861E-01 -0.6612E-01 -0.1227E-01  0.5755E-01  0.2989E-02  0.6741E+00  0.1004E+00  0.1091E+00  0.5553E-02  0.6041E-01 -0.6479E-01  0.8958E-01 -0.1153E-01 -0.1220E+00  0.1877E+00  0.3550E+00 -0.5606E-01 -0.5093E-01  0.1862E+00 -0.8872E-01  0.2701E-01 -0.7828E-01  0.3623E-01  0.7648E-02  0.1245E-01  0.2346E+00  0.1282E+00 -0.9652E-01 -0.1044E-01 -0.1353E-01  0.1729E-01  0.3335E-01 -0.3137E-01 -0.2987E+00 -0.1535E+00 -0.2795E-01 -0.9305E+00  0.6156E-01
  0.1388E-01  0.6678E+01  0.8308E+00  0.1437E+00  0.4874E+00  0.1957E-01 -0.3196E-01 -0.3370E-02  0.5950E-01  0.5595E-01  0.6777E+00  0.1510E+00  0.1165E+00 -0.7213E-01  0.7495E-01 -0.2103E+00  0.1115E+00  0.6226E-01 -0.1498E+00  0.2774E+00  0.3451E+00 -0.7206E-01 -0.4982E-01  0.1707E+00 -0.1215E+00  0.4927E-01 -0.5317E-01  0.2612E-01  0.1395E-01  0.2259E-01  0.2401E+00  0.2810E+00 -0.6208E-01 -0.1643E-01  0.3074E-01  0.3942E-01  0.2842E-01 -0.3306E-02 -0.2628E+00 -0.1492E+00 -0.2737E-01 -0.7807E+00  0.6752E-01
  0.1399E-01  0.2465E+02  0.8757E+00  0.1032E+00  0.7601E+00  0.4401E-01 -0.3985E-01 -0.2266E-01  0.3758E-01  0.2007E-01  0.5906E+00  0.1074E+00  0.1101E+00 -0.3405E-01  0.6605E-01 -0.1758E+00  0.9780E-01  0.2929E-01 -0.1407E+00  0.1666E+00  0.3534E+00 -0.6825E-01 -0.4317E-01  0.1485E+00 -0.1026E+00  0.4656E-01 -0.6189E-01  0.2251E-01  0.3227E-02  0.1324E-01  0.2354E+00  0.1884E+00 -0.7101E-01 -0.2085E-01  0.9470E-02  0.3117E-01  0.3340E-01 -0.2587E-01 -0.2596E+00 -0.1585E+00 -0.3681E-01 -0.8439E+00  0.8929E-01
  0.1903E-01  0.6749E+01  0.5901E+00  0.1196E+00  0.2855E+00 -0.7528E-02 -0.2947E-01 -0.2452E-01  0.2915E-02  0.5896E-01  0.5779E+00  0.1225E+00  0.1412E+00 -0.9453E-01  0.6814E-01 -0.2440E+00  0.8481E-01  0.8621E-01 -0.1770E+00  0.2752E+00  0.2937E+00 -0.1132E+00 -0.2668E-01  0.8181E-01 -0.1518E+00  0.4860E-01 -0.2457E-01  0.8287E-02  0.4023E-01  0.2239E-01  0.2054E+00  0.3732E+00 -0.7241E-01 -0.2180E-01  0.2944E-01  0.2657E-01  0.2909E-01 -0.2555E-01 -0.2009E+00 -0.1260E+00 -0.4650E-01 -0.5518E+00  0.1174E+00
  0.1918E-01  0.2789E+02  0.6125E+00  0.1161E+00  0.5514E+00  0.1952E-01 -0.2384E-01 -0.2729E-01  0.1820E-01  0.4023E-01  0.4755E+00  0.1114E+00  0.1054E+00 -0.8129E-01  0.7027E-01 -0.2605E+00  0.9135E-01  0.5304E-01 -0.1708E+00  0.1883E+00  0.3155E+00 -0.9126E-01 -0.2342E-01  0.9388E-01 -0.1224E+00  0.6130E-01 -0.3807E-01  0.7855E-02  0.1700E-01  0.1337E-01  0.2281E+00  0.2764E+00 -0.4684E-01 -0.2999E-01  0.3106E-01  0.3061E-01  0.3266E-01 -0.3552E-01 -0.1989E+00 -0.1460E+00 -0.4256E-01 -0.6588E+00  0.1234E+00
  0.1968E-01  0.1241E+03  0.5580E+00  0.1166E+00  0.5672E+00  0.1998E-01 -0.1089E-01 -0.2523E-01  0.2504E-01  0.4090E-01  0.3931E+00  0.1155E+00  0.8546E-01 -0.9281E-01  0.6992E-01 -0.2800E+00  0.8901E-01  0.4117E-01 -0.1919E+00  0.1925E+00  0.2976E+00 -0.9813E-01 -0.1255E-01  0.9679E-01 -0.1206E+00  0.6796E-01 -0.3383E-01  0.1566E-01  0.2844E-01  0.8932E-02  0.2314E+00  0.2990E+00 -0.3196E-01 -0.3344E-01  0.3572E-01  0.2824E-01  0.3017E-01 -0.4706E-01 -0.1718E+00 -0.1593E+00 -0.3570E-01 -0.5972E+00  0.1451E+00
  0.2585E-01  0.7280E+01  0.4253E+00  0.4172E-01  0.1386E+00 -0.1965E-01 -0.3887E-01 -0.3637E-01 -0.5604E-01  0.4206E-01  0.4702E+00  0.6635E-01  0.1617E+00 -0.1179E+00  0.6155E-01 -0.2447E+00  0.6363E-01  0.7370E-01 -0.1958E+00  0.2507E+00  0.2179E+00 -0.1495E+00  0.1028E-01 -0.3471E-01 -0.1522E+00  0.3157E-01 -0.1274E-01 -0.3957E-01  0.5797E-01  0.2311E-01  0.1678E+00  0.4221E+00 -0.1109E+00 -0.1805E-01 -0.2269E-01  0.4919E-02  0.2199E-01 -0.4880E-01 -0.1329E+00 -0.8567E-01 -0.6714E-01 -0.3220E+00  0.1568E+00
  0.2633E-01  0.3125E+02  0.4235E+00  0.8866E-01  0.3741E+00 -0.5049E-02 -0.2316E-01 -0.2288E-01 -0.1214E-01  0.4564E-01  0.3642E+00  0.9615E-01  0.1025E+00 -0.1120E+00  0.6870E-01 -0.2788E+00  0.7073E-01  0.4431E-01 -0.2047E+00  0.2127E+00  0.2491E+00 -0.1185E+00  0.2886E-02  0.2635E-01 -0.1364E+00  0.6004E-01 -0.1870E-01 -0.2219E-01  0.4706E-01  0.1322E-01  0.2122E+00  0.3553E+00 -0.5017E-01 -0.2850E-01  0.2375E-01  0.8774E-02  0.2706E-01 -0.5621E-01 -0.1367E+00 -0.1180E+00 -0.4221E-01 -0.4371E+00  0.1596E+00
  0.2683E-01  0.1343E+03  0.3827E+00  0.8597E-01  0.3988E+00 -0.1319E-02 -0.3501E-03 -0.1704E-01 -0.3950E-02  0.4837E-01  0.2937E+00  0.1043E+00  0.8163E-01 -0.1218E+00  0.6669E-01 -0.2779E+00  0.7274E-01  0.2851E-01 -0.2269E+00  0.2200E+00  0.2360E+00 -0.1231E+00  0.1419E-01  0.3773E-01 -0.1331E+00  0.6727E-01 -0.1765E-01 -0.1814E-01  0.5882E-01  0.7795E-02  0.2166E+00  0.3727E+00 -0.2951E-01 -0.3005E-01  0.2439E-01  0.6363E-02  0.2443E-01 -0.6536E-01 -0.1144E+00 -0.1383E+00 -0.3059E-01 -0.3876E+00  0.1765E+00
  0.3530E-01  0.8290E+01  0.3011E+00 -0.6091E-01  0.5266E-01 -0.4233E-01 -0.5514E-01 -0.1765E-01 -0.9983E-01  0.1741E-01  0.3494E+00  0.8509E-02  0.1772E+00 -0.1491E+00  0.5580E-01 -0.1977E+00  0.3704E-01  0.4477E-01 -0.2149E+00  0.2358E+00  0.1300E+00 -0.1423E+00  0.3992E-01 -0.1246E+00 -0.1365E+00  0.1684E-01 -0.4537E-02 -0.1022E+00  0.4387E-01  0.2456E-01  0.1322E+00  0.4138E+00 -0.1420E+00 -0.9736E-02 -0.4713E-01 -0.1141E-01  0.6850E-02 -0.5729E-01 -0.7522E-01 -0.2272E-01 -0.5768E-01 -0.1341E+00  0.1771E+00
  0.3614E-01  0.3486E+02  0.2919E+00  0.7907E-02  0.2340E+00 -0.2397E-01 -0.2970E-01 -0.5283E-02 -0.4539E-01  0.3643E-01  0.2621E+00  0.6348E-01  0.1046E+00 -0.1478E+00  0.5721E-01 -0.2376E+00  0.5454E-01  0.1818E-01 -0.2296E+00  0.2299E+00  0.1592E+00 -0.1285E+00  0.3607E-01 -0.3326E-01 -0.1368E+00  0.4779E-01 -0.1137E-01 -0.7443E-01  0.5833E-01  0.1771E-01  0.1798E+00  0.3961E+00 -0.6472E-01 -0.1135E-01 -0.1261E-01 -0.6505E-02  0.1432E-01 -0.6071E-01 -0.8197E-01 -0.6640E-01 -0.2552E-01 -0.2212E+00  0.1885E+00
  0.3673E-01  0.1454E+03  0.2601E+00  0.1128E-01  0.2615E+00 -0.1749E-01  0.9250E-02 -0.1035E-02 -0.3944E-01  0.4087E-01  0.2077E+00  0.7700E-01  0.8659E-01 -0.1525E+00  0.5460E-01 -0.2203E+00  0.5682E-01  0.1645E-02 -0.2501E+00  0.2424E+00  0.1550E+00 -0.1303E+00  0.4497E-01 -0.1499E-01 -0.1360E+00  0.5880E-01 -0.1276E-01 -0.7337E-01  0.6529E-01  0.8522E-02  0.1829E+00  0.4035E+00 -0.3229E-01 -0.1651E-01 -0.5067E-02 -0.8508E-02  0.1571E-01 -0.7105E-01 -0.6554E-01 -0.9327E-01 -0.9985E-02 -0.1881E+00  0.2017E+00
  0.4556E-01  0.9262E+01  0.2259E+00 -0.1267E+00  0.8351E-02 -0.5493E-01 -0.6216E-01 -0.8167E-02 -0.1299E+00 -0.2138E-02  0.2562E+00 -0.3653E-01  0.1948E+00 -0.1658E+00  0.4853E-01 -0.1310E+00 -0.5185E-02  0.4791E-03 -0.2175E+00  0.2292E+00  0.5482E-01 -0.1084E+00  0.4552E-01 -0.1666E+00 -0.1388E+00  0.2668E-01  0.1768E-02 -0.1537E+00 -0.1078E-02  0.2460E-01  0.8999E-01  0.3464E+00 -0.1533E+00 -0.1798E-01 -0.2992E-01 -0.2678E-01  0.9008E-02 -0.6170E-01 -0.5119E-01  0.4909E-01 -0.3237E-01 -0.3211E-01  0.1734E+00
  0.4956E-01  0.3794E+02  0.1994E+00 -0.6392E-01  0.1365E+00 -0.2949E-01 -0.3093E-01 -0.7724E-03 -0.8581E-01  0.1531E-01  0.1834E+00  0.2466E-01  0.1251E+00 -0.1681E+00  0.4747E-01 -0.1462E+00  0.1461E-01 -0.2929E-01 -0.2338E+00  0.2425E+00  0.6451E-01 -0.1113E+00  0.5012E-01 -0.6865E-01 -0.1455E+00  0.5327E-01 -0.8753E-02 -0.1324E+00  0.3068E-01  0.1802E-01  0.1216E+00  0.3599E+00 -0.7549E-01 -0.1586E-01 -0.2227E-01 -0.2201E-01  0.1386E-01 -0.6270E-01 -0.5265E-01  0.5432E-02  0.3840E-02 -0.6308E-01  0.2012E+00
  0.5022E-01  0.1607E+03  0.1753E+00 -0.4554E-01  0.1676E+00 -0.2230E-01  0.2348E-01  0.4891E-02 -0.7848E-01  0.1955E-01  0.1458E+00  0.4965E-01  0.1068E+00 -0.1661E+00  0.4849E-01 -0.1195E+00  0.1909E-01 -0.3873E-01 -0.2510E+00  0.2632E+00  0.7413E-01 -0.1073E+00  0.5395E-01 -0.4555E-01 -0.1401E+00  0.6516E-01 -0.1164E-01 -0.1331E+00  0.3702E-01  0.3879E-02  0.1279E+00  0.3548E+00 -0.3234E-01 -0.2657E-01 -0.4792E-02 -0.2230E-01  0.1487E-01 -0.7445E-01 -0.4234E-01 -0.2909E-01  0.2205E-01 -0.4963E-01  0.2119E+00
  0.6772E-01  0.4296E+02  0.1352E+00 -0.8947E-01  0.1016E+00 -0.2349E-01 -0.3322E-01 -0.3933E-02 -0.1124E+00 -0.9630E-02  0.1335E+00  0.9990E-02  0.1440E+00 -0.1609E+00  0.4285E-01 -0.3331E-01 -0.2948E-01 -0.7396E-01 -0.2212E+00  0.2591E+00 -0.8307E-02 -0.7312E-01  0.3777E-01 -0.6965E-01 -0.1429E+00  0.7654E-01 -0.8145E-02 -0.1713E+00 -0.6973E-02  0.7717E-02  0.6431E-01  0.2492E+00 -0.6348E-01 -0.3513E-01  0.2230E-02 -0.3557E-01  0.2173E-01 -0.6617E-01 -0.5320E-01  0.6749E-01  0.4107E-01  0.6860E-02  0.1910E+00
  0.6879E-01  0.1773E+03  0.1169E+00 -0.5923E-01  0.1411E+00 -0.1879E-01  0.2785E-01  0.7201E-02 -0.9914E-01 -0.4545E-02  0.1158E+00  0.4634E-01  0.1190E+00 -0.1538E+00  0.4526E-01 -0.7067E-02 -0.1718E-01 -0.6973E-01 -0.2349E+00  0.2878E+00  0.1608E-01 -0.6551E-01  0.3781E-01 -0.4933E-01 -0.1277E+00  0.8311E-01 -0.1178E-01 -0.1716E+00  0.8074E-02 -0.9541E-02  0.8196E-01  0.2390E+00 -0.2416E-01 -0.4427E-01  0.1872E-01 -0.3224E-01  0.1703E-01 -0.7728E-01 -0.5148E-01  0.3043E-01  0.5830E-01  0.4812E-02  0.2013E+00
  0.9283E-01  0.4888E+02  0.8957E-01 -0.4813E-01  0.1621E+00 -0.1860E-01 -0.7211E-01  0.1644E-01 -0.8130E-01 -0.2142E-01  0.1197E+00  0.5779E-01  0.1107E+00 -0.1229E+00  0.3195E-01  0.5195E-01 -0.1671E-01 -0.6560E-01 -0.2139E+00  0.2949E+00 -0.1860E-01 -0.3572E-01  0.1674E-01 -0.4508E-01 -0.9152E-01  0.8642E-01 -0.9890E-02 -0.1591E+00  0.2514E-01 -0.1309E-01  0.7404E-01  0.1245E+00 -0.2121E-01 -0.2450E-01  0.1273E-01 -0.3731E-01  0.1083E-01 -0.7333E-01 -0.8656E-01  0.6432E-01  0.6973E-01  0.1064E-02  0.1624E+00
  0.9407E-01  0.2001E+03  0.7665E-01 -0.2215E-01  0.2062E+00 -0.1665E-01 -0.6586E-02  0.2279E-01 -0.7282E-01 -0.9774E-02  0.1208E+00  0.8919E-01  0.8357E-01 -0.1186E+00  0.3121E-01  0.6422E-01 -0.3973E-02 -0.5834E-01 -0.2210E+00  0.3212E+00  0.8086E-02 -0.3543E-01  0.1623E-01 -0.3597E-01 -0.8119E-01  0.9270E-01 -0.1206E-01 -0.1539E+00  0.3875E-01 -0.3580E-01  0.9769E-01  0.1202E+00 -0.1197E-02 -0.3145E-01  0.2806E-01 -0.2982E-01  0.1007E-01 -0.7970E-01 -0.8949E-01  0.4707E-01  0.8343E-01 -0.8435E-02  0.1674E+00
  0.1273E+00  0.5511E+02  0.5762E-01  0.4291E-01  0.2955E+00 -0.3167E-02 -0.1383E+00  0.1257E-01 -0.4468E-01  0.1065E-01  0.1350E+00  0.1044E+00  0.3676E-01 -0.9415E-01  0.3267E-01  0.7024E-01  0.2761E-01 -0.3440E-01 -0.2160E+00  0.3197E+00  0.5178E-02 -0.3748E-01  0.1165E-01 -0.2493E-01 -0.6244E-01  0.8107E-01 -0.1273E-01 -0.7938E-01  0.4404E-01 -0.7299E-01  0.1281E+00  0.5802E-01  0.2627E-01 -0.3178E-01  0.6517E-01 -0.1096E-01  0.1335E-01 -0.7221E-01 -0.1237E+00  0.4864E-01  0.8829E-01 -0.2919E-01  0.8654E-01
  0.1290E+00  0.2267E+03  0.4855E-01  0.5221E-01  0.3416E+00 -0.9322E-02 -0.8601E-01  0.1510E-01 -0.5397E-01  0.1933E-01  0.1536E+00  0.1218E+00  0.2043E-01 -0.9565E-01  0.2799E-01  0.6105E-01  0.3050E-01 -0.3676E-01 -0.2138E+00  0.3364E+00  0.2576E-01 -0.3677E-01  0.1818E-01 -0.2749E-01 -0.6762E-01  0.9406E-01 -0.1460E-01 -0.7056E-01  0.5495E-01 -0.1124E+00  0.1547E+00  0.6583E-01  0.2922E-01 -0.4316E-01  0.7930E-01 -0.4272E-02  0.1461E-01 -0.7256E-01 -0.1203E+00  0.4728E-01  0.9374E-01 -0.3216E-01  0.8219E-01
  0.1746E+00  0.6202E+02  0.3512E-01  0.1316E+00  0.4852E+00 -0.1181E-01 -0.2533E+00  0.7065E-02 -0.1086E-01  0.6276E-01  0.1834E+00  0.1192E+00 -0.4630E-01 -0.7814E-01  0.6271E-01  0.3298E-02  0.5959E-01 -0.1371E-01 -0.2092E+00  0.3071E+00  0.5055E-01 -0.7544E-01  0.4929E-01 -0.3675E-01 -0.8901E-01  0.3176E-01 -0.2998E-01  0.7294E-01  0.7901E-01 -0.2017E+00  0.2064E+00  0.8402E-01  0.2387E-01 -0.5837E-01  0.1206E+00  0.1623E-01  0.2383E-01 -0.6246E-01 -0.1435E+00  0.3431E-01  0.8171E-01 -0.3056E-01 -0.4575E-01
  0.1767E+00  0.2550E+03  0.2906E-01  0.9790E-01  0.5197E+00 -0.2983E-01 -0.2222E+00  0.1092E-01 -0.4354E-01  0.6385E-01  0.2098E+00  0.1242E+00 -0.4737E-01 -0.8629E-01  0.4985E-01 -0.1848E-01  0.4845E-01 -0.3014E-01 -0.1953E+00  0.3080E+00  0.5716E-01 -0.6834E-01  0.6530E-01 -0.4354E-01 -0.1045E+00  0.6342E-01 -0.2740E-01  0.7093E-01  0.9291E-01 -0.2531E+00  0.2264E+00  0.9956E-01  0.8636E-02 -0.6629E-01  0.1233E+00  0.1337E-01  0.1788E-01 -0.5500E-01 -0.1265E+00  0.3446E-01  0.7837E-01 -0.2256E-01 -0.5177E-01
  0.1819E+00  0.1209E+04  0.1920E-01  0.5850E-01  0.5541E+00 -0.4522E-01 -0.2226E+00  0.1440E-01 -0.6776E-01  0.6757E-01  0.2296E+00  0.1241E+00 -0.5204E-01 -0.9305E-01  0.4467E-01 -0.4133E-01  0.4054E-01 -0.4256E-01 -0.1826E+00  0.2999E+00  0.6137E-01 -0.6931E-01  0.8532E-01 -0.5027E-01 -0.1199E+00  0.8233E-01 -0.2367E-01  0.7748E-01  0.1096E+00 -0.3004E+00  0.2400E+00  0.1157E+00 -0.6826E-02 -0.7049E-01  0.1261E+00  0.1023E-01  0.9237E-02 -0.4663E-01 -0.1156E+00  0.3308E-01  0.7219E-01 -0.1243E-01 -0.6719E-01
  0.2384E+00  0.6980E+02  0.1962E-01  0.2723E-01  0.6787E+00 -0.5465E-01 -0.3992E+00  0.1089E-01 -0.3432E-01  0.7699E-01  0.2465E+00  0.9553E-01 -0.1094E+00 -0.8315E-01  0.1091E+00 -0.1058E+00  0.6302E-01 -0.1330E-01 -0.1841E+00  0.2367E+00  0.8277E-01 -0.1529E+00  0.1491E+00 -0.7017E-01 -0.1502E+00 -0.6428E-01 -0.3640E-01  0.2403E+00  0.1253E+00 -0.3361E+00  0.2502E+00  0.1780E+00 -0.4590E-01 -0.5432E-01  0.1247E+00  0.1908E-03  0.1811E-02 -0.2045E-01 -0.1369E+00  0.1925E-01  0.7200E-01  0.2321E-01 -0.1546E+00
  0.2416E+00  0.2855E+03  0.1574E-01 -0.5851E-01  0.6739E+00 -0.6496E-01 -0.3684E+00  0.8663E-02 -0.7427E-01  0.7018E-01  0.2619E+00  0.8966E-01 -0.9750E-01 -0.9573E-01  0.1028E+00 -0.1172E+00  0.4804E-01 -0.4174E-01 -0.1652E+00  0.2247E+00  0.7220E-01 -0.1523E+00  0.1689E+00 -0.7420E-01 -0.1647E+00 -0.7939E-02 -0.2346E-01  0.2034E+00  0.1390E+00 -0.3714E+00  0.2406E+00  0.1814E+00 -0.5568E-01 -0.5668E-01  0.1298E+00 -0.7291E-02 -0.1618E-01 -0.1249E-01 -0.1160E+00  0.2471E-01  0.6541E-01  0.3328E-01 -0.1463E+00
  0.2471E+00  0.1289E+04  0.1010E-01 -0.1417E+00  0.6711E+00 -0.6987E-01 -0.3546E+00  0.5007E-02 -0.1035E+00  0.6626E-01  0.2686E+00  0.8287E-01 -0.9014E-01 -0.1035E+00  0.1050E+00 -0.1245E+00  0.3714E-01 -0.6299E-01 -0.1533E+00  0.2128E+00  0.6611E-01 -0.1602E+00  0.1891E+00 -0.7730E-01 -0.1777E+00  0.2527E-01 -0.1003E-01  0.1718E+00  0.1542E+00 -0.3937E+00  0.2265E+00  0.1819E+00 -0.5593E-01 -0.6147E-01  0.1416E+00 -0.1395E-01 -0.3754E-01 -0.7697E-02 -0.1023E+00  0.2946E-01  0.6021E-01  0.4164E-01 -0.1398E+00
  0.3229E+00  0.7905E+02  0.9520E-02 -0.2224E+00  0.7867E+00 -0.4192E-01 -0.4595E+00 -0.6647E-01 -0.1368E-01  0.6854E-01  0.2664E+00  0.4213E-01 -0.1242E+00 -0.4503E-01  0.2825E+00 -0.1544E+00  0.4753E-01 -0.7959E-01 -0.1671E+00  0.1586E+00  0.1137E+00 -0.3935E+00  0.2851E+00 -0.8565E-01 -0.2714E+00 -0.3210E-01 -0.3784E-01  0.2559E+00  0.1735E+00 -0.2965E+00  0.1508E+00  0.2136E+00 -0.5415E-02 -0.9671E-01  0.2497E+00 -0.5187E-01 -0.7612E-01 -0.6597E-02 -0.1110E+00  0.5577E-01  0.1160E+00  0.7170E-01 -0.1911E+00
  0.3296E+00  0.3115E+03  0.7212E-02 -0.3859E+00  0.7277E+00 -0.7390E-01 -0.4155E+00 -0.6162E-01 -0.1211E-01  0.6328E-01  0.2609E+00  0.4283E-01 -0.1083E+00 -0.4297E-01  0.2860E+00 -0.1410E+00  0.2693E-01 -0.9856E-01 -0.1516E+00  0.1550E+00  0.1097E+00 -0.3696E+00  0.2824E+00 -0.7964E-01 -0.2518E+00  0.7206E-02 -0.2796E-01  0.1818E+00  0.2140E+00 -0.2923E+00  0.1301E+00  0.1860E+00  0.1333E-01 -0.9697E-01  0.2716E+00 -0.5249E-01 -0.1009E+00 -0.1608E-01 -0.9379E-01  0.5226E-01  0.9668E-01  0.6603E-01 -0.1627E+00
  0.3346E+00  0.1387E+04  0.4441E-02 -0.5459E+00  0.6756E+00 -0.1028E+00 -0.3772E+00 -0.5329E-01 -0.2250E-01  0.6874E-01  0.2497E+00  0.4593E-01 -0.9385E-01 -0.4377E-01  0.2618E+00 -0.1275E+00  0.7424E-02 -0.1073E+00 -0.1416E+00  0.1554E+00  0.1072E+00 -0.3390E+00  0.2768E+00 -0.7201E-01 -0.2372E+00  0.2716E-01 -0.7919E-02  0.1210E+00  0.2462E+00 -0.2834E+00  0.1152E+00  0.1590E+00  0.2838E-01 -0.9958E-01  0.2903E+00 -0.4975E-01 -0.1203E+00 -0.2278E-01 -0.7817E-01  0.4724E-01  0.7789E-01  0.6098E-01 -0.1372E+00
  0.4253E+00  0.8969E+02  0.3833E-02 -0.1251E+01  0.6161E+00 -0.2496E+00 -0.2979E+00 -0.5540E-01  0.5033E+00  0.5912E-01  0.1781E+00  0.1072E+00 -0.1587E+00  0.8353E-01  0.5556E+00 -0.7949E-01  0.5327E-01 -0.1334E-01 -0.1310E+00  0.1713E+00  0.2287E+00 -0.3693E+00  0.2133E+00  0.2415E-01 -0.1774E+00  0.1064E+00 -0.1477E+00  0.1167E+00  0.3463E+00 -0.6014E-01  0.1357E+00  0.1641E+00  0.1398E+00 -0.5184E-01  0.4996E+00 -0.3189E-01 -0.2800E-01 -0.5763E-01 -0.9401E-01  0.1540E-01  0.9699E-01  0.1773E-01 -0.1412E+00
  0.4446E+00  0.3353E+03  0.2467E-02 -0.1634E+01  0.4352E+00 -0.2769E+00 -0.1256E+00 -0.1145E+00  0.6021E+00  0.6157E-01  0.9057E-01  0.1759E+00 -0.8111E-01  0.6617E-01  0.5194E+00 -0.1857E-01  0.3562E-01  0.2466E-02 -0.1143E+00  0.1907E+00  0.1880E+00 -0.1547E+00  0.1437E+00  0.9759E-01 -0.1269E+00  0.1239E+00  0.3737E-01  0.3720E-01  0.3103E+00  0.2106E-01  0.9404E-01  0.7841E-01  0.1430E+00 -0.1393E+00  0.6471E+00 -0.4632E-02  0.6023E-01 -0.6258E-01 -0.7682E-01  0.4860E-02  0.3572E-01  0.1680E-01 -0.7330E-01
  0.4506E+00  0.1492E+04  0.1403E-02 -0.1790E+01  0.3274E+00 -0.2648E+00 -0.1462E-01 -0.1332E+00  0.5685E+00  0.8212E-01  0.2490E-01  0.2282E+00 -0.8615E-02  0.3954E-01  0.3738E+00  0.2104E-01  0.1075E-01  0.2021E-02 -0.1059E+00  0.2210E+00  0.1567E+00 -0.1034E-01  0.1212E+00  0.1406E+00 -0.1238E+00  0.1226E+00  0.2239E+00 -0.2912E-01  0.2899E+00  0.6303E-01  0.5542E-01  0.2109E-02  0.1448E+00 -0.2281E+00  0.7140E+00  0.1987E-01  0.7238E-01 -0.6254E-01 -0.5810E-01  0.5375E-03 -0.4426E-02  0.3208E-01 -0.4250E-01
  0.5969E+00  0.3636E+03  0.4684E-03  0.2786E+00 -0.7744E+00 -0.1316E+01  0.1070E+01 -0.1916E+01  0.1467E+01 -0.3595E+00 -0.1036E+01  0.1453E+01  0.8409E+00  0.5850E-01  0.2570E+01  0.7539E+00 -0.7244E+00 -0.2513E+00 -0.6015E-01  0.5992E+00 -0.5454E+00  0.1545E+01 -0.1798E+00  0.3754E+00 -0.1661E+00  0.5993E+00  0.3123E+01 -0.4426E-01 -0.1547E+01  0.8900E+00 -0.3512E+00 -0.1006E+01 -0.9411E-01 -0.1822E+01  0.1014E+01  0.1100E+00  0.1090E+01 -0.5694E+00 -0.2409E+00  0.1453E+00 -0.2596E+00  0.1093E+00  0.2788E-01
  0.6021E+00  0.1612E+04  0.2441E-03  0.1168E+01 -0.6617E+00 -0.1757E+01  0.1132E+01 -0.1721E+01  0.1318E+01 -0.3643E+00 -0.1151E+01  0.1736E+01  0.9407E+00  0.6658E-01  0.2100E+01  0.8359E+00 -0.1069E+01 -0.1765E+00 -0.1129E+00  0.9477E+00 -0.3949E+00  0.1718E+01 -0.3661E-02  0.4508E+00 -0.1840E+00  0.6606E+00  0.3601E+01 -0.2690E+00 -0.1304E+01  0.9102E+00 -0.2208E+00 -0.1125E+01  0.1014E+00 -0.2000E+01  0.8336E+00  0.2564E+00  0.7292E+00 -0.6430E+00 -0.2628E+00  0.6329E-01 -0.2285E+00  0.2491E+00 -0.1541E+00
