           1
     8335355
 ATLAS peak CC Z rapidity 2011                                                   
Plot1@Experiment:ATLAS@ExtraLabel:pp #rightarrow Z; #sqrt{s} = 7 TeV; #int L = 4.7 fb^{-1}@Title: 66 < M_{Z} < 116@XTitle: y @YTitle: d#sigma/dy [pb]
 y_min       y_max       dummy          data      +- uncor     +- tot     th orig         th mod   therr+         therr-     pull    iset       iplot
 0.00000E+00 0.20000E+00 0.00000E+00 0.13522E+03 0.29625E+00 0.24826E+01 0.13227E+03 0.13462E+03 0.00000E+00 0.00000E+00 0.20241E+01      8335355   1/0.00000E+00
 0.20000E+00 0.40000E+00 0.00000E+00 0.13474E+03 0.29839E+00 0.24733E+01 0.13209E+03 0.13435E+03 0.00000E+00 0.00000E+00 0.12942E+01      8335355   1/0.00000E+00
 0.40000E+00 0.60000E+00 0.00000E+00 0.13424E+03 0.29611E+00 0.24641E+01 0.13149E+03 0.13374E+03 0.00000E+00 0.00000E+00 0.17003E+01      8335355   1/0.00000E+00
 0.60000E+00 0.80000E+00 0.00000E+00 0.13308E+03 0.30053E+00 0.24441E+01 0.13068E+03 0.13283E+03 0.00000E+00 0.00000E+00 0.84438E+00      8335355   1/0.00000E+00
 0.80000E+00 0.10000E+01 0.00000E+00 0.13248E+03 0.29966E+00 0.24322E+01 0.12942E+03 0.13147E+03 0.00000E+00 0.00000E+00 0.33713E+01      8335355   1/0.00000E+00
 0.10000E+01 0.12000E+01 0.00000E+00 0.12906E+03 0.30546E+00 0.23711E+01 0.12718E+03 0.12909E+03 0.00000E+00 0.00000E+00 -.10045E+00      8335355   1/0.00000E+00
 0.12000E+01 0.14000E+01 0.00000E+00 0.11992E+03 0.28452E+00 0.22055E+01 0.11932E+03 0.12081E+03 0.00000E+00 0.00000E+00 -.31448E+01      8335355   1/0.00000E+00
 0.14000E+01 0.16000E+01 0.00000E+00 0.10732E+03 0.28723E+00 0.19781E+01 0.10660E+03 0.10790E+03 0.00000E+00 0.00000E+00 -.20216E+01      8335355   1/0.00000E+00
 0.16000E+01 0.18000E+01 0.00000E+00 0.89866E+02 0.25331E+00 0.16691E+01 0.89487E+02 0.90088E+02 0.00000E+00 0.00000E+00 -.87468E+00      8335355   1/0.00000E+00
 0.18000E+01 0.20000E+01 0.00000E+00 0.68798E+02 0.23220E+00 0.12796E+01 0.68741E+02 0.69246E+02 0.00000E+00 0.00000E+00 -.19280E+01      8335355   1/0.00000E+00
 0.20000E+01 0.22000E+01 0.00000E+00 0.45615E+02 0.20121E+00 0.85700E+00 0.45812E+02 0.46231E+02 0.00000E+00 0.00000E+00 -.30638E+01      8335355   1/0.00000E+00
 0.22000E+01 0.24000E+01 0.00000E+00 0.22228E+02 0.16366E+00 0.44140E+00 0.22417E+02 0.22612E+02 0.00000E+00 0.00000E+00 -.23484E+01      8335355   1/0.00000E+00
