    1   'Adbar'    0.161300    0.010000
    2   'Adv'    1.000000    0.000000
    3   'Ag'    1.000000    0.000000
    4   'Agp'    0.166087    0.010000
    5   'Auv'    1.000000    0.000000
    6   'Bdbar'   -0.127300    0.004000
    7   'Bdv'    1.029995    0.060000
    8   'Bg'   -0.061953    0.270000
    9   'Bgp'   -0.383100    0.010000
   10   'Buv'    0.810476    0.016000
   11   'Cdbar'    9.586246    1.234500
   12   'Cdv'    4.846279    0.300000
   13   'Cg'    5.562367    0.320000
   14   'Cgp'   25.000000    0.000000
   15   'Cubar'    7.059694    0.800000
   16   'Cuv'    4.823512    0.060000
   17   'DbarToS'    1.000000    0.000000
   18   'Dubar'    1.548098    1.000000
   19   'Duv'    0.000000    0.000000
   20   'Euv'    9.921366    0.800000
   21   'ZERO'    0.000000    0.000000
   22   'fs'    0.400000    0.000000
