Parameters  7
  1  1  4.509697e-01  6.887320e-02
  2  11  1.558052e-01  2.441417e-02
  3  12  1.221587e+00  2.903943e-02
  4  13  3.415268e-01  4.193286e-02
  5  104  1.107695e+00  1.540303e-02
  6  105  3.695613e+00  7.136623e-01
  7  106  6.611250e-01  2.839316e-02

Stat. Covariance  7
   2.712136e-04
   9.368221e-05   4.900309e-05
   6.331708e-05   9.018789e-05   5.122774e-04
   1.098324e-04   1.001824e-04   3.459302e-04   3.408290e-04
  -3.377580e-05  -1.217551e-05   4.340459e-06  -8.711623e-06   5.394823e-06
   4.569680e-03   1.138338e-03  -1.361203e-03   6.094139e-04  -5.154095e-04   2.366860e-01
  -3.012050e-04  -8.117528e-05   5.808300e-05  -5.422048e-05   3.519986e-05  -1.099688e-02   5.754563e-04

Syst. Covariance  7
   4.472304e-03
   1.541838e-03   5.470488e-04
   3.642118e-04   1.938127e-04   3.310109e-04
   1.454764e-04   1.966923e-04   6.529564e-04   1.417536e-03
  -1.018000e-03  -3.516708e-04  -8.625290e-05  -3.894646e-05   2.318586e-04
  -1.322688e-02  -4.635229e-03  -1.279420e-03  -1.063064e-03   2.895128e-03   2.726279e-01
   2.457963e-07  -3.495561e-05  -1.535820e-04  -3.570630e-04   3.463608e-06  -5.336380e-03   2.307154e-04

Covariance  7
   4.743518e-03
   1.635520e-03   5.960519e-04
   4.275289e-04   2.840006e-04   8.432882e-04
   2.553088e-04   2.968746e-04   9.988866e-04   1.758365e-03
  -1.051776e-03  -3.638463e-04  -8.191244e-05  -4.765809e-05   2.372534e-04
  -8.657199e-03  -3.496892e-03  -2.640624e-03  -4.536500e-04   2.379719e-03   5.093139e-01
  -3.009592e-04  -1.161309e-04  -9.549897e-05  -4.112835e-04   3.866346e-05  -1.633326e-02   8.061717e-04

Correlation  7
  1.000
  0.973  1.000
  0.214  0.401  1.000
  0.088  0.290  0.820  1.000
 -0.991 -0.968 -0.183 -0.074  1.000
 -0.176 -0.201 -0.127 -0.015  0.216  1.000
 -0.154 -0.168 -0.116 -0.345  0.088 -0.806  1.000

