    1   'Adbar'    0.100170    0.010000
    2   'Adv'    1.000000    0.000000
    3   'Ag'    1.000000    0.000000
    4   'Agp'    0.143420    0.010000
    5   'Aubar'    0.000000    0.000000
    6   'Auv'    1.000000    0.000000
    7   'Bdbar'   -0.172582    0.007000
    8   'Bdv'    1.021082    0.090000
    9   'Bg'    0.023513    0.080000
   10   'Bgp'   -0.340250    0.130000
   11   'Bubar'    0.000000    0.000000
   12   'Buv'    0.429372    0.070000
   13   'Cdbar'    7.539023    2.400000
   14   'Cdv'    4.863878    0.410000
   15   'Cg'   11.595993    1.620000
   16   'Cgp'   25.000000    0.000000
   17   'Cubar'   15.641426    0.720000
   18   'Cuv'    4.097315    0.060000
   19   'Dubar'   41.022109    4.700000
   20   'Duv'   17.363177    7.000000
   21   'Eg'   16.634623   11.500000
   22   'Euv'    0.000000    0.000000
   23   'ZERO'    0.000000    0.000000
   24   'alphas'    0.113539    0.001600
   25   'fs'    0.400000    0.000000
   26   'm1Value'  167.500000    0.000000
   27   'm2Value'  170.000000    0.000000
   28   'm3Value'  172.500000    0.000000
   29   'm4Value'  175.000000    0.000000
   30   'm5Value'  177.500000    0.000000
   31   'mtFit'  170.506070    0.700000
