LHAPDF set=                        CT14nnlo
  28
    1  0.930721  0.000000  0.000000  0.000000  0.000000 -0.000000 -0.000000 -0.000000 -0.000000  0.000000  0.000000 -0.000000 -0.000000 -0.000000 -0.000000  0.000000  0.000000 -0.000000 -0.000000 -0.000000  0.000000  0.000000 -0.000000  0.000000 -0.000000  0.000000  0.000000 -0.000000
    2 -0.119300  0.839410  0.000000  0.000000  0.000000 -0.000000 -0.000000 -0.000000  0.000000 -0.000000 -0.000000 -0.000000 -0.000000  0.000000  0.000000  0.000000 -0.000000  0.000000 -0.000000 -0.000000 -0.000000 -0.000000  0.000000  0.000000  0.000000 -0.000000  0.000000  0.000000
    3  0.006566 -0.299563  0.503556 -0.000000  0.000000 -0.000000 -0.000000 -0.000000  0.000000  0.000000  0.000000  0.000000  0.000000  0.000000  0.000000  0.000000 -0.000000 -0.000000 -0.000000 -0.000000  0.000000 -0.000000 -0.000000 -0.000000 -0.000000 -0.000000 -0.000000  0.000000
    4  0.002657  0.125510  0.373644  0.787103  0.000000 -0.000000  0.000000 -0.000000  0.000000  0.000000 -0.000000 -0.000000  0.000000 -0.000000  0.000000  0.000000 -0.000000  0.000000  0.000000 -0.000000 -0.000000 -0.000000 -0.000000 -0.000000 -0.000000 -0.000000 -0.000000  0.000000
    5  0.016498  0.116098  0.247705 -0.062578  0.888147  0.000000 -0.000000 -0.000000 -0.000000  0.000000 -0.000000 -0.000000 -0.000000 -0.000000  0.000000 -0.000000  0.000000 -0.000000  0.000000  0.000000 -0.000000 -0.000000  0.000000 -0.000000 -0.000000 -0.000000 -0.000000  0.000000
    6  0.121191  0.176234 -0.069626  0.029161 -0.061132  0.868624 -0.000000 -0.000000 -0.000000 -0.000000 -0.000000  0.000000 -0.000000  0.000000 -0.000000 -0.000000 -0.000000  0.000000 -0.000000 -0.000000 -0.000000  0.000000  0.000000 -0.000000 -0.000000 -0.000000  0.000000 -0.000000
    7  0.204816  0.268835 -0.017145  0.017375 -0.043235 -0.404148  0.305754 -0.000000 -0.000000  0.000000 -0.000000 -0.000000 -0.000000 -0.000000 -0.000000  0.000000  0.000000  0.000000  0.000000  0.000000  0.000000 -0.000000 -0.000000 -0.000000  0.000000 -0.000000 -0.000000  0.000000
    8 -0.052115 -0.110713  0.136129 -0.069984  0.130474  0.212779  0.092357  0.590670  0.000000  0.000000 -0.000000 -0.000000  0.000000  0.000000 -0.000000  0.000000  0.000000 -0.000000  0.000000  0.000000  0.000000  0.000000  0.000000  0.000000 -0.000000 -0.000000 -0.000000 -0.000000
    9  0.005567  0.104976  0.037718 -0.229719 -0.068834 -0.024750  0.132270  0.155986  0.770744 -0.000000 -0.000000  0.000000  0.000000  0.000000 -0.000000 -0.000000 -0.000000 -0.000000  0.000000 -0.000000 -0.000000  0.000000  0.000000 -0.000000 -0.000000 -0.000000  0.000000 -0.000000
   10 -0.045611 -0.078899  0.063849  0.166508 -0.018110  0.042980 -0.033655 -0.178290  0.405861  0.726270  0.000000  0.000000  0.000000  0.000000 -0.000000 -0.000000  0.000000 -0.000000  0.000000 -0.000000 -0.000000  0.000000  0.000000  0.000000 -0.000000  0.000000 -0.000000  0.000000
   11 -0.001711 -0.015048 -0.038889 -0.021927  0.057120  0.026537 -0.008687 -0.173619  0.002032  0.008199  0.966022 -0.000000  0.000000 -0.000000  0.000000  0.000000 -0.000000  0.000000 -0.000000  0.000000 -0.000000  0.000000 -0.000000 -0.000000  0.000000  0.000000 -0.000000 -0.000000
   12 -0.020755 -0.042600 -0.069278 -0.118355  0.159084  0.045689  0.073315 -0.230935  0.035864 -0.011237 -0.092375  0.834358 -0.000000  0.000000  0.000000 -0.000000 -0.000000 -0.000000 -0.000000  0.000000  0.000000  0.000000 -0.000000 -0.000000  0.000000 -0.000000  0.000000 -0.000000
   13  0.001566  0.009010  0.048505  0.090108 -0.085873 -0.024239 -0.071205  0.125920  0.071048 -0.131339  0.064348  0.184284  0.917073  0.000000 -0.000000  0.000000  0.000000 -0.000000 -0.000000 -0.000000 -0.000000 -0.000000  0.000000 -0.000000 -0.000000 -0.000000  0.000000  0.000000
   14  0.007234 -0.005849  0.045225  0.022032 -0.020828  0.043751  0.009924 -0.248065  0.019741 -0.063096 -0.072839  0.007886  0.010553  0.905791  0.000000  0.000000 -0.000000 -0.000000  0.000000 -0.000000  0.000000  0.000000 -0.000000  0.000000 -0.000000 -0.000000  0.000000 -0.000000
   15  0.011587  0.025380 -0.006093 -0.017188 -0.015469 -0.057954 -0.063623  0.295396 -0.026330  0.079369  0.089400  0.071923 -0.058336  0.190315  0.876126 -0.000000 -0.000000 -0.000000 -0.000000 -0.000000 -0.000000  0.000000  0.000000  0.000000  0.000000 -0.000000 -0.000000  0.000000
   16  0.002961  0.015170 -0.040279 -0.014102  0.005796 -0.039276 -0.018232  0.204117 -0.057680  0.115242  0.051842  0.034963 -0.008639  0.133371 -0.178106  0.922089 -0.000000 -0.000000 -0.000000 -0.000000 -0.000000 -0.000000 -0.000000 -0.000000 -0.000000 -0.000000 -0.000000 -0.000000
   17 -0.008752 -0.029017 -0.052279  0.115294 -0.007327  0.005425  0.018095  0.004657  0.079967 -0.132444  0.013211  0.072282 -0.086124 -0.032443  0.026079  0.040599  0.956248 -0.000000  0.000000 -0.000000 -0.000000  0.000000  0.000000  0.000000 -0.000000  0.000000  0.000000 -0.000000
   18  0.003955 -0.045805 -0.082126  0.101309  0.073141 -0.012928 -0.165688 -0.003541  0.239042 -0.286671  0.004626 -0.062015 -0.063853  0.024208 -0.014971  0.028937 -0.077541  0.850367 -0.000000  0.000000  0.000000  0.000000 -0.000000 -0.000000  0.000000  0.000000  0.000000  0.000000
   19  0.018494  0.028538  0.024077 -0.081970 -0.016041  0.014022  0.113001 -0.007874 -0.181397  0.247001 -0.018576 -0.004356  0.090367 -0.010052  0.013888 -0.028012  0.076240  0.237968  0.868332 -0.000000  0.000000  0.000000  0.000000 -0.000000  0.000000 -0.000000 -0.000000  0.000000
   20  0.003683  0.002803  0.050579 -0.004006 -0.013896  0.000437 -0.049148 -0.042060  0.061941 -0.086596 -0.003910  0.000413 -0.025789 -0.030261  0.030647  0.043917 -0.018589 -0.066538  0.088003  0.974493 -0.000000  0.000000  0.000000  0.000000  0.000000  0.000000  0.000000  0.000000
   21 -0.007512 -0.040259 -0.141025  0.063107  0.069100 -0.002645  0.219237  0.116014 -0.023400  0.074628  0.021749 -0.030307  0.039259  0.083870 -0.081432 -0.091173  0.019719  0.033307 -0.049305  0.051035  0.916009  0.000000 -0.000000  0.000000 -0.000000 -0.000000 -0.000000 -0.000000
   22  0.004068 -0.004856 -0.001707 -0.070810  0.086121  0.025924 -0.285634 -0.329458  0.102162 -0.119022 -0.119084 -0.210642  0.119401 -0.144577  0.232101  0.200346  0.018513 -0.135826  0.098190 -0.085181  0.204445  0.635573 -0.000000 -0.000000 -0.000000  0.000000 -0.000000 -0.000000
   23 -0.001358  0.009580  0.286951 -0.077965 -0.118283  0.045926  0.225481 -0.068013  0.090820 -0.213058  0.040111  0.018332 -0.077392 -0.027947  0.023554  0.068225 -0.043130 -0.069083  0.107909 -0.075771  0.057991  0.013979  0.800381  0.000000  0.000000  0.000000  0.000000  0.000000
   24 -0.047545  0.013145  0.184883 -0.097641 -0.085877  0.016659  0.167511  0.041807 -0.000718 -0.085206  0.052264 -0.015874 -0.030210  0.076388 -0.081477 -0.050228  0.014501 -0.007052  0.039952 -0.009649 -0.028321  0.209273 -0.226811  0.837582  0.000000 -0.000000  0.000000 -0.000000
   25  0.013385  0.004510  0.030270 -0.022051 -0.004894  0.000822  0.028866  0.019649  0.000509  0.007440  0.010883 -0.006469  0.002867  0.020887 -0.026949 -0.019411  0.012758  0.004077 -0.010164  0.003792 -0.018640  0.064518 -0.032119 -0.053204  0.989178  0.000000  0.000000  0.000000
   26  0.009127  0.005767  0.003474  0.014256 -0.010932 -0.004840 -0.033330  0.004967  0.000132  0.004924 -0.000107  0.037185 -0.020181 -0.019350  0.007929  0.008710 -0.011866  0.004665  0.000289 -0.004662  0.018300 -0.003980  0.005232  0.030584  0.006574  0.994562 -0.000000  0.000000
   27 -0.095695 -0.078603 -0.235760  0.226134  0.025962  0.011712  0.148343  0.033927  0.040324 -0.138559  0.017843  0.063681 -0.083710  0.003321  0.027359  0.019701 -0.125276 -0.073627  0.126079  0.000245 -0.039689  0.115121  0.038999 -0.025957  0.031774  0.006166  0.748976  0.000000
   28 -0.022295  0.024504  0.048979 -0.054102 -0.035604 -0.004243 -0.064525 -0.000501 -0.055505  0.038366  0.002226  0.007248  0.003226  0.010846 -0.013119 -0.016242  0.019710  0.048711 -0.043414  0.019916  0.028791  0.000665  0.043703 -0.010583  0.006756  0.001989  0.003904  0.974021
