* Theory file for CMS inclusive jets 13 TeV, |y| < 0.5
&Data 
   Name = "Theory for CMS inclusive jets 13 TeV, |y| < 0.5"
   NData =    22
   NColumn =    61
   ColumnType = 4*"Bin","Theory", 56*"Error"
   ColumnName = "ylow","yhigh","pTlow","pThigh","theory","PDF_nuisance_param_1+","PDF_nuisance_param_1-","PDF_nuisance_param_2+","PDF_nuisance_param_2-","PDF_nuisance_param_3+","PDF_nuisance_param_3-","PDF_nuisance_param_4+","PDF_nuisance_param_4-","PDF_nuisance_param_5+","PDF_nuisance_param_5-","PDF_nuisance_param_6+","PDF_nuisance_param_6-","PDF_nuisance_param_7+","PDF_nuisance_param_7-","PDF_nuisance_param_8+","PDF_nuisance_param_8-","PDF_nuisance_param_9+","PDF_nuisance_param_9-","PDF_nuisance_param_10+","PDF_nuisance_param_10-","PDF_nuisance_param_11+","PDF_nuisance_param_11-","PDF_nuisance_param_12+","PDF_nuisance_param_12-","PDF_nuisance_param_13+","PDF_nuisance_param_13-","PDF_nuisance_param_14+","PDF_nuisance_param_14-","PDF_nuisance_param_15+","PDF_nuisance_param_15-","PDF_nuisance_param_16+","PDF_nuisance_param_16-","PDF_nuisance_param_17+","PDF_nuisance_param_17-","PDF_nuisance_param_18+","PDF_nuisance_param_18-","PDF_nuisance_param_19+","PDF_nuisance_param_19-","PDF_nuisance_param_20+","PDF_nuisance_param_20-","PDF_nuisance_param_21+","PDF_nuisance_param_21-","PDF_nuisance_param_22+","PDF_nuisance_param_22-","PDF_nuisance_param_23+","PDF_nuisance_param_23-","PDF_nuisance_param_24+","PDF_nuisance_param_24-","PDF_nuisance_param_25+","PDF_nuisance_param_25-","PDF_nuisance_param_26+","PDF_nuisance_param_26-","PDF_nuisance_param_27+","PDF_nuisance_param_27-","PDF_nuisance_param_28+","PDF_nuisance_param_28-"
   Percent =  56*True
&End 
  0.000000E+00  0.500000E+00  0.970000E+02  0.133000E+03  0.144238E+05 -0.372995E+00 -0.169212E+00 -0.393381E+00 -0.842332E-01 -0.182222E+01  0.141781E+00 -0.475948E-01 -0.865552E+00  0.577150E+00 -0.470773E+00 -0.127242E+00 -0.965467E-01 -0.705520E+00  0.443224E+00  0.356174E+00 -0.116883E+01 -0.381744E+00  0.381218E+00  0.445350E+00 -0.481855E+00  0.688569E-01 -0.472848E-01 -0.196912E+00  0.200377E+00  0.172961E+00 -0.146304E+00  0.528142E+00 -0.891351E+00 -0.859638E+00  0.511564E+00 -0.594859E+00  0.849936E+00 -0.128753E+00  0.831638E-01 -0.199215E+00  0.818343E-01 -0.623931E+00  0.661528E+00  0.107299E+01 -0.536219E+00 -0.556778E+00  0.138355E+00  0.762045E+00 -0.141464E+01  0.208965E+01 -0.149503E+01  0.746650E+00 -0.392371E+00  0.152716E+00  0.808128E-01  0.191455E+00  0.633220E-01 -0.678179E+00  0.128308E+01 -0.464644E+00  0.489265E+00
  0.000000E+00  0.500000E+00  0.133000E+03  0.174000E+03  0.321657E+04 -0.274392E+00 -0.841068E-01 -0.296959E+00 -0.182688E+00 -0.164011E+01 -0.376274E+00 -0.244917E+00 -0.599789E+00  0.296298E+00 -0.366886E+00 -0.508354E-01 -0.786783E-01 -0.169008E+00  0.611758E+00  0.199696E+00 -0.684125E+00 -0.605319E+00  0.619869E+00  0.707244E+00 -0.718537E+00 -0.341105E-01  0.188831E-01 -0.181002E+00  0.189305E+00  0.296322E+00 -0.247334E+00  0.353591E+00 -0.595402E+00 -0.516873E+00  0.308836E+00 -0.439439E+00  0.630950E+00 -0.101779E-01 -0.131979E-01  0.207820E+00 -0.267668E+00 -0.917959E+00  0.100131E+01  0.106455E+01 -0.557153E+00 -0.338467E+00  0.909927E-01  0.610767E+00 -0.875306E+00  0.174857E+01 -0.171928E+01  0.750218E+00 -0.693934E+00  0.186573E+00 -0.889190E-02  0.141988E+00  0.770484E-01 -0.781050E+00  0.775353E+00 -0.506419E+00  0.633237E+00
  0.000000E+00  0.500000E+00  0.174000E+03  0.220000E+03  0.837028E+03 -0.167988E+00 -0.799220E-02 -0.194866E+00 -0.256539E+00 -0.133767E+01 -0.832099E+00 -0.413490E+00 -0.301409E+00  0.188175E-01 -0.246739E+00  0.395940E-01 -0.798177E-01  0.351420E+00  0.693040E+00  0.356860E-01 -0.181574E+00 -0.763428E+00  0.792334E+00  0.859226E+00 -0.851830E+00 -0.125289E+00  0.777923E-01 -0.171709E+00  0.185806E+00  0.388439E+00 -0.322288E+00  0.179224E+00 -0.299683E+00 -0.178953E+00  0.108585E+00 -0.274829E+00  0.397898E+00  0.803047E-01 -0.826171E-01  0.529644E+00 -0.536382E+00 -0.113980E+01  0.126361E+01  0.102058E+01 -0.557100E+00 -0.111740E+00  0.376798E-01  0.441189E+00 -0.336949E+00  0.126025E+01 -0.177760E+01  0.645550E+00 -0.875741E+00  0.203481E+00 -0.785550E-01  0.939459E-01  0.834172E-01 -0.102053E+01  0.203292E+00 -0.527376E+00  0.731335E+00
  0.000000E+00  0.500000E+00  0.220000E+03  0.272000E+03  0.254945E+03 -0.561506E-01  0.658248E-01 -0.914648E-01 -0.304008E+00 -0.960380E+00 -0.121299E+01 -0.546354E+00  0.941088E-02 -0.247558E+00 -0.117677E+00  0.141103E+00 -0.948787E-01  0.850417E+00  0.704084E+00 -0.132260E+00  0.332257E+00 -0.871617E+00  0.913158E+00  0.923406E+00 -0.905778E+00 -0.204817E+00  0.129560E+00 -0.166720E+00  0.187176E+00  0.453996E+00 -0.375209E+00  0.812956E-02 -0.858692E-02  0.154005E+00 -0.888408E-01 -0.103205E+00  0.154415E+00  0.144976E+00 -0.127660E+00  0.785204E+00 -0.744036E+00 -0.130425E+01  0.146281E+01  0.951860E+00 -0.542376E+00  0.118735E+00 -0.200044E-01  0.262910E+00  0.196312E+00  0.686085E+00 -0.172005E+01  0.469450E+00 -0.976799E+00  0.206907E+00 -0.135862E+00  0.465505E-01  0.816962E-01 -0.134127E+01 -0.372101E+00 -0.532482E+00  0.792465E+00
  0.000000E+00  0.500000E+00  0.272000E+03  0.330000E+03  0.828555E+02  0.600937E-01  0.142978E+00  0.119766E-01 -0.320921E+00 -0.534679E+00 -0.150178E+01 -0.634788E+00  0.319547E+00 -0.495996E+00  0.148428E-01  0.253231E+00 -0.119989E+00  0.132507E+01  0.650295E+00 -0.302565E+00  0.856506E+00 -0.938400E+00  0.990106E+00  0.911881E+00 -0.893260E+00 -0.273575E+00  0.174658E+00 -0.165229E+00  0.192590E+00  0.496340E+00 -0.408971E+00 -0.159070E+00  0.277183E+00  0.485753E+00 -0.285368E+00  0.760233E-01 -0.996585E-01  0.183997E+00 -0.148468E+00  0.985852E+00 -0.902080E+00 -0.141906E+01  0.160633E+01  0.863771E+00 -0.516171E+00  0.349010E+00 -0.802650E-01  0.805885E-01  0.724613E+00  0.671611E-01 -0.157382E+01  0.245297E+00 -0.102118E+01  0.198746E+00 -0.186881E+00 -0.129741E-02  0.699265E-01 -0.169725E+01 -0.903998E+00 -0.523405E+00  0.822451E+00
  0.000000E+00  0.500000E+00  0.330000E+03  0.395000E+03  0.292595E+02  0.178383E+00  0.226658E+00  0.113853E+00 -0.306040E+00 -0.879568E-01 -0.168716E+01 -0.674379E+00  0.616434E+00 -0.718519E+00  0.144174E+00  0.373091E+00 -0.151342E+00  0.176559E+01  0.541592E+00 -0.472287E+00  0.138394E+01 -0.972210E+00  0.103091E+01  0.840023E+00 -0.828847E+00 -0.333516E+00  0.214172E+00 -0.166868E+00  0.201273E+00  0.519697E+00 -0.427437E+00 -0.321164E+00  0.554908E+00  0.815896E+00 -0.480703E+00  0.260469E+00 -0.360790E+00  0.198542E+00 -0.147168E+00  0.114036E+01 -0.101949E+01 -0.149220E+01  0.170205E+01  0.762572E+00 -0.482030E+00  0.573129E+00 -0.141526E+00 -0.104454E+00  0.124390E+01 -0.552029E+00 -0.136629E+01  0.433737E-05 -0.103150E+01  0.181383E+00 -0.237337E+00 -0.507730E-01  0.477504E-01 -0.204450E+01 -0.135757E+01 -0.502767E+00  0.828752E+00
  0.000000E+00  0.500000E+00  0.395000E+03  0.468000E+03  0.107830E+02  0.298446E+00  0.319153E+00  0.213781E+00 -0.260277E+00  0.360739E+00 -0.176111E+01 -0.662495E+00  0.891000E+00 -0.908963E+00  0.266889E+00  0.497494E+00 -0.184049E+00  0.215591E+01  0.391580E+00 -0.636305E+00  0.190392E+01 -0.977154E+00  0.103971E+01  0.719485E+00 -0.722700E+00 -0.385419E+00  0.248797E+00 -0.168808E+00  0.210538E+00  0.525715E+00 -0.431526E+00 -0.476706E+00  0.822783E+00  0.114161E+01 -0.672562E+00  0.447323E+00 -0.623938E+00  0.189981E+00 -0.124930E+00  0.125281E+01 -0.110058E+01 -0.152637E+01  0.175229E+01  0.651690E+00 -0.441370E+00  0.787724E+00 -0.202316E+00 -0.293368E+00  0.174952E+01 -0.113521E+01 -0.111468E+01 -0.242685E+00 -0.102320E+01  0.156197E+00 -0.291787E+00 -0.103301E+00  0.149435E-01 -0.235127E+01 -0.171114E+01 -0.471319E+00  0.817550E+00
  0.000000E+00  0.500000E+00  0.468000E+03  0.548000E+03  0.410627E+01  0.420194E+00  0.422199E+00  0.312007E+00 -0.184765E+00  0.796752E+00 -0.171528E+01 -0.596933E+00  0.113675E+01 -0.106052E+01  0.378770E+00  0.624479E+00 -0.214827E+00  0.247880E+01  0.213843E+00 -0.792611E+00  0.241251E+01 -0.958248E+00  0.102099E+01  0.561641E+00 -0.584531E+00 -0.432750E+00  0.280683E+00 -0.170364E+00  0.219233E+00  0.517426E+00 -0.423910E+00 -0.626591E+00  0.108217E+01  0.146434E+01 -0.861671E+00  0.635296E+00 -0.886868E+00  0.159516E+00 -0.834559E-01  0.132640E+01 -0.114911E+01 -0.152619E+01  0.176211E+01  0.534414E+00 -0.396012E+00  0.991643E+00 -0.262380E+00 -0.494634E+00  0.224332E+01 -0.164857E+01 -0.835487E+00 -0.458290E+00 -0.101363E+01  0.125126E+00 -0.356835E+00 -0.161666E+00 -0.280091E-01 -0.259175E+01 -0.195259E+01 -0.430385E+00  0.795332E+00
  0.000000E+00  0.500000E+00  0.548000E+03  0.638000E+03  0.162523E+01  0.544099E+00  0.534990E+00  0.407906E+00 -0.851617E-01  0.120664E+01 -0.155399E+01 -0.482343E+00  0.134960E+01 -0.117032E+01  0.477621E+00  0.749389E+00 -0.238964E+00  0.271429E+01  0.276934E-01 -0.936373E+00  0.289757E+01 -0.918940E+00  0.978058E+00  0.378935E+00 -0.424794E+00 -0.477084E+00  0.310645E+00 -0.169237E+00  0.224484E+00  0.496710E+00 -0.406203E+00 -0.769842E+00  0.133130E+01  0.177889E+01 -0.104497E+01  0.820428E+00 -0.114361E+01  0.110766E+00 -0.265467E-01  0.136343E+01 -0.116763E+01 -0.149419E+01  0.173356E+01  0.412711E+00 -0.346743E+00  0.118335E+01 -0.321724E+00 -0.715576E+00  0.272197E+01 -0.206589E+01 -0.542830E+00 -0.625095E+00 -0.101500E+01  0.894072E-01 -0.436075E+00 -0.227585E+00 -0.802946E-01 -0.275384E+01 -0.208572E+01 -0.381606E+00  0.766996E+00
  0.000000E+00  0.500000E+00  0.638000E+03  0.737000E+03  0.648651E+00  0.673817E+00  0.656836E+00  0.502884E+00  0.316875E-01  0.158813E+01 -0.128410E+01 -0.323475E+00  0.153089E+01 -0.123770E+01  0.563843E+00  0.870041E+00 -0.252435E+00  0.284179E+01 -0.143663E+00 -0.106566E+01  0.335664E+01 -0.862875E+00  0.914336E+00  0.180768E+00 -0.250870E+00 -0.521340E+00  0.340415E+00 -0.162504E+00  0.223190E+00  0.464271E+00 -0.378779E+00 -0.908142E+00  0.157354E+01  0.208531E+01 -0.122199E+01  0.100184E+01 -0.139244E+01  0.460530E-01  0.431542E-01  0.136556E+01 -0.115789E+01 -0.143401E+01  0.167084E+01  0.287183E+00 -0.293750E+00  0.136947E+01 -0.382687E+00 -0.971305E+00  0.319351E+01 -0.236821E+01 -0.246004E+00 -0.722110E+00 -0.103989E+01  0.497630E-01 -0.535253E+00 -0.304690E+00 -0.140788E+00 -0.283842E+01 -0.212848E+01 -0.326536E+00  0.738066E+00
  0.000000E+00  0.500000E+00  0.737000E+03  0.846000E+03  0.267912E+00  0.810860E+00  0.783609E+00  0.595753E+00  0.154720E+00  0.193559E+01 -0.927411E+00 -0.133438E+00  0.168241E+01 -0.126457E+01  0.637820E+00  0.981555E+00 -0.251485E+00  0.284161E+01 -0.273548E+00 -0.117687E+01  0.377906E+01 -0.793886E+00  0.833397E+00 -0.207506E-01 -0.728980E-01 -0.566564E+00  0.370469E+00 -0.148302E+00  0.212999E+00  0.421489E+00 -0.342992E+00 -0.103999E+01  0.180620E+01  0.237575E+01 -0.138841E+01  0.117477E+01 -0.162674E+01 -0.290622E-01  0.120007E+00  0.133446E+01 -0.112181E+01 -0.134912E+01  0.157756E+01  0.158916E+00 -0.237615E+00  0.155362E+01 -0.446941E+00 -0.127309E+01  0.365773E+01 -0.254187E+01  0.427756E-01 -0.731939E+00 -0.109642E+01  0.748049E-02 -0.656452E+00 -0.394663E+00 -0.207477E+00 -0.285892E+01 -0.211158E+01 -0.268022E+00  0.712487E+00
  0.000000E+00  0.500000E+00  0.846000E+03  0.967000E+03  0.110467E+00  0.960951E+00  0.911595E+00  0.688220E+00  0.270559E+00  0.225752E+01 -0.515526E+00  0.724183E-01  0.181285E+01 -0.126047E+01  0.705579E+00  0.108110E+01 -0.232803E+00  0.270035E+01 -0.330808E+00 -0.126871E+01  0.416272E+01 -0.715578E+00  0.739234E+00 -0.217127E+00  0.102673E+00 -0.613320E+00  0.401334E+00 -0.121741E+00  0.188665E+00  0.366700E+00 -0.297158E+00 -0.116693E+01  0.203221E+01  0.264730E+01 -0.154189E+01  0.133854E+01 -0.184472E+01 -0.109818E+00  0.199206E+00  0.127315E+01 -0.106193E+01 -0.124391E+01  0.145912E+01  0.271281E-01 -0.177473E+00  0.174911E+01 -0.518789E+00 -0.163391E+01  0.412569E+01 -0.259022E+01  0.318485E+00 -0.642996E+00 -0.119015E+01 -0.378160E-01 -0.802155E+00 -0.500051E+00 -0.278286E+00 -0.284614E+01 -0.208169E+01 -0.208719E+00  0.694583E+00
  0.000000E+00  0.500000E+00  0.967000E+03  0.110100E+04  0.456727E-01  0.112923E+01  0.103663E+01  0.781380E+00  0.365555E+00  0.256474E+01 -0.830342E-01  0.277559E+00  0.193176E+01 -0.123563E+01  0.773735E+00  0.116579E+01 -0.193032E+00  0.240539E+01 -0.283514E+00 -0.133960E+01  0.450474E+01 -0.630753E+00  0.634285E+00 -0.402623E+00  0.271170E+00 -0.660974E+00  0.432357E+00 -0.785961E-01  0.145601E+00  0.296864E+00 -0.239142E+00 -0.128893E+01  0.225175E+01  0.289426E+01 -0.167914E+01  0.149138E+01 -0.204403E+01 -0.191757E+00  0.276387E+00  0.118327E+01 -0.979522E+00 -0.112095E+01  0.131864E+01 -0.109877E+00 -0.112339E+00  0.196986E+01 -0.602818E+00 -0.206463E+01  0.460771E+01 -0.252104E+01  0.578241E+00 -0.447325E+00 -0.132327E+01 -0.867717E-01 -0.973947E+00 -0.623200E+00 -0.351569E+00 -0.283531E+01 -0.208457E+01 -0.151193E+00  0.688628E+00
  0.000000E+00  0.500000E+00  0.110100E+04  0.124800E+04  0.188991E-01  0.132108E+01  0.115369E+01  0.876509E+00  0.423299E+00  0.287539E+01  0.317143E+00  0.459909E+00  0.205248E+01 -0.121020E+01  0.853777E+00  0.123325E+01 -0.131639E+00  0.196340E+01 -0.101364E+00 -0.139015E+01  0.480459E+01 -0.543641E+00  0.523547E+00 -0.572362E+00  0.429145E+00 -0.706715E+00  0.461595E+00 -0.122850E-01  0.766975E-01  0.206788E+00 -0.164362E+00 -0.140613E+01  0.246479E+01  0.311004E+01 -0.179661E+01  0.163243E+01 -0.222318E+01 -0.269731E+00  0.346623E+00  0.107031E+01 -0.878849E+00 -0.984487E+00  0.116123E+01 -0.253763E+00 -0.409559E-01  0.223245E+01 -0.704032E+00 -0.256324E+01  0.511289E+01 -0.236712E+01  0.821586E+00 -0.154023E+00 -0.148941E+01 -0.141081E+00 -0.116895E+01 -0.764637E+00 -0.424617E+00 -0.287480E+01 -0.217234E+01 -0.986245E-01  0.698484E+00
  0.000000E+00  0.500000E+00  0.124800E+04  0.141000E+04  0.774903E-02  0.153855E+01  0.125743E+01  0.974141E+00  0.428148E+00  0.320126E+01  0.632769E+00  0.599099E+00  0.218248E+01 -0.120387E+01  0.957071E+00  0.127884E+01 -0.465734E-01  0.138313E+01  0.246560E+00 -0.141699E+01  0.504955E+01 -0.458677E+00  0.411539E+00 -0.721520E+00  0.572294E+00 -0.744889E+00  0.485465E+00  0.862036E-01 -0.278032E-01  0.888587E-01 -0.671938E-01 -0.151572E+01  0.266623E+01  0.328152E+01 -0.188639E+01  0.175716E+01 -0.237606E+01 -0.339876E+00  0.406358E+00  0.939635E+00 -0.764261E+00 -0.837183E+00  0.990641E+00 -0.404926E+00  0.371934E-01  0.254964E+01 -0.824548E+00 -0.311368E+01  0.563874E+01 -0.215768E+01  0.104593E+01  0.224012E+00 -0.167909E+01 -0.203030E+00 -0.138309E+01 -0.923158E+00 -0.494301E+00 -0.299776E+01 -0.237548E+01 -0.541412E-01  0.729437E+00
  0.000000E+00  0.500000E+00  0.141000E+04  0.158800E+04  0.311261E-02  0.178260E+01  0.134828E+01  0.107722E+01  0.372858E+00  0.356782E+01  0.823432E+00  0.683490E+00  0.233263E+01 -0.124029E+01  0.109818E+01  0.130518E+01  0.581940E-01  0.702428E+00  0.769947E+00 -0.142379E+01  0.524791E+01 -0.380480E+00  0.304067E+00 -0.853493E+00  0.703992E+00 -0.771464E+00  0.502066E+00  0.225305E+00 -0.175693E+00 -0.647101E-01  0.594490E-01 -0.161958E+01  0.285973E+01  0.341026E+01 -0.194952E+01  0.186900E+01 -0.250687E+01 -0.402057E+00  0.456460E+00  0.799986E+00 -0.641800E+00 -0.684622E+00  0.813910E+00 -0.562932E+00  0.122948E+00  0.293660E+01 -0.966445E+00 -0.369047E+01  0.619331E+01 -0.194557E+01  0.125874E+01  0.651951E+00 -0.187641E+01 -0.275409E+00 -0.161013E+01 -0.109699E+01 -0.558535E+00 -0.322956E+01 -0.270573E+01 -0.190450E-01  0.787253E+00
  0.000000E+00  0.500000E+00  0.158800E+04  0.178400E+04  0.121543E-02  0.204861E+01  0.142704E+01  0.118468E+01  0.253294E+00  0.397644E+01  0.859183E+00  0.709146E+00  0.249741E+01 -0.133919E+01  0.128884E+01  0.130805E+01  0.181814E+00 -0.384842E-01  0.146709E+01 -0.140672E+01  0.537941E+01 -0.313320E+00  0.205742E+00 -0.967443E+00  0.823082E+00 -0.778288E+00  0.505642E+00  0.420092E+00 -0.383520E+00 -0.265939E+00  0.224868E+00 -0.171505E+01  0.303907E+01  0.348251E+01 -0.197914E+01  0.196206E+01 -0.260877E+01 -0.459385E+00  0.499971E+00  0.661174E+00 -0.519582E+00 -0.525389E+00  0.629440E+00 -0.726435E+00  0.215122E+00  0.339080E+01 -0.112564E+01 -0.423969E+01  0.674889E+01 -0.176655E+01  0.145908E+01  0.109076E+01 -0.206140E+01 -0.362801E+00 -0.184219E+01 -0.128312E+01 -0.614502E+00 -0.355470E+01 -0.313215E+01  0.636497E-02  0.873731E+00
  0.000000E+00  0.500000E+00  0.178400E+04  0.200000E+04  0.457636E-03  0.232838E+01  0.149778E+01  0.129806E+01  0.745341E-01  0.443526E+01  0.732330E+00  0.687191E+00  0.266443E+01 -0.151696E+01  0.154134E+01  0.129033E+01  0.318765E+00 -0.783500E+00  0.231885E+01 -0.136614E+01  0.544012E+01 -0.262064E+00  0.122282E+00 -0.106679E+01  0.932042E+00 -0.759773E+00  0.493657E+00  0.688276E+00 -0.668478E+00 -0.526897E+00  0.439828E+00 -0.180642E+01  0.321144E+01  0.350335E+01 -0.197819E+01  0.203981E+01 -0.268630E+01 -0.520485E+00  0.546261E+00  0.535401E+00 -0.406642E+00 -0.365794E+00  0.445023E+00 -0.891134E+00  0.312824E+00  0.391308E+01 -0.129743E+01 -0.470377E+01  0.728590E+01 -0.165953E+01  0.165166E+01  0.149495E+01 -0.221766E+01 -0.468870E+00 -0.207247E+01 -0.147896E+01 -0.657521E+00 -0.394442E+01 -0.360709E+01  0.235227E-01  0.991795E+00
  0.000000E+00  0.500000E+00  0.200000E+04  0.223800E+04  0.165683E-03  0.260689E+01  0.156580E+01  0.141415E+01 -0.149527E+00  0.492668E+01  0.461239E+00  0.643898E+00  0.280259E+01 -0.177917E+01  0.186095E+01  0.125231E+01  0.462850E+00 -0.147111E+01  0.327736E+01 -0.129922E+01  0.541115E+01 -0.230569E+00  0.579978E-01 -0.115107E+01  0.102959E+01 -0.710676E+00  0.462674E+00  0.105067E+01 -0.105195E+01 -0.859337E+00  0.714470E+00 -0.189711E+01  0.338119E+01  0.347359E+01 -0.194862E+01  0.210066E+01 -0.273923E+01 -0.598448E+00  0.608295E+00  0.436474E+00 -0.314147E+00 -0.209149E+00  0.263942E+00 -0.105007E+01  0.412190E+00  0.448286E+01 -0.147145E+01 -0.500663E+01  0.775256E+01 -0.164032E+01  0.183392E+01  0.181977E+01 -0.233021E+01 -0.597537E+00 -0.229357E+01 -0.168198E+01 -0.681637E+00 -0.433300E+01 -0.404933E+01  0.360685E-01  0.113565E+01
  0.000000E+00  0.500000E+00  0.223800E+04  0.250000E+04  0.551191E-04  0.286751E+01  0.163129E+01  0.152632E+01 -0.397831E+00  0.541128E+01  0.883086E-01  0.623807E+00  0.285912E+01 -0.211912E+01  0.224634E+01  0.119496E+01  0.605003E+00 -0.203576E+01  0.426641E+01 -0.120272E+01  0.526943E+01 -0.221290E+00  0.155905E-01 -0.121544E+01  0.111037E+01 -0.626730E+00  0.410362E+00  0.153660E+01 -0.156310E+01 -0.127672E+01  0.106112E+01 -0.199468E+01  0.355996E+01  0.339985E+01 -0.189594E+01  0.214445E+01 -0.276973E+01 -0.713737E+00  0.706129E+00  0.381027E+00 -0.255643E+00 -0.622696E-01  0.930069E-01 -0.119260E+01  0.507851E+00  0.506629E+01 -0.163423E+01 -0.506016E+01  0.807044E+01 -0.170755E+01  0.199903E+01  0.203122E+01 -0.239533E+01 -0.754039E+00 -0.249778E+01 -0.189160E+01 -0.677164E+00 -0.463783E+01 -0.436448E+01  0.511304E-01  0.128940E+01
  0.000000E+00  0.500000E+00  0.250000E+04  0.278700E+04  0.169659E-04  0.309566E+01  0.168146E+01  0.162694E+01 -0.644681E+00  0.583658E+01 -0.323741E+00  0.687138E+00  0.276249E+01 -0.251608E+01  0.268773E+01  0.112118E+01  0.735384E+00 -0.242461E+01  0.519208E+01 -0.107391E+01  0.499443E+01 -0.231297E+00 -0.826503E-02 -0.124996E+01  0.116412E+01 -0.507391E+00  0.336515E+00  0.217771E+01 -0.223222E+01 -0.178969E+01  0.149042E+01 -0.211381E+01  0.377183E+01  0.330170E+01 -0.183365E+01  0.217709E+01 -0.278961E+01 -0.891047E+00  0.863677E+00  0.384853E+00 -0.244473E+00  0.589270E-01 -0.514158E-01 -0.130807E+01  0.593438E+00  0.562251E+01 -0.177387E+01 -0.478894E+01  0.815195E+01 -0.184521E+01  0.214042E+01  0.212176E+01 -0.242911E+01 -0.942571E+00 -0.267869E+01 -0.211106E+01 -0.628904E+00 -0.478866E+01 -0.447682E+01  0.800049E-01  0.142516E+01
  0.000000E+00  0.500000E+00  0.278700E+04  0.310300E+04  0.464999E-05  0.329552E+01  0.167406E+01  0.170705E+01 -0.866576E+00  0.613804E+01 -0.707039E+00  0.906197E+00  0.242261E+01 -0.293582E+01  0.316642E+01  0.103498E+01  0.841750E+00 -0.260694E+01  0.595332E+01 -0.910947E+00  0.456794E+01 -0.248622E+00 -0.270683E-01 -0.123610E+01  0.117257E+01 -0.354691E+00  0.242329E+00  0.301445E+01 -0.309632E+01 -0.240980E+01  0.201474E+01 -0.227724E+01  0.405539E+01  0.320875E+01 -0.178159E+01  0.221080E+01 -0.282087E+01 -0.116030E+01  0.110971E+01  0.462470E+00 -0.293366E+00  0.128509E+00 -0.142618E+00 -0.138635E+01  0.662216E+00  0.610848E+01 -0.188291E+01 -0.413018E+01  0.789562E+01 -0.203348E+01  0.225487E+01  0.212505E+01 -0.247776E+01 -0.117117E+01 -0.282684E+01 -0.234973E+01 -0.515128E+00 -0.475012E+01 -0.435023E+01  0.141373E+00  0.149901E+01
