    0   'Adbar'    0.159695    0.00556409
    1   'Agp'    0.172434    0.563843
    2   'Bdbar'    -0.128396    0.00453262
    3   'Bdv'    1.00038    0.0707064
    4   'Bg'    -0.06516    0.285267
    5   'Bgp'    -0.382911    0.201787
    6   'Buv'    0.80152    0.020857
    7   'Cdbar'    9.50855    1.43657
    8   'Cdv'    4.55548    0.327913
    9   'Cg'    5.65699    1.02336
   10   'Cubar'    3.41815    2.50304
   11   'Cuv'    4.75431    0.232401
   12   'Dubar'    -1.48852    3.29348
   13   'Eubar'    1.07141    4.23847
   14   'Euv'    -5.07036    1.16812
