PdfType: central
Format: lhagrid1
---
1.000000e-04 1.073978e-04 1.153425e-04 1.238746e-04 1.330374e-04 1.428774e-04 1.534447e-04 1.647930e-04 1.769797e-04 1.900669e-04 2.041208e-04 2.192127e-04 2.354192e-04 2.528224e-04 2.715103e-04 2.915775e-04 3.131256e-04 3.362634e-04 3.611079e-04 3.877845e-04 4.164276e-04 4.471818e-04 4.802017e-04 5.156536e-04 5.537156e-04 5.945787e-04 6.384479e-04 6.855427e-04 7.360987e-04 7.903683e-04 8.486222e-04 9.111501e-04 9.782628e-04 1.050293e-03 1.127597e-03 1.210557e-03 1.299580e-03 1.395105e-03 1.497600e-03 1.607564e-03 1.725534e-03 1.852081e-03 1.987818e-03 2.133398e-03 2.289519e-03 2.456925e-03 2.636414e-03 2.828831e-03 3.035083e-03 3.256131e-03 3.493002e-03 3.746788e-03 4.018649e-03 4.309820e-03 4.621611e-03 4.955414e-03 5.312701e-03 5.695037e-03 6.104072e-03 6.541555e-03 7.009331e-03 7.509346e-03 8.043651e-03 8.614403e-03 9.223868e-03 9.874424e-03 1.056856e-02 1.130888e-02 1.209810e-02 1.293905e-02 1.383467e-02 1.478802e-02 1.580225e-02 1.688063e-02 1.802651e-02 1.924335e-02 2.053468e-02 2.190411e-02 2.335531e-02 2.489202e-02 2.651800e-02 2.823704e-02 3.005296e-02 3.196957e-02 3.399064e-02 3.611994e-02 3.836115e-02 4.071790e-02 4.319371e-02 4.579201e-02 4.851609e-02 5.136909e-02 5.435401e-02 5.747364e-02 6.073061e-02 6.412732e-02 6.766597e-02 7.134854e-02 7.517675e-02 7.915211e-02 8.327587e-02 8.754905e-02 9.197241e-02 9.654648e-02 1.012715e-01 1.061477e-01 1.111746e-01 1.163521e-01 1.216795e-01 1.271560e-01 1.327806e-01 1.385521e-01 1.444693e-01 1.505306e-01 1.567345e-01 1.630792e-01 1.695629e-01 1.761836e-01 1.829393e-01 1.898278e-01 1.968471e-01 2.039949e-01 2.112688e-01 2.186666e-01 2.261860e-01 2.338246e-01 2.415800e-01 2.494498e-01 2.574317e-01 2.655233e-01 2.737223e-01 2.820263e-01 2.904330e-01 2.989401e-01 3.075455e-01 3.162467e-01 3.250418e-01 3.339284e-01 3.429046e-01 3.519681e-01 3.611171e-01 3.703494e-01 3.796631e-01 3.890564e-01 3.985273e-01 4.080740e-01 4.176948e-01 4.273878e-01 4.371515e-01 4.469841e-01 4.568840e-01 4.668497e-01 4.768796e-01 4.869723e-01 4.971262e-01 5.073399e-01 5.176122e-01 5.279416e-01 5.383268e-01 5.487666e-01 5.592597e-01 5.698049e-01 5.804011e-01 5.910471e-01 6.017418e-01 6.124841e-01 6.232730e-01 6.341075e-01 6.449865e-01 6.559092e-01 6.668745e-01 6.778816e-01 6.889296e-01 7.000176e-01 7.111447e-01 7.223102e-01 7.335133e-01 7.447531e-01 7.560289e-01 7.673401e-01 7.786858e-01 7.900655e-01 8.014783e-01 8.129237e-01 8.244010e-01 8.359095e-01 8.474488e-01 8.590181e-01 8.706169e-01 8.822447e-01 8.939009e-01 9.055849e-01 9.172962e-01 9.290344e-01 9.407989e-01 9.525893e-01 9.644050e-01 9.762457e-01 9.881108e-01 1.000000e+00 
1.600000e+00 1.638265e+00 1.677950e+00 1.719120e+00 1.761843e+00 1.806193e+00 1.852246e+00 1.900082e+00 1.949786e+00 2.001448e+00 2.055163e+00 2.111031e+00 2.169159e+00 2.229658e+00 2.292648e+00 2.358253e+00 2.426607e+00 2.497851e+00 2.572134e+00 2.649615e+00 2.730461e+00 2.814851e+00 2.902973e+00 2.995030e+00 3.091235e+00 3.191814e+00 3.297010e+00 3.407079e+00 3.522295e+00 3.642949e+00 3.769352e+00 3.901836e+00 4.040752e+00 4.186479e+00 4.339418e+00 4.500000e+00 
-6 -5 -4 -3 -2 -1 21 1 2 3 4 5 6 
0.000000e+00 0.000000e+00 0.000000e+00 3.969203e-01 5.928233e-01 5.953805e-01 2.843878e+00 5.959979e-01 6.120839e-01 3.969203e-01 0.000000e+00 0.000000e+00 0.000000e+00 
0.000000e+00 0.000000e+00 -4.856096e-02 4.083973e-01 6.039943e-01 6.065790e-01 3.414713e+00 6.072439e-01 6.234286e-01 4.084052e-01 -4.856033e-02 0.000000e+00 0.000000e+00 
0.000000e+00 0.000000e+00 -3.543955e-02 4.208996e-01 6.162543e-01 6.188615e-01 3.714994e+00 6.195666e-01 6.358274e-01 4.209154e-01 -3.543102e-02 0.000000e+00 0.000000e+00 
0.000000e+00 0.000000e+00 -2.199231e-02 4.337305e-01 6.288440e-01 6.314736e-01 4.026224e+00 6.322190e-01 6.485558e-01 4.337540e-01 -2.197606e-02 0.000000e+00 0.000000e+00 
0.000000e+00 0.000000e+00 -8.213192e-03 4.468959e-01 6.417694e-01 6.444214e-01 4.348471e+00 6.452071e-01 6.616196e-01 4.469270e-01 -8.189409e-03 0.000000e+00 0.000000e+00 
0.000000e+00 0.000000e+00 5.903878e-03 4.604020e-01 6.550365e-01 6.577107e-01 4.681801e+00 6.585367e-01 6.750249e-01 4.604404e-01 5.935022e-03 0.000000e+00 0.000000e+00 
0.000000e+00 0.000000e+00 2.036023e-02 4.742499e-01 6.686464e-01 6.713428e-01 5.026469e+00 6.722092e-01 6.887730e-01 4.742955e-01 2.039856e-02 0.000000e+00 0.000000e+00 
0.000000e+00 0.000000e+00 3.516012e-02 4.884438e-01 6.826035e-01 6.853220e-01 5.382618e+00 6.862287e-01 7.028679e-01 4.884965e-01 3.520548e-02 0.000000e+00 0.000000e+00 
0.000000e+00 0.000000e+00 5.030699e-02 5.029872e-01 6.969109e-01 6.996514e-01 5.750436e+00 7.005986e-01 7.173131e-01 5.030467e-01 5.035920e-02 0.000000e+00 0.000000e+00 
0.000000e+00 0.000000e+00 6.580859e-02 5.178877e-01 7.115764e-01 7.143389e-01 6.129933e+00 7.153266e-01 7.321162e-01 5.179539e-01 6.586751e-02 0.000000e+00 0.000000e+00 
0.000000e+00 0.000000e+00 8.167002e-02 5.331503e-01 7.266051e-01 7.293894e-01 6.521218e+00 7.304176e-01 7.472823e-01 5.332231e-01 8.173548e-02 0.000000e+00 0.000000e+00 
0.000000e+00 0.000000e+00 9.788153e-02 5.487653e-01 7.419870e-01 7.447932e-01 6.924847e+00 7.458619e-01 7.628015e-01 5.488444e-01 9.795339e-02 0.000000e+00 0.000000e+00 
0.000000e+00 0.000000e+00 1.144609e-01 5.647503e-01 7.577398e-01 7.605677e-01 7.340540e+00 7.616772e-01 7.786916e-01 5.648357e-01 1.145390e-01 0.000000e+00 0.000000e+00 
0.000000e+00 0.000000e+00 1.314120e-01 5.811092e-01 7.738675e-01 7.767171e-01 7.768445e+00 7.778673e-01 7.949564e-01 5.812008e-01 1.314962e-01 0.000000e+00 0.000000e+00 
0.000000e+00 0.000000e+00 1.487345e-01 5.978417e-01 7.903695e-01 7.932407e-01 8.208873e+00 7.944317e-01 8.115955e-01 5.979392e-01 1.488247e-01 0.000000e+00 0.000000e+00 
0.000000e+00 0.000000e+00 1.664418e-01 6.149609e-01 8.072591e-01 8.101519e-01 8.661664e+00 8.113838e-01 8.286221e-01 6.150643e-01 1.665378e-01 0.000000e+00 0.000000e+00 
0.000000e+00 0.000000e+00 1.845138e-01 6.324469e-01 8.245163e-01 8.274306e-01 9.127703e+00 8.287035e-01 8.460162e-01 6.325559e-01 1.846155e-01 0.000000e+00 0.000000e+00 
0.000000e+00 0.000000e+00 2.029733e-01 6.503223e-01 8.421638e-01 8.450994e-01 9.606544e+00 8.464134e-01 8.638006e-01 6.504369e-01 2.030805e-01 0.000000e+00 0.000000e+00 
0.000000e+00 0.000000e+00 2.218301e-01 6.685971e-01 8.602113e-01 8.631683e-01 1.009815e+01 8.645235e-01 8.819849e-01 6.687171e-01 2.219428e-01 0.000000e+00 0.000000e+00 
0.000000e+00 0.000000e+00 2.410911e-01 6.872777e-01 8.786655e-01 8.816438e-01 1.060260e+01 8.830403e-01 9.005759e-01 6.874031e-01 2.412091e-01 0.000000e+00 0.000000e+00 
0.000000e+00 0.000000e+00 2.607625e-01 7.063707e-01 8.975327e-01 9.005323e-01 1.111996e+01 9.019701e-01 9.195799e-01 7.065012e-01 2.608857e-01 0.000000e+00 0.000000e+00 
0.000000e+00 0.000000e+00 2.808380e-01 7.258695e-01 9.168066e-01 9.198273e-01 1.165069e+01 9.213067e-01 9.389906e-01 7.260051e-01 2.809663e-01 0.000000e+00 0.000000e+00 
0.000000e+00 0.000000e+00 3.012868e-01 7.457433e-01 9.364561e-01 9.394979e-01 1.219607e+01 9.410189e-01 9.587769e-01 7.458839e-01 3.014200e-01 0.000000e+00 0.000000e+00 
0.000000e+00 0.000000e+00 3.221629e-01 7.660462e-01 9.565354e-01 9.595983e-01 1.275468e+01 9.611610e-01 9.789929e-01 7.661916e-01 3.223009e-01 0.000000e+00 0.000000e+00 
0.000000e+00 0.000000e+00 3.434598e-01 7.867715e-01 9.770378e-01 9.801217e-01 1.332698e+01 9.817263e-01 9.996322e-01 7.869216e-01 3.436026e-01 0.000000e+00 0.000000e+00 
0.000000e+00 0.000000e+00 3.651775e-01 8.079192e-01 9.979632e-01 1.001068e+00 1.391325e+01 1.002715e+00 1.020694e+00 8.080739e-01 3.653249e-01 0.000000e+00 0.000000e+00 
0.000000e+00 0.000000e+00 3.873217e-01 8.294949e-01 1.019317e+00 1.022443e+00 1.451357e+01 1.024132e+00 1.042185e+00 8.296542e-01 3.874735e-01 0.000000e+00 0.000000e+00 
0.000000e+00 0.000000e+00 4.099004e-01 8.515068e-01 1.041108e+00 1.044255e+00 1.512797e+01 1.045986e+00 1.064113e+00 8.516704e-01 4.100566e-01 0.000000e+00 0.000000e+00 
0.000000e+00 0.000000e+00 4.329176e-01 8.739587e-01 1.063340e+00 1.066507e+00 1.575661e+01 1.068281e+00 1.086482e+00 8.741267e-01 4.330782e-01 0.000000e+00 0.000000e+00 
0.000000e+00 0.000000e+00 4.563784e-01 8.968556e-01 1.086017e+00 1.089205e+00 1.639960e+01 1.091021e+00 1.109296e+00 8.970278e-01 4.565432e-01 0.000000e+00 0.000000e+00 
0.000000e+00 0.000000e+00 4.802921e-01 9.202069e-01 1.109149e+00 1.112358e+00 1.705692e+01 1.114216e+00 1.132565e+00 9.203831e-01 4.804610e-01 0.000000e+00 0.000000e+00 
0.000000e+00 0.000000e+00 5.046481e-01 9.440019e-01 1.132725e+00 1.135955e+00 1.772911e+01 1.137856e+00 1.156279e+00 9.441822e-01 5.048210e-01 0.000000e+00 0.000000e+00 
0.000000e+00 0.000000e+00 5.294626e-01 9.682567e-01 1.156762e+00 1.160012e+00 1.841596e+01 1.161957e+00 1.180453e+00 9.684409e-01 5.296394e-01 0.000000e+00 0.000000e+00 
0.000000e+00 0.000000e+00 5.547449e-01 9.929807e-01 1.181269e+00 1.184539e+00 1.911747e+01 1.186527e+00 1.205097e+00 9.931688e-01 5.549255e-01 0.000000e+00 0.000000e+00 
0.000000e+00 0.000000e+00 5.805016e-01 1.018180e+00 1.206251e+00 1.209542e+00 1.983370e+01 1.211573e+00 1.230217e+00 1.018372e+00 5.806860e-01 0.000000e+00 0.000000e+00 
0.000000e+00 0.000000e+00 6.067288e-01 1.043852e+00 1.231706e+00 1.235018e+00 2.056492e+01 1.237092e+00 1.255810e+00 1.044047e+00 6.069168e-01 0.000000e+00 0.000000e+00 
0.000000e+00 0.000000e+00 0.000000e+00 3.942459e-01 5.887018e-01 5.913689e-01 2.720135e+00 5.920312e-01 6.085951e-01 3.942459e-01 0.000000e+00 0.000000e+00 0.000000e+00 
0.000000e+00 0.000000e+00 -4.760124e-02 4.055342e-01 5.996796e-01 6.023749e-01 3.289383e+00 6.030870e-01 6.197511e-01 4.055423e-01 -4.760060e-02 0.000000e+00 0.000000e+00 
0.000000e+00 0.000000e+00 -3.467592e-02 4.178306e-01 6.117303e-01 6.144488e-01 3.588571e+00 6.152030e-01 6.319444e-01 4.178467e-01 -3.466725e-02 0.000000e+00 0.000000e+00 
0.000000e+00 0.000000e+00 -2.143233e-02 4.304482e-01 6.241034e-01 6.268449e-01 3.898402e+00 6.276412e-01 6.444597e-01 4.304721e-01 -2.141583e-02 0.000000e+00 0.000000e+00 
0.000000e+00 0.000000e+00 -7.864718e-03 4.433926e-01 6.368045e-01 6.395690e-01 4.218936e+00 6.404074e-01 6.573029e-01 4.434241e-01 -7.840564e-03 0.000000e+00 0.000000e+00 
0.000000e+00 0.000000e+00 6.032723e-03 4.566696e-01 6.498393e-01 6.526266e-01 4.550236e+00 6.535072e-01 6.704795e-01 4.567086e-01 6.064348e-03 0.000000e+00 0.000000e+00 
0.000000e+00 0.000000e+00 2.026114e-02 4.702803e-01 6.632088e-01 6.660190e-01 4.892545e+00 6.669418e-01 6.839908e-01 4.703266e-01 2.030006e-02 0.000000e+00 0.000000e+00 
0.000000e+00 0.000000e+00 3.482455e-02 4.842286e-01 6.769170e-01 6.797499e-01 5.245997e+00 6.807150e-01 6.978405e-01 4.842820e-01 3.487060e-02 0.000000e+00 0.000000e+00 
0.000000e+00 0.000000e+00 4.972616e-02 4.985176e-01 6.909670e-01 6.938225e-01 5.610770e+00 6.948299e-01 7.120318e-01 4.985781e-01 4.977917e-02 0.000000e+00 0.000000e+00 
0.000000e+00 0.000000e+00 6.497342e-02 5.131549e-01 7.053662e-01 7.082442e-01 5.986871e+00 7.092940e-01 7.265722e-01 5.132221e-01 6.503322e-02 0.000000e+00 0.000000e+00 
0.000000e+00 0.000000e+00 8.057115e-02 5.281450e-01 7.201192e-01 7.230197e-01 6.374402e+00 7.241119e-01 7.414663e-01 5.282188e-01 8.063759e-02 0.000000e+00 0.000000e+00 
0.000000e+00 0.000000e+00 9.650976e-02 5.434784e-01 7.352165e-01 7.381394e-01 6.773895e+00 7.392741e-01 7.567046e-01 5.435587e-01 9.658268e-02 0.000000e+00 0.000000e+00 
0.000000e+00 0.000000e+00 1.128064e-01 5.591721e-01 7.506750e-01 7.536203e-01 7.185077e+00 7.547976e-01 7.723039e-01 5.592588e-01 1.128856e-01 0.000000e+00 0.000000e+00 
0.000000e+00 0.000000e+00 1.294648e-01 5.752299e-01 7.664986e-01 7.694660e-01 7.608088e+00 7.706860e-01 7.882682e-01 5.753227e-01 1.295502e-01 0.000000e+00 0.000000e+00 
0.000000e+00 0.000000e+00 1.464844e-01 5.916511e-01 7.826864e-01 7.856760e-01 8.043221e+00 7.869387e-01 8.045967e-01 5.917500e-01 1.465759e-01 0.000000e+00 0.000000e+00 
0.000000e+00 0.000000e+00 1.638781e-01 6.084485e-01 7.992513e-01 8.022631e-01 8.490320e+00 8.035685e-01 8.213022e-01 6.085533e-01 1.639755e-01 0.000000e+00 0.000000e+00 
0.000000e+00 0.000000e+00 1.816264e-01 6.256027e-01 8.161738e-01 8.192076e-01 8.950230e+00 8.205560e-01 8.383652e-01 6.257133e-01 1.817296e-01 0.000000e+00 0.000000e+00 
0.000000e+00 0.000000e+00 1.997514e-01 6.431355e-01 8.334758e-01 8.365315e-01 9.422521e+00 8.379230e-01 8.558077e-01 6.432517e-01 1.998601e-01 0.000000e+00 0.000000e+00 
0.000000e+00 0.000000e+00 2.182623e-01 6.610564e-01 8.511666e-01 8.542443e-01 9.907154e+00 8.556788e-01 8.736389e-01 6.611781e-01 2.183765e-01 0.000000e+00 0.000000e+00 
0.000000e+00 0.000000e+00 2.371657e-01 6.793717e-01 8.692527e-01 8.723521e-01 1.040419e+01 8.738299e-01 8.918653e-01 6.794987e-01 2.372853e-01 0.000000e+00 0.000000e+00 
0.000000e+00 0.000000e+00 2.564676e-01 6.980874e-01 8.877399e-01 8.908611e-01 1.091371e+01 8.923823e-01 9.104930e-01 6.982197e-01 2.565924e-01 0.000000e+00 0.000000e+00 
0.000000e+00 0.000000e+00 2.761617e-01 7.171972e-01 9.066220e-01 9.097650e-01 1.143613e+01 9.113296e-01 9.295155e-01 7.173347e-01 2.762917e-01 0.000000e+00 0.000000e+00 
0.000000e+00 0.000000e+00 2.962183e-01 7.366713e-01 9.258691e-01 9.290337e-01 1.197269e+01 9.306419e-01 9.489029e-01 7.368137e-01 2.963532e-01 0.000000e+00 0.000000e+00 
0.000000e+00 0.000000e+00 3.166892e-01 7.565616e-01 9.455331e-01 9.487193e-01 1.252201e+01 9.503712e-01 9.687073e-01 7.567089e-01 3.168291e-01 0.000000e+00 0.000000e+00 
0.000000e+00 0.000000e+00 3.375683e-01 7.768618e-01 9.656077e-01 9.688154e-01 1.308454e+01 9.705111e-01 9.889223e-01 7.770139e-01 3.377130e-01 0.000000e+00 0.000000e+00 
0.000000e+00 0.000000e+00 3.588554e-01 7.975716e-01 9.860927e-01 9.893218e-01 1.366052e+01 9.910616e-01 1.009548e+00 7.977284e-01 3.590047e-01 0.000000e+00 0.000000e+00 
0.000000e+00 0.000000e+00 3.805559e-01 8.186966e-01 1.006993e+00 1.010244e+00 1.425005e+01 1.012028e+00 1.030589e+00 8.188579e-01 3.807098e-01 0.000000e+00 0.000000e+00 
0.000000e+00 0.000000e+00 4.026776e-01 8.402444e-01 1.028318e+00 1.031590e+00 1.485314e+01 1.033418e+00 1.052054e+00 8.404101e-01 4.028359e-01 0.000000e+00 0.000000e+00 
0.000000e+00 0.000000e+00 4.252241e-01 8.622186e-01 1.050069e+00 1.053362e+00 1.546993e+01 1.055235e+00 1.073946e+00 8.623887e-01 4.253867e-01 0.000000e+00 0.000000e+00 
0.000000e+00 0.000000e+00 4.482002e-01 8.846240e-01 1.072252e+00 1.075566e+00 1.610054e+01 1.077484e+00 1.096269e+00 8.847983e-01 4.483671e-01 0.000000e+00 0.000000e+00 
0.000000e+00 0.000000e+00 4.716148e-01 9.074694e-01 1.094876e+00 1.098211e+00 1.674493e+01 1.100173e+00 1.119034e+00 9.076479e-01 4.717859e-01 0.000000e+00 0.000000e+00 
0.000000e+00 0.000000e+00 4.954578e-01 9.307447e-01 1.117930e+00 1.121287e+00 1.740362e+01 1.123293e+00 1.142229e+00 9.309272e-01 4.956329e-01 0.000000e+00 0.000000e+00 
0.000000e+00 0.000000e+00 5.197445e-01 9.544651e-01 1.141430e+00 1.144808e+00 1.807640e+01 1.146859e+00 1.165869e+00 9.546516e-01 5.199235e-01 0.000000e+00 0.000000e+00 
0.000000e+00 0.000000e+00 5.444838e-01 9.786396e-01 1.165384e+00 1.168783e+00 1.876327e+01 1.170880e+00 1.189965e+00 9.788299e-01 5.446666e-01 0.000000e+00 0.000000e+00 
0.000000e+00 0.000000e+00 5.696819e-01 1.003274e+00 1.189800e+00 1.193219e+00 1.946427e+01 1.195362e+00 1.214521e+00 1.003468e+00 5.698685e-01 0.000000e+00 0.000000e+00 
0.000000e+00 0.000000e+00 5.953350e-01 1.028365e+00 1.214672e+00 1.218113e+00 2.017967e+01 1.220301e+00 1.239535e+00 1.028563e+00 5.955253e-01 0.000000e+00 0.000000e+00 
0.000000e+00 0.000000e+00 0.000000e+00 3.914868e-01 5.844485e-01 5.872302e-01 2.617294e+00 5.879412e-01 6.049920e-01 3.914868e-01 0.000000e+00 0.000000e+00 0.000000e+00 
0.000000e+00 0.000000e+00 -4.653465e-02 4.025960e-01 5.952429e-01 5.980537e-01 3.184353e+00 5.988169e-01 6.159694e-01 4.026041e-01 -4.653400e-02 0.000000e+00 0.000000e+00 
0.000000e+00 0.000000e+00 -3.379761e-02 4.146957e-01 6.070940e-01 6.099285e-01 3.482225e+00 6.107357e-01 6.279667e-01 4.147120e-01 -3.378882e-02 0.000000e+00 0.000000e+00 
0.000000e+00 0.000000e+00 -2.074995e-02 4.271091e-01 6.192599e-01 6.221181e-01 3.790435e+00 6.229694e-01 6.402786e-01 4.271334e-01 -2.073319e-02 0.000000e+00 0.000000e+00 
0.000000e+00 0.000000e+00 -7.386143e-03 4.398416e-01 6.317461e-01 6.346279e-01 4.109041e+00 6.355233e-01 6.529106e-01 4.398737e-01 -7.361629e-03 0.000000e+00 0.000000e+00 
0.000000e+00 0.000000e+00 6.299332e-03 4.528987e-01 6.445579e-01 6.474632e-01 4.438101e+00 6.484028e-01 6.658681e-01 4.529383e-01 6.331425e-03 0.000000e+00 0.000000e+00 
0.000000e+00 0.000000e+00 2.030745e-02 4.662812e-01 6.576964e-01 6.606250e-01 4.777844e+00 6.616088e-01 6.791519e-01 4.663282e-01 2.034695e-02 0.000000e+00 0.000000e+00 
0.000000e+00 0.000000e+00 3.464202e-02 4.799929e-01 6.711651e-01 6.741171e-01 5.128399e+00 6.751451e-01 6.927659e-01 4.800471e-01 3.468874e-02 0.000000e+00 0.000000e+00 
0.000000e+00 0.000000e+00 4.930601e-02 4.940367e-01 6.849670e-01 6.879422e-01 5.489933e+00 6.890145e-01 7.067128e-01 4.940980e-01 4.935978e-02 0.000000e+00 0.000000e+00 
0.000000e+00 0.000000e+00 6.430657e-02 5.084197e-01 6.991090e-01 7.021074e-01 5.862450e+00 7.032241e-01 7.209998e-01 5.084879e-01 6.436723e-02 0.000000e+00 0.000000e+00 
0.000000e+00 0.000000e+00 7.964828e-02 5.231464e-01 7.135958e-01 7.166172e-01 6.246046e+00 7.177784e-01 7.356314e-01 5.232213e-01 7.971566e-02 0.000000e+00 0.000000e+00 
0.000000e+00 0.000000e+00 9.532168e-02 5.382072e-01 7.284178e-01 7.314622e-01 6.641228e+00 7.326678e-01 7.505980e-01 5.382887e-01 9.539562e-02 0.000000e+00 0.000000e+00 
0.000000e+00 0.000000e+00 1.113433e-01 5.536187e-01 7.435914e-01 7.466587e-01 7.047730e+00 7.479089e-01 7.659161e-01 5.537066e-01 1.114237e-01 0.000000e+00 0.000000e+00 
0.000000e+00 0.000000e+00 1.277168e-01 5.693844e-01 7.591201e-01 7.622102e-01 7.465684e+00 7.635051e-01 7.815893e-01 5.694786e-01 1.278034e-01 0.000000e+00 0.000000e+00 
0.000000e+00 0.000000e+00 1.444414e-01 5.855036e-01 7.750032e-01 7.781160e-01 7.895368e+00 7.794556e-01 7.976167e-01 5.856038e-01 1.445341e-01 0.000000e+00 0.000000e+00 
0.000000e+00 0.000000e+00 1.615295e-01 6.019885e-01 7.912529e-01 7.943884e-01 8.336629e+00 7.957729e-01 8.140107e-01 6.020947e-01 1.616281e-01 0.000000e+00 0.000000e+00 
0.000000e+00 0.000000e+00 1.789621e-01 6.188201e-01 8.078503e-01 8.110084e-01 8.790272e+00 8.124378e-01 8.307522e-01 6.189322e-01 1.790666e-01 0.000000e+00 0.000000e+00 
0.000000e+00 0.000000e+00 1.967605e-01 6.360197e-01 8.248165e-01 8.279971e-01 9.255883e+00 8.294715e-01 8.478626e-01 6.361375e-01 1.968707e-01 0.000000e+00 0.000000e+00 
0.000000e+00 0.000000e+00 2.149337e-01 6.535962e-01 8.421604e-01 8.453634e-01 9.733419e+00 8.468830e-01 8.653506e-01 6.537195e-01 2.150495e-01 0.000000e+00 0.000000e+00 
0.000000e+00 0.000000e+00 2.334878e-01 6.715557e-01 8.598881e-01 8.631135e-01 1.022294e+01 8.646783e-01 8.832223e-01 6.716844e-01 2.336090e-01 0.000000e+00 0.000000e+00 
0.000000e+00 0.000000e+00 2.524286e-01 6.899039e-01 8.780053e-01 8.812529e-01 1.072451e+01 8.828632e-01 9.014836e-01 6.900379e-01 2.525551e-01 0.000000e+00 0.000000e+00 
0.000000e+00 0.000000e+00 2.717500e-01 7.086346e-01 8.965057e-01 8.997757e-01 1.123853e+01 9.014314e-01 9.201281e-01 7.087737e-01 2.718816e-01 0.000000e+00 0.000000e+00 
0.000000e+00 0.000000e+00 2.914230e-01 7.277188e-01 9.153605e-01 9.186526e-01 1.176618e+01 9.203540e-01 9.391269e-01 7.278630e-01 2.915597e-01 0.000000e+00 0.000000e+00 
0.000000e+00 0.000000e+00 3.114976e-01 7.472066e-01 9.346196e-01 9.379338e-01 1.230614e+01 9.396810e-01 9.585301e-01 7.473558e-01 3.116393e-01 0.000000e+00 0.000000e+00 
0.000000e+00 0.000000e+00 3.319679e-01 7.670918e-01 9.542769e-01 9.576131e-01 1.285883e+01 9.594062e-01 9.783314e-01 7.672458e-01 3.321143e-01 0.000000e+00 0.000000e+00 
0.000000e+00 0.000000e+00 3.528336e-01 7.873743e-01 9.743321e-01 9.776903e-01 1.342448e+01 9.795295e-01 9.985307e-01 7.875330e-01 3.529847e-01 0.000000e+00 0.000000e+00 
0.000000e+00 0.000000e+00 3.740998e-01 8.080591e-01 9.947903e-01 9.981704e-01 1.400318e+01 1.000056e+00 1.019133e+00 8.082223e-01 3.742556e-01 0.000000e+00 0.000000e+00 
0.000000e+00 0.000000e+00 3.957740e-01 8.291535e-01 1.015659e+00 1.019061e+00 1.459493e+01 1.020992e+00 1.040146e+00 8.293212e-01 3.959342e-01 0.000000e+00 0.000000e+00 
0.000000e+00 0.000000e+00 4.178595e-01 8.506610e-01 1.036941e+00 1.040365e+00 1.519987e+01 1.042343e+00 1.061572e+00 8.508331e-01 4.180241e-01 0.000000e+00 0.000000e+00 
0.000000e+00 0.000000e+00 4.403609e-01 8.725859e-01 1.058641e+00 1.062087e+00 1.581809e+01 1.064112e+00 1.083417e+00 8.727623e-01 4.405298e-01 0.000000e+00 0.000000e+00 
0.000000e+00 0.000000e+00 4.632867e-01 8.949369e-01 1.080769e+00 1.084236e+00 1.644957e+01 1.086307e+00 1.105688e+00 8.951175e-01 4.634597e-01 0.000000e+00 0.000000e+00 
0.000000e+00 0.000000e+00 4.866271e-01 9.177040e-01 1.103312e+00 1.106801e+00 1.709478e+01 1.108920e+00 1.128377e+00 9.178887e-01 4.868041e-01 0.000000e+00 0.000000e+00 
0.000000e+00 0.000000e+00 5.103966e-01 9.409019e-01 1.126287e+00 1.129798e+00 1.775353e+01 1.131964e+00 1.151496e+00 9.410905e-01 5.105776e-01 0.000000e+00 0.000000e+00 
0.000000e+00 0.000000e+00 5.346038e-01 9.645389e-01 1.149702e+00 1.153234e+00 1.842581e+01 1.155447e+00 1.175056e+00 9.647314e-01 5.347887e-01 0.000000e+00 0.000000e+00 
0.000000e+00 0.000000e+00 5.592546e-01 9.886210e-01 1.173563e+00 1.177116e+00 1.911166e+01 1.179377e+00 1.199061e+00 9.888173e-01 5.594433e-01 0.000000e+00 0.000000e+00 
0.000000e+00 0.000000e+00 5.843451e-01 1.013144e+00 1.197865e+00 1.201440e+00 1.981132e+01 1.203748e+00 1.223509e+00 1.013344e+00 5.845375e-01 0.000000e+00 0.000000e+00 
0.000000e+00 0.000000e+00 0.000000e+00 3.886550e-01 5.800815e-01 5.829826e-01 2.530787e+00 5.837457e-01 6.012933e-01 3.886550e-01 0.000000e+00 0.000000e+00 0.000000e+00 
0.000000e+00 0.000000e+00 -4.539130e-02 3.995923e-01 5.907002e-01 5.936312e-01 3.095132e+00 5.944488e-01 6.120996e-01 3.996006e-01 -4.539064e-02 0.000000e+00 0.000000e+00 
0.000000e+00 0.000000e+00 -3.283688e-02 4.115023e-01 6.023588e-01 6.053141e-01 3.391483e+00 6.061779e-01 6.239082e-01 4.115189e-01 -3.282796e-02 0.000000e+00 0.000000e+00 
0.000000e+00 0.000000e+00 -1.997949e-02 4.237185e-01 6.143247e-01 6.173043e-01 3.697874e+00 6.182143e-01 6.360240e-01 4.237431e-01 -1.996249e-02 0.000000e+00 0.000000e+00 
0.000000e+00 0.000000e+00 -6.813851e-03 4.362460e-01 6.266031e-01 6.296069e-01 4.014358e+00 6.305630e-01 6.484520e-01 4.362785e-01 -6.788985e-03 0.000000e+00 0.000000e+00 
0.000000e+00 0.000000e+00 6.665299e-03 4.490900e-01 6.391992e-01 6.422271e-01 4.340987e+00 6.432295e-01 6.611975e-01 4.491302e-01 6.697848e-03 0.000000e+00 0.000000e+00 
0.000000e+00 0.000000e+00 2.045878e-02 4.622512e-01 6.521136e-01 6.551656e-01 4.677982e+00 6.562142e-01 6.742612e-01 4.622989e-01 2.049883e-02 0.000000e+00 0.000000e+00 
0.000000e+00 0.000000e+00 3.457018e-02 4.757332e-01 6.653500e-01 6.684259e-01 5.025461e+00 6.695208e-01 6.876466e-01 4.757882e-01 3.461754e-02 0.000000e+00 0.000000e+00 
0.000000e+00 0.000000e+00 4.900225e-02 4.895386e-01 6.789109e-01 6.820106e-01 5.383584e+00 6.831519e-01 7.013563e-01 4.896008e-01 4.905676e-02 0.000000e+00 0.000000e+00 
0.000000e+00 0.000000e+00 6.376186e-02 5.036743e-01 6.928031e-01 6.959265e-01 5.752351e+00 6.971143e-01 7.153972e-01 5.037434e-01 6.382335e-02 0.000000e+00 0.000000e+00 
0.000000e+00 0.000000e+00 7.885334e-02 5.181445e-01 7.070309e-01 7.101780e-01 6.131851e+00 7.114122e-01 7.297735e-01 5.182204e-01 7.892164e-02 0.000000e+00 0.000000e+00 
0.000000e+00 0.000000e+00 9.426739e-02 5.329398e-01 7.215848e-01 7.247554e-01 6.522568e+00 7.260363e-01 7.444759e-01 5.330224e-01 9.434232e-02 0.000000e+00 0.000000e+00 
0.000000e+00 0.000000e+00 1.100200e-01 5.480763e-01 7.364808e-01 7.396749e-01 6.924244e+00 7.410025e-01 7.595202e-01 5.481653e-01 1.101014e-01 0.000000e+00 0.000000e+00 
0.000000e+00 0.000000e+00 1.261145e-01 5.635571e-01 7.517222e-01 7.549397e-01 7.337002e+00 7.563140e-01 7.749097e-01 5.636524e-01 1.262023e-01 0.000000e+00 0.000000e+00 
0.000000e+00 0.000000e+00 1.425501e-01 5.793813e-01 7.673079e-01 7.705487e-01 7.761104e+00 7.719699e-01 7.906436e-01 5.794829e-01 1.426441e-01 0.000000e+00 0.000000e+00 
0.000000e+00 0.000000e+00 1.593388e-01 5.955610e-01 7.832501e-01 7.865141e-01 8.196402e+00 7.879822e-01 8.067338e-01 5.956686e-01 1.594387e-01 0.000000e+00 0.000000e+00 
0.000000e+00 0.000000e+00 1.764620e-01 6.120776e-01 7.995300e-01 8.028171e-01 8.643663e+00 8.043323e-01 8.231616e-01 6.121911e-01 1.765679e-01 0.000000e+00 0.000000e+00 
0.000000e+00 0.000000e+00 1.939404e-01 6.289515e-01 8.161681e-01 8.194783e-01 9.102485e+00 8.210407e-01 8.399476e-01 6.290707e-01 1.940520e-01 0.000000e+00 0.000000e+00 
0.000000e+00 0.000000e+00 2.117824e-01 6.461913e-01 8.331729e-01 8.365061e-01 9.572825e+00 8.381158e-01 8.571004e-01 6.463161e-01 2.118996e-01 0.000000e+00 0.000000e+00 
0.000000e+00 0.000000e+00 2.299939e-01 6.638027e-01 8.505503e-01 8.539064e-01 1.005474e+01 8.555635e-01 8.746255e-01 6.639330e-01 2.301166e-01 0.000000e+00 0.000000e+00 
0.000000e+00 0.000000e+00 2.485804e-01 6.817912e-01 8.683055e-01 8.716845e-01 1.054828e+01 8.733891e-01 8.925286e-01 6.819269e-01 2.487085e-01 0.000000e+00 0.000000e+00 
0.000000e+00 0.000000e+00 2.675360e-01 7.001508e-01 8.864327e-01 8.898344e-01 1.105383e+01 8.915867e-01 9.108035e-01 7.002917e-01 2.676692e-01 0.000000e+00 0.000000e+00 
0.000000e+00 0.000000e+00 2.868325e-01 7.188534e-01 9.049036e-01 9.083280e-01 1.157251e+01 9.101281e-01 9.294223e-01 7.189994e-01 2.869708e-01 0.000000e+00 0.000000e+00 
0.000000e+00 0.000000e+00 3.065182e-01 7.379471e-01 9.237664e-01 9.272134e-01 1.210306e+01 9.290614e-01 9.484329e-01 7.380980e-01 3.066615e-01 0.000000e+00 0.000000e+00 
0.000000e+00 0.000000e+00 3.265871e-01 7.574260e-01 9.430151e-01 9.464847e-01 1.264587e+01 9.483808e-01 9.678294e-01 7.575818e-01 3.267353e-01 0.000000e+00 0.000000e+00 
0.000000e+00 0.000000e+00 3.470391e-01 7.772897e-01 9.626495e-01 9.661415e-01 1.320116e+01 9.680859e-01 9.876116e-01 7.774503e-01 3.471920e-01 0.000000e+00 0.000000e+00 
0.000000e+00 0.000000e+00 3.678789e-01 7.975432e-01 9.826743e-01 9.861887e-01 1.376901e+01 9.881815e-01 1.007784e+00 7.977084e-01 3.680365e-01 0.000000e+00 0.000000e+00 
0.000000e+00 0.000000e+00 3.891136e-01 8.181934e-01 1.003096e+00 1.006633e+00 1.434942e+01 1.008675e+00 1.028354e+00 8.183631e-01 3.892757e-01 0.000000e+00 0.000000e+00 
0.000000e+00 0.000000e+00 4.107466e-01 8.392435e-01 1.023919e+00 1.027478e+00 1.494251e+01 1.029568e+00 1.049325e+00 8.394176e-01 4.109130e-01 0.000000e+00 0.000000e+00 
0.000000e+00 0.000000e+00 4.327818e-01 8.606977e-01 1.045147e+00 1.048728e+00 1.554837e+01 1.050867e+00 1.070701e+00 8.608761e-01 4.329526e-01 0.000000e+00 0.000000e+00 
0.000000e+00 0.000000e+00 4.552276e-01 8.825641e-01 1.066787e+00 1.070391e+00 1.616697e+01 1.072579e+00 1.092489e+00 8.827466e-01 4.554025e-01 0.000000e+00 0.000000e+00 
0.000000e+00 0.000000e+00 4.780743e-01 9.048330e-01 1.088831e+00 1.092456e+00 1.679875e+01 1.094694e+00 1.114681e+00 9.050197e-01 4.782533e-01 0.000000e+00 0.000000e+00 
0.000000e+00 0.000000e+00 5.013360e-01 9.275186e-01 1.111292e+00 1.114939e+00 1.744354e+01 1.117226e+00 1.137291e+00 9.277092e-01 5.015190e-01 0.000000e+00 0.000000e+00 
0.000000e+00 0.000000e+00 5.250207e-01 9.506288e-01 1.134178e+00 1.137847e+00 1.810131e+01 1.140183e+00 1.160325e+00 9.508233e-01 5.252076e-01 0.000000e+00 0.000000e+00 
0.000000e+00 0.000000e+00 5.491340e-01 9.741691e-01 1.157495e+00 1.161186e+00 1.877209e+01 1.163572e+00 1.183790e+00 9.743674e-01 5.493247e-01 0.000000e+00 0.000000e+00 
0.000000e+00 0.000000e+00 5.736721e-01 9.981358e-01 1.181238e+00 1.184952e+00 1.945612e+01 1.187388e+00 1.207683e+00 9.983378e-01 5.738666e-01 0.000000e+00 0.000000e+00 
0.000000e+00 0.000000e+00 0.000000e+00 3.857568e-01 5.756099e-01 5.786352e-01 2.458909e+00 5.794540e-01 5.975081e-01 3.857568e-01 0.000000e+00 0.000000e+00 0.000000e+00 
0.000000e+00 0.000000e+00 -4.418216e-02 3.965285e-01 5.860596e-01 5.891156e-01 3.020052e+00 5.899914e-01 6.081502e-01 3.965369e-01 -4.418149e-02 0.000000e+00 0.000000e+00 
0.000000e+00 0.000000e+00 -3.180541e-02 4.082550e-01 5.975320e-01 6.006131e-01 3.314688e+00 6.015372e-01 6.197766e-01 4.082718e-01 -3.179636e-02 0.000000e+00 0.000000e+00 
0.000000e+00 0.000000e+00 -1.913333e-02 4.202801e-01 6.093043e-01 6.124103e-01 3.619073e+00 6.133827e-01 6.317027e-01 4.203050e-01 -1.911610e-02 0.000000e+00 0.000000e+00 
0.000000e+00 0.000000e+00 -6.160910e-03 4.326086e-01 6.213813e-01 6.245122e-01 3.933252e+00 6.255329e-01 6.439332e-01 4.326416e-01 -6.135703e-03 0.000000e+00 0.000000e+00 
0.000000e+00 0.000000e+00 7.116879e-03 4.452457e-01 6.337680e-01 6.369235e-01 4.257273e+00 6.379927e-01 6.564731e-01 4.452864e-01 7.149870e-03 0.000000e+00 0.000000e+00 
0.000000e+00 0.000000e+00 2.070071e-02 4.581917e-01 6.464649e-01 6.496451e-01 4.591346e+00 6.507626e-01 6.693231e-01 4.582400e-01 2.074129e-02 0.000000e+00 0.000000e+00 
0.000000e+00 0.000000e+00 3.459395e-02 4.714501e-01 6.594752e-01 6.626800e-01 4.935583e+00 6.638460e-01 6.824864e-01 4.715059e-01 3.464195e-02 0.000000e+00 0.000000e+00 
0.000000e+00 0.000000e+00 4.879918e-02 4.850234e-01 6.728016e-01 6.760308e-01 5.290134e+00 6.772454e-01 6.959655e-01 4.850864e-01 4.885441e-02 0.000000e+00 0.000000e+00 
0.000000e+00 0.000000e+00 6.332295e-02 4.989180e-01 6.864504e-01 6.897039e-01 5.654995e+00 6.909671e-01 7.097668e-01 4.989880e-01 6.338524e-02 0.000000e+00 0.000000e+00 
0.000000e+00 0.000000e+00 7.816939e-02 5.131380e-01 7.004257e-01 7.037034e-01 6.030250e+00 7.050153e-01 7.238945e-01 5.132149e-01 7.823856e-02 0.000000e+00 0.000000e+00 
0.000000e+00 0.000000e+00 9.332933e-02 5.276742e-01 7.147181e-01 7.180200e-01 6.416360e+00 7.193807e-01 7.383392e-01 5.277578e-01 9.340522e-02 0.000000e+00 0.000000e+00 
0.000000e+00 0.000000e+00 1.088182e-01 5.425419e-01 7.293432e-01 7.326691e-01 6.813074e+00 7.340787e-01 7.531165e-01 5.426321e-01 1.089007e-01 0.000000e+00 0.000000e+00 
0.000000e+00 0.000000e+00 1.246392e-01 5.577443e-01 7.443039e-01 7.476538e-01 7.220507e+00 7.491124e-01 7.682292e-01 5.578408e-01 1.247281e-01 0.000000e+00 0.000000e+00 
0.000000e+00 0.000000e+00 1.407914e-01 5.732803e-01 7.595992e-01 7.629730e-01 7.638907e+00 7.644806e-01 7.836765e-01 5.733831e-01 1.408865e-01 0.000000e+00 0.000000e+00 
0.000000e+00 0.000000e+00 1.572862e-01 5.891614e-01 7.752406e-01 7.786381e-01 8.068127e+00 7.801950e-01 7.994697e-01 5.892703e-01 1.573874e-01 0.000000e+00 0.000000e+00 
0.000000e+00 0.000000e+00 1.741058e-01 6.053697e-01 7.912100e-01 7.946313e-01 8.508900e+00 7.962374e-01 8.155910e-01 6.054845e-01 1.742129e-01 0.000000e+00 0.000000e+00 
0.000000e+00 0.000000e+00 1.912699e-01 6.219247e-01 8.075272e-01 8.109721e-01 8.960838e+00 8.126276e-01 8.320599e-01 6.220454e-01 1.913828e-01 0.000000e+00 0.000000e+00 
0.000000e+00 0.000000e+00 2.087867e-01 6.388348e-01 8.242003e-01 8.276687e-01 9.423894e+00 8.293737e-01 8.488847e-01 6.389612e-01 2.089053e-01 0.000000e+00 0.000000e+00 
0.000000e+00 0.000000e+00 2.266618e-01 6.561054e-01 8.412347e-01 8.447265e-01 9.898118e+00 8.464812e-01 8.660708e-01 6.562373e-01 2.267859e-01 0.000000e+00 0.000000e+00 
0.000000e+00 0.000000e+00 2.449003e-01 6.737416e-01 8.586355e-01 8.621508e-01 1.038356e+01 8.639552e-01 8.836233e-01 6.738788e-01 2.450299e-01 0.000000e+00 0.000000e+00 
0.000000e+00 0.000000e+00 2.634965e-01 6.917375e-01 8.763970e-01 8.799355e-01 1.088058e+01 8.817899e-01 9.015364e-01 6.918801e-01 2.636313e-01 0.000000e+00 0.000000e+00 
0.000000e+00 0.000000e+00 2.824232e-01 7.100661e-01 8.944919e-01 8.980536e-01 1.139024e+01 8.999581e-01 9.197829e-01 7.102137e-01 2.825631e-01 0.000000e+00 0.000000e+00 
0.000000e+00 0.000000e+00 3.017267e-01 7.287735e-01 9.129664e-01 9.165513e-01 1.191133e+01 9.185059e-01 9.384091e-01 7.289261e-01 3.018716e-01 0.000000e+00 0.000000e+00 
0.000000e+00 0.000000e+00 3.214013e-01 7.478540e-01 9.318148e-01 9.354227e-01 1.244424e+01 9.374277e-01 9.574091e-01 7.480115e-01 3.215511e-01 0.000000e+00 0.000000e+00 
0.000000e+00 0.000000e+00 3.414467e-01 7.673072e-01 9.510367e-01 9.546676e-01 1.298916e+01 9.567231e-01 9.767827e-01 7.674695e-01 3.416013e-01 0.000000e+00 0.000000e+00 
0.000000e+00 0.000000e+00 3.618675e-01 7.871378e-01 9.706367e-01 9.742905e-01 1.354615e+01 9.763967e-01 9.965345e-01 7.873047e-01 3.620268e-01 0.000000e+00 0.000000e+00 
0.000000e+00 0.000000e+00 3.826705e-01 8.073523e-01 9.906213e-01 9.942980e-01 1.411522e+01 9.964550e-01 1.016671e+00 8.075238e-01 3.828342e-01 0.000000e+00 0.000000e+00 
0.000000e+00 0.000000e+00 4.038586e-01 8.279538e-01 1.010994e+00 1.014693e+00 1.469648e+01 1.016901e+00 1.037195e+00 8.281297e-01 4.040268e-01 0.000000e+00 0.000000e+00 
0.000000e+00 0.000000e+00 4.254358e-01 8.489462e-01 1.031758e+00 1.035480e+00 1.529001e+01 1.037739e+00 1.058111e+00 8.491265e-01 4.256083e-01 0.000000e+00 0.000000e+00 
0.000000e+00 0.000000e+00 4.474098e-01 8.703372e-01 1.052921e+00 1.056666e+00 1.589578e+01 1.058976e+00 1.079426e+00 8.705217e-01 4.475866e-01 0.000000e+00 0.000000e+00 
0.000000e+00 0.000000e+00 4.697715e-01 8.921176e-01 1.074474e+00 1.078241e+00 1.651420e+01 1.080604e+00 1.101132e+00 8.923062e-01 4.699524e-01 0.000000e+00 0.000000e+00 
0.000000e+00 0.000000e+00 4.925342e-01 9.143007e-01 1.096431e+00 1.100220e+00 1.714509e+01 1.102634e+00 1.123240e+00 9.144932e-01 4.927191e-01 0.000000e+00 0.000000e+00 
0.000000e+00 0.000000e+00 5.157055e-01 9.368940e-01 1.118798e+00 1.122610e+00 1.778844e+01 1.125076e+00 1.145760e+00 9.370905e-01 5.158943e-01 0.000000e+00 0.000000e+00 
0.000000e+00 0.000000e+00 5.392908e-01 9.599029e-01 1.141582e+00 1.145416e+00 1.844426e+01 1.147934e+00 1.168696e+00 9.601032e-01 5.394834e-01 0.000000e+00 0.000000e+00 
0.000000e+00 0.000000e+00 5.632863e-01 9.833236e-01 1.164778e+00 1.168635e+00 1.911278e+01 1.171205e+00 1.192045e+00 9.835276e-01 5.634826e-01 0.000000e+00 0.000000e+00 
0.000000e+00 0.000000e+00 0.000000e+00 3.827968e-01 5.710405e-01 5.741952e-01 2.400658e+00 5.750734e-01 5.936436e-01 3.827968e-01 0.000000e+00 0.000000e+00 0.000000e+00 
0.000000e+00 0.000000e+00 -4.291351e-02 3.934088e-01 5.813273e-01 5.845135e-01 2.958133e+00 5.854515e-01 6.041278e-01 3.934173e-01 -4.291283e-02 0.000000e+00 0.000000e+00 
0.000000e+00 0.000000e+00 -3.070985e-02 4.049574e-01 5.926196e-01 5.958315e-01 3.250873e+00 5.968200e-01 6.155781e-01 4.049744e-01 -3.070068e-02 0.000000e+00 0.000000e+00 
0.000000e+00 0.000000e+00 -1.821850e-02 4.167971e-01 6.042042e-01 6.074417e-01 3.553071e+00 6.084807e-01 6.273204e-01 4.168224e-01 -1.820104e-02 0.000000e+00 0.000000e+00 
0.000000e+00 0.000000e+00 -5.434693e-03 4.289324e-01 6.160857e-01 6.193487e-01 3.864771e+00 6.204384e-01 6.393595e-01 4.289658e-01 -5.409156e-03 0.000000e+00 0.000000e+00 
0.000000e+00 0.000000e+00 7.646354e-03 4.413682e-01 6.282689e-01 6.315572e-01 4.186015e+00 6.326976e-01 6.516999e-01 4.414095e-01 7.679773e-03 0.000000e+00 0.000000e+00 
0.000000e+00 0.000000e+00 2.102518e-02 4.541049e-01 6.407542e-01 6.440678e-01 4.517002e+00 6.452588e-01 6.643422e-01 4.541538e-01 2.106629e-02 0.000000e+00 0.000000e+00 
0.000000e+00 0.000000e+00 3.470496e-02 4.671455e-01 6.535446e-01 6.568833e-01 4.857838e+00 6.581252e-01 6.772895e-01 4.672019e-01 3.475357e-02 0.000000e+00 0.000000e+00 
0.000000e+00 0.000000e+00 4.868808e-02 4.804924e-01 6.666425e-01 6.700062e-01 5.208664e+00 6.712989e-01 6.905441e-01 4.805561e-01 4.874400e-02 0.000000e+00 0.000000e+00 
0.000000e+00 0.000000e+00 6.298082e-02 4.941517e-01 6.800539e-01 6.834426e-01 5.569473e+00 6.847862e-01 7.041120e-01 4.942226e-01 6.304388e-02 0.000000e+00 0.000000e+00 
0.000000e+00 0.000000e+00 7.758707e-02 5.081274e-01 6.937828e-01 6.971963e-01 5.940343e+00 6.985909e-01 7.179973e-01 5.082053e-01 7.765709e-02 0.000000e+00 0.000000e+00 
0.000000e+00 0.000000e+00 9.249784e-02 5.224104e-01 7.078201e-01 7.112583e-01 6.321712e+00 7.127040e-01 7.321907e-01 5.224951e-01 9.257466e-02 0.000000e+00 0.000000e+00 
0.000000e+00 0.000000e+00 1.077281e-01 5.370155e-01 7.221805e-01 7.256434e-01 6.713338e+00 7.271402e-01 7.467072e-01 5.371068e-01 1.078115e-01 0.000000e+00 0.000000e+00 
0.000000e+00 0.000000e+00 1.232806e-01 5.519456e-01 7.368669e-01 7.403543e-01 7.115325e+00 7.419024e-01 7.615496e-01 5.520433e-01 1.233705e-01 0.000000e+00 0.000000e+00 
0.000000e+00 0.000000e+00 1.391545e-01 5.671996e-01 7.518781e-01 7.553900e-01 7.527910e+00 7.569895e-01 7.767168e-01 5.673036e-01 1.392508e-01 0.000000e+00 0.000000e+00 
0.000000e+00 0.000000e+00 1.553609e-01 5.827885e-01 7.672254e-01 7.707616e-01 7.950948e+00 7.724126e-01 7.922199e-01 5.828987e-01 1.554633e-01 0.000000e+00 0.000000e+00 
0.000000e+00 0.000000e+00 1.718823e-01 5.986949e-01 7.828910e-01 7.864515e-01 8.385137e+00 7.881541e-01 8.080413e-01 5.988111e-01 1.719907e-01 0.000000e+00 0.000000e+00 
0.000000e+00 0.000000e+00 1.887377e-01 6.149377e-01 7.988941e-01 8.024787e-01 8.830101e+00 8.042331e-01 8.242000e-01 6.150598e-01 1.888520e-01 0.000000e+00 0.000000e+00 
0.000000e+00 0.000000e+00 2.059351e-01 6.315248e-01 8.152423e-01 8.188510e-01 9.285793e+00 8.206572e-01 8.407038e-01 6.316526e-01 2.060550e-01 0.000000e+00 0.000000e+00 
0.000000e+00 0.000000e+00 2.234796e-01 6.484614e-01 8.319408e-01 8.355735e-01 9.752257e+00 8.374317e-01 8.575579e-01 6.485947e-01 2.236051e-01 0.000000e+00 0.000000e+00 
0.000000e+00 0.000000e+00 2.413761e-01 6.657522e-01 8.489945e-01 8.526511e-01 1.022953e+01 8.545614e-01 8.747672e-01 6.658910e-01 2.415071e-01 0.000000e+00 0.000000e+00 
0.000000e+00 0.000000e+00 2.596191e-01 6.833917e-01 8.663977e-01 8.700781e-01 1.071797e+01 8.720407e-01 8.923260e-01 6.835357e-01 2.597554e-01 0.000000e+00 0.000000e+00 
0.000000e+00 0.000000e+00 2.781823e-01 7.013535e-01 8.841240e-01 8.878282e-01 1.121857e+01 8.898432e-01 9.102079e-01 7.015027e-01 2.783238e-01 0.000000e+00 0.000000e+00 
0.000000e+00 0.000000e+00 2.971102e-01 7.196820e-01 9.022179e-01 9.059458e-01 1.173018e+01 9.080134e-01 9.284574e-01 7.198363e-01 2.972567e-01 0.000000e+00 0.000000e+00 
0.000000e+00 0.000000e+00 3.163972e-01 7.383718e-01 9.206739e-01 9.244253e-01 1.225316e+01 9.265456e-01 9.470689e-01 7.385310e-01 3.165486e-01 0.000000e+00 0.000000e+00 
0.000000e+00 0.000000e+00 3.360430e-01 7.574224e-01 9.394914e-01 9.432663e-01 1.278769e+01 9.454395e-01 9.660421e-01 7.575864e-01 3.361992e-01 0.000000e+00 0.000000e+00 
0.000000e+00 0.000000e+00 3.560520e-01 7.768381e-01 9.586748e-01 9.624732e-01 1.333383e+01 9.646994e-01 9.853812e-01 7.770068e-01 3.562128e-01 0.000000e+00 0.000000e+00 
0.000000e+00 0.000000e+00 3.764304e-01 7.966252e-01 9.782304e-01 9.820521e-01 1.389158e+01 9.843316e-01 1.005093e+00 7.967985e-01 3.765959e-01 0.000000e+00 0.000000e+00 
0.000000e+00 0.000000e+00 3.971813e-01 8.167867e-01 9.981610e-01 1.002006e+00 1.446103e+01 1.004339e+00 1.025179e+00 8.169643e-01 3.973512e-01 0.000000e+00 0.000000e+00 
0.000000e+00 0.000000e+00 4.183083e-01 8.373260e-01 1.018470e+00 1.022338e+00 1.504227e+01 1.024725e+00 1.045644e+00 8.375080e-01 4.184825e-01 0.000000e+00 0.000000e+00 
0.000000e+00 0.000000e+00 4.398187e-01 8.582507e-01 1.039166e+00 1.043057e+00 1.563525e+01 1.045497e+00 1.066495e+00 8.584369e-01 4.399972e-01 0.000000e+00 0.000000e+00 
0.000000e+00 0.000000e+00 4.617037e-01 8.795517e-01 1.060238e+00 1.064152e+00 1.624037e+01 1.066646e+00 1.087724e+00 8.797420e-01 4.618863e-01 0.000000e+00 0.000000e+00 
0.000000e+00 0.000000e+00 4.839760e-01 9.012417e-01 1.081700e+00 1.085637e+00 1.685745e+01 1.088186e+00 1.109342e+00 9.014361e-01 4.841626e-01 0.000000e+00 0.000000e+00 
0.000000e+00 0.000000e+00 5.066429e-01 9.233280e-01 1.103559e+00 1.107519e+00 1.748647e+01 1.110122e+00 1.131357e+00 9.235263e-01 5.068334e-01 0.000000e+00 0.000000e+00 
0.000000e+00 0.000000e+00 5.297093e-01 9.458155e-01 1.125820e+00 1.129802e+00 1.812745e+01 1.132460e+00 1.153774e+00 9.460176e-01 5.299037e-01 0.000000e+00 0.000000e+00 
0.000000e+00 0.000000e+00 5.531716e-01 9.687005e-01 1.148478e+00 1.152484e+00 1.878057e+01 1.155196e+00 1.176589e+00 9.689064e-01 5.533697e-01 0.000000e+00 0.000000e+00 
0.000000e+00 0.000000e+00 0.000000e+00 3.797795e-01 5.663800e-01 5.696693e-01 2.355029e+00 5.706114e-01 5.897070e-01 3.797795e-01 0.000000e+00 0.000000e+00 0.000000e+00 
0.000000e+00 0.000000e+00 -4.159164e-02 3.902372e-01 5.765096e-01 5.798314e-01 2.908400e+00 5.808359e-01 6.000391e-01 3.902459e-01 -4.159096e-02 0.000000e+00 0.000000e+00 
0.000000e+00 0.000000e+00 -2.955685e-02 4.016133e-01 5.876273e-01 5.909754e-01 3.199067e+00 5.920328e-01 6.113188e-01 4.016306e-01 -2.954756e-02 0.000000e+00 0.000000e+00 
0.000000e+00 0.000000e+00 -1.724200e-02 4.132729e-01 5.990297e-01 6.024040e-01 3.498908e+00 6.035144e-01 6.228830e-01 4.132985e-01 -1.722433e-02 0.000000e+00 0.000000e+00 
0.000000e+00 0.000000e+00 -4.642570e-03 4.252203e-01 6.107213e-01 6.141218e-01 3.807963e+00 6.152852e-01 6.347362e-01 4.252541e-01 -4.616716e-03 0.000000e+00 0.000000e+00 
0.000000e+00 0.000000e+00 8.246008e-03 4.374602e-01 6.227066e-01 6.261330e-01 4.126270e+00 6.273495e-01 6.468828e-01 4.375019e-01 8.279838e-03 0.000000e+00 0.000000e+00 
0.000000e+00 0.000000e+00 2.142414e-02 4.499927e-01 6.349858e-01 6.384381e-01 4.454017e+00 6.397076e-01 6.593231e-01 4.500423e-01 2.146575e-02 0.000000e+00 0.000000e+00 
0.000000e+00 0.000000e+00 3.489481e-02 4.628209e-01 6.475619e-01 6.510399e-01 4.791302e+00 6.523626e-01 6.720601e-01 4.628780e-01 3.494401e-02 0.000000e+00 0.000000e+00 
0.000000e+00 0.000000e+00 4.866024e-02 4.759469e-01 6.604369e-01 6.639406e-01 5.138259e+00 6.653165e-01 6.850958e-01 4.760114e-01 4.871682e-02 0.000000e+00 0.000000e+00 
0.000000e+00 0.000000e+00 6.272642e-02 4.893765e-01 6.736167e-01 6.771460e-01 5.494878e+00 6.785752e-01 6.984363e-01 4.894482e-01 6.279022e-02 0.000000e+00 0.000000e+00 
0.000000e+00 0.000000e+00 7.709703e-02 5.031135e-01 6.871050e-01 6.906597e-01 5.861230e+00 6.921423e-01 7.120850e-01 5.031922e-01 7.716787e-02 0.000000e+00 0.000000e+00 
0.000000e+00 0.000000e+00 9.176327e-02 5.171489e-01 7.008928e-01 7.044728e-01 6.237734e+00 7.060090e-01 7.260330e-01 5.172345e-01 9.184097e-02 0.000000e+00 0.000000e+00 
0.000000e+00 0.000000e+00 1.067395e-01 5.314970e-01 7.149945e-01 7.185997e-01 6.624152e+00 7.201894e-01 7.402948e-01 5.315893e-01 1.068239e-01 0.000000e+00 0.000000e+00 
0.000000e+00 0.000000e+00 1.220285e-01 5.461606e-01 7.294126e-01 7.330430e-01 7.020582e+00 7.346864e-01 7.548730e-01 5.462594e-01 1.221194e-01 0.000000e+00 0.000000e+00 
0.000000e+00 0.000000e+00 1.376291e-01 5.611384e-01 7.441460e-01 7.478014e-01 7.427248e+00 7.494986e-01 7.697663e-01 5.612436e-01 1.377264e-01 0.000000e+00 0.000000e+00 
0.000000e+00 0.000000e+00 1.535520e-01 5.764412e-01 7.592053e-01 7.628856e-01 7.844007e+00 7.646367e-01 7.849854e-01 5.765526e-01 1.536555e-01 0.000000e+00 0.000000e+00 
0.000000e+00 0.000000e+00 1.697804e-01 5.920518e-01 7.745735e-01 7.782786e-01 8.271523e+00 7.800838e-01 8.005134e-01 5.921693e-01 1.698900e-01 0.000000e+00 0.000000e+00 
0.000000e+00 0.000000e+00 1.863325e-01 6.079887e-01 7.902688e-01 7.939987e-01 8.709433e+00 7.958580e-01 8.163684e-01 6.081120e-01 1.864479e-01 0.000000e+00 0.000000e+00 
0.000000e+00 0.000000e+00 2.032158e-01 6.242591e-01 8.062987e-01 8.100532e-01 9.157689e+00 8.119668e-01 8.325580e-01 6.243882e-01 2.033370e-01 0.000000e+00 0.000000e+00 
0.000000e+00 0.000000e+00 2.204353e-01 6.408681e-01 8.226681e-01 8.264471e-01 9.616329e+00 8.284152e-01 8.490870e-01 6.410029e-01 2.205621e-01 0.000000e+00 0.000000e+00 
0.000000e+00 0.000000e+00 2.379957e-01 6.578203e-01 8.393815e-01 8.431850e-01 1.008539e+01 8.452076e-01 8.659600e-01 6.579605e-01 2.381280e-01 0.000000e+00 0.000000e+00 
0.000000e+00 0.000000e+00 2.558914e-01 6.751102e-01 8.564335e-01 8.602613e-01 1.056520e+01 8.623387e-01 8.831716e-01 6.752557e-01 2.560291e-01 0.000000e+00 0.000000e+00 
0.000000e+00 0.000000e+00 2.740972e-01 6.927122e-01 8.737985e-01 8.776506e-01 1.105670e+01 8.797829e-01 9.006962e-01 6.928629e-01 2.742401e-01 0.000000e+00 0.000000e+00 
0.000000e+00 0.000000e+00 2.926557e-01 7.106691e-01 8.915192e-01 8.953954e-01 1.155881e+01 8.975828e-01 9.185765e-01 7.108249e-01 2.928036e-01 0.000000e+00 0.000000e+00 
0.000000e+00 0.000000e+00 3.115616e-01 7.289755e-01 9.095903e-01 9.134905e-01 1.207184e+01 9.157332e-01 9.368072e-01 7.291363e-01 3.117145e-01 0.000000e+00 0.000000e+00 
0.000000e+00 0.000000e+00 3.308145e-01 7.476310e-01 9.280112e-01 9.319354e-01 1.259598e+01 9.342334e-01 9.553877e-01 7.477965e-01 3.309721e-01 0.000000e+00 0.000000e+00 
0.000000e+00 0.000000e+00 3.504185e-01 7.666396e-01 9.467860e-01 9.507342e-01 1.313128e+01 9.530878e-01 9.743223e-01 7.668099e-01 3.505809e-01 0.000000e+00 0.000000e+00 
0.000000e+00 0.000000e+00 3.703796e-01 7.860074e-01 9.659208e-01 9.698928e-01 1.367772e+01 9.723021e-01 9.936168e-01 7.861822e-01 3.705466e-01 0.000000e+00 0.000000e+00 
0.000000e+00 0.000000e+00 3.907006e-01 8.057369e-01 9.854180e-01 9.894138e-01 1.423541e+01 9.918791e-01 1.013274e+00 8.059162e-01 3.908721e-01 0.000000e+00 0.000000e+00 
0.000000e+00 0.000000e+00 4.113850e-01 8.258317e-01 1.005281e+00 1.009301e+00 1.480439e+01 1.011822e+00 1.033297e+00 8.260154e-01 4.115608e-01 0.000000e+00 0.000000e+00 
0.000000e+00 0.000000e+00 4.324396e-01 8.462986e-01 1.025517e+00 1.029560e+00 1.538465e+01 1.032138e+00 1.053693e+00 8.464865e-01 4.326197e-01 0.000000e+00 0.000000e+00 
0.000000e+00 0.000000e+00 4.538560e-01 8.671292e-01 1.046118e+00 1.050184e+00 1.597654e+01 1.052819e+00 1.074454e+00 8.673212e-01 4.540402e-01 0.000000e+00 0.000000e+00 
0.000000e+00 0.000000e+00 4.756463e-01 8.883354e-01 1.067095e+00 1.071185e+00 1.657990e+01 1.073876e+00 1.095591e+00 8.885315e-01 4.758345e-01 0.000000e+00 0.000000e+00 
0.000000e+00 0.000000e+00 4.978173e-01 9.099241e-01 1.088455e+00 1.092568e+00 1.719468e+01 1.095316e+00 1.117111e+00 9.101241e-01 4.980095e-01 0.000000e+00 0.000000e+00 
0.000000e+00 0.000000e+00 5.203739e-01 9.319000e-01 1.110203e+00 1.114339e+00 1.782093e+01 1.117144e+00 1.139019e+00 9.321039e-01 5.205699e-01 0.000000e+00 0.000000e+00 
0.000000e+00 0.000000e+00 5.433121e-01 9.542594e-01 1.132335e+00 1.136494e+00 1.845879e+01 1.139357e+00 1.161312e+00 9.544670e-01 5.435119e-01 0.000000e+00 0.000000e+00 
0.000000e+00 0.000000e+00 0.000000e+00 3.767057e-01 5.616289e-01 5.650585e-01 2.322691e+00 5.660700e-01 5.856992e-01 3.767057e-01 0.000000e+00 0.000000e+00 0.000000e+00 
0.000000e+00 0.000000e+00 -4.021182e-02 3.870150e-01 5.716076e-01 5.750706e-01 2.871514e+00 5.761474e-01 5.958855e-01 3.870237e-01 -4.021113e-02 0.000000e+00 0.000000e+00 
0.000000e+00 0.000000e+00 -2.834127e-02 3.982242e-01 5.825566e-01 5.860465e-01 3.159935e+00 5.871788e-01 6.070007e-01 3.982417e-01 -2.833187e-02 0.000000e+00 0.000000e+00 
0.000000e+00 0.000000e+00 -1.619830e-02 4.097094e-01 5.937828e-01 5.972995e-01 3.457251e+00 5.984873e-01 6.183929e-01 4.097353e-01 -1.618042e-02 0.000000e+00 0.000000e+00 
0.000000e+00 0.000000e+00 -3.778592e-03 4.214746e-01 6.052904e-01 6.088339e-01 3.763497e+00 6.100771e-01 6.300663e-01 4.215088e-01 -3.752437e-03 0.000000e+00 0.000000e+00 
0.000000e+00 0.000000e+00 8.922184e-03 4.335242e-01 6.170837e-01 6.206538e-01 4.078707e+00 6.219526e-01 6.420251e-01 4.335665e-01 8.956403e-03 0.000000e+00 0.000000e+00 
0.000000e+00 0.000000e+00 2.190432e-02 4.458584e-01 6.291628e-01 6.327595e-01 4.403059e+00 6.341138e-01 6.542695e-01 4.459085e-01 2.194640e-02 0.000000e+00 0.000000e+00 
0.000000e+00 0.000000e+00 3.517063e-02 4.584799e-01 6.415305e-01 6.451535e-01 4.736645e+00 6.465636e-01 6.668023e-01 4.585377e-01 3.522038e-02 0.000000e+00 0.000000e+00 
0.000000e+00 0.000000e+00 4.872315e-02 4.713908e-01 6.541887e-01 6.578380e-01 5.079590e+00 6.593038e-01 6.796253e-01 4.714560e-01 4.878037e-02 0.000000e+00 0.000000e+00 
0.000000e+00 0.000000e+00 6.256763e-02 4.845965e-01 6.671430e-01 6.708184e-01 5.431882e+00 6.723401e-01 6.927444e-01 4.846691e-01 6.263213e-02 0.000000e+00 0.000000e+00 
0.000000e+00 0.000000e+00 7.670754e-02 4.981007e-01 6.803969e-01 6.840983e-01 5.793585e+00 6.856758e-01 7.061628e-01 4.981803e-01 7.677914e-02 0.000000e+00 0.000000e+00 
0.000000e+00 0.000000e+00 9.113424e-02 5.118945e-01 6.939415e-01 6.976688e-01 6.165099e+00 6.993024e-01 7.198718e-01 5.119810e-01 9.121277e-02 0.000000e+00 0.000000e+00 
0.000000e+00 0.000000e+00 1.058616e-01 5.259918e-01 7.077907e-01 7.115438e-01 6.546192e+00 7.132335e-01 7.338853e-01 5.260851e-01 1.059469e-01 0.000000e+00 0.000000e+00 
0.000000e+00 0.000000e+00 1.208922e-01 5.403950e-01 7.219469e-01 7.257257e-01 6.936955e+00 7.274717e-01 7.482057e-01 5.404949e-01 1.209840e-01 0.000000e+00 0.000000e+00 
0.000000e+00 0.000000e+00 1.362248e-01 5.551030e-01 7.364089e-01 7.402133e-01 7.337598e+00 7.420156e-01 7.628317e-01 5.552092e-01 1.363230e-01 0.000000e+00 0.000000e+00 
0.000000e+00 0.000000e+00 1.518697e-01 5.701258e-01 7.511868e-01 7.550167e-01 7.747982e+00 7.568754e-01 7.777736e-01 5.702384e-01 1.519742e-01 0.000000e+00 0.000000e+00 
0.000000e+00 0.000000e+00 1.678105e-01 5.854472e-01 7.662643e-01 7.701195e-01 8.168736e+00 7.720348e-01 7.930149e-01 5.855658e-01 1.679211e-01 0.000000e+00 0.000000e+00 
0.000000e+00 0.000000e+00 1.840648e-01 6.010846e-01 7.816587e-01 7.855392e-01 8.599512e+00 7.875113e-01 8.085732e-01 6.012092e-01 1.841814e-01 0.000000e+00 0.000000e+00 
0.000000e+00 0.000000e+00 2.006399e-01 6.170452e-01 7.973772e-01 8.012829e-01 9.040260e+00 8.033118e-01 8.244555e-01 6.171755e-01 2.007623e-01 0.000000e+00 0.000000e+00 
0.000000e+00 0.000000e+00 2.175403e-01 6.333335e-01 8.134245e-01 8.173552e-01 9.491013e+00 8.194412e-01 8.406666e-01 6.334695e-01 2.176684e-01 0.000000e+00 0.000000e+00 
0.000000e+00 0.000000e+00 2.347706e-01 6.499541e-01 8.298049e-01 8.337606e-01 9.951801e+00 8.359037e-01 8.572107e-01 6.500956e-01 2.349041e-01 0.000000e+00 0.000000e+00 
0.000000e+00 0.000000e+00 2.523253e-01 6.669014e-01 8.465129e-01 8.504935e-01 1.042293e+01 8.526940e-01 8.740824e-01 6.670483e-01 2.524643e-01 0.000000e+00 0.000000e+00 
0.000000e+00 0.000000e+00 2.701801e-01 6.841510e-01 8.635242e-01 8.675295e-01 1.090531e+01 8.697875e-01 8.912574e-01 6.843031e-01 2.703243e-01 0.000000e+00 0.000000e+00 
0.000000e+00 0.000000e+00 2.883758e-01 7.017437e-01 8.808794e-01 8.849093e-01 1.139788e+01 8.872250e-01 9.087763e-01 7.019009e-01 2.885251e-01 0.000000e+00 0.000000e+00 
0.000000e+00 0.000000e+00 3.069074e-01 7.196744e-01 8.985734e-01 9.026279e-01 1.190096e+01 9.050014e-01 9.266341e-01 7.198366e-01 3.070616e-01 0.000000e+00 0.000000e+00 
0.000000e+00 0.000000e+00 3.257743e-01 7.379426e-01 9.166057e-01 9.206848e-01 1.241471e+01 9.231163e-01 9.448303e-01 7.381097e-01 3.259333e-01 0.000000e+00 0.000000e+00 
0.000000e+00 0.000000e+00 3.449805e-01 7.565523e-01 9.349803e-01 9.390837e-01 1.293917e+01 9.415734e-01 9.633686e-01 7.567240e-01 3.451443e-01 0.000000e+00 0.000000e+00 
0.000000e+00 0.000000e+00 3.645317e-01 7.755089e-01 9.537026e-01 9.578303e-01 1.347433e+01 9.603785e-01 9.822549e-01 7.756852e-01 3.647001e-01 0.000000e+00 0.000000e+00 
0.000000e+00 0.000000e+00 3.844304e-01 7.948150e-01 9.727753e-01 9.769272e-01 1.402027e+01 9.795339e-01 1.001491e+00 7.949958e-01 3.846033e-01 0.000000e+00 0.000000e+00 
0.000000e+00 0.000000e+00 4.046799e-01 8.144739e-01 9.922014e-01 9.963774e-01 1.457706e+01 9.990430e-01 1.021082e+00 8.146590e-01 4.048572e-01 0.000000e+00 0.000000e+00 
0.000000e+00 0.000000e+00 4.252869e-01 8.344921e-01 1.011988e+00 1.016188e+00 1.514465e+01 1.018912e+00 1.041032e+00 8.346815e-01 4.254684e-01 0.000000e+00 0.000000e+00 
0.000000e+00 0.000000e+00 4.462430e-01 8.548613e-01 1.032126e+00 1.036350e+00 1.572338e+01 1.039133e+00 1.061334e+00 8.550549e-01 4.464287e-01 0.000000e+00 0.000000e+00 
0.000000e+00 0.000000e+00 4.675599e-01 8.755932e-01 1.052627e+00 1.056875e+00 1.631309e+01 1.059718e+00 1.082000e+00 8.757908e-01 4.677496e-01 0.000000e+00 0.000000e+00 
0.000000e+00 0.000000e+00 4.892440e-01 8.966940e-01 1.073498e+00 1.077769e+00 1.691374e+01 1.080672e+00 1.103035e+00 8.968955e-01 4.894376e-01 0.000000e+00 0.000000e+00 
0.000000e+00 0.000000e+00 5.112997e-01 9.181683e-01 1.094743e+00 1.099038e+00 1.752536e+01 1.102001e+00 1.124445e+00 9.183737e-01 5.114972e-01 0.000000e+00 0.000000e+00 
0.000000e+00 0.000000e+00 5.337235e-01 9.400124e-01 1.116359e+00 1.120677e+00 1.814809e+01 1.123700e+00 1.146225e+00 9.402215e-01 5.339247e-01 0.000000e+00 0.000000e+00 
0.000000e+00 0.000000e+00 0.000000e+00 3.735862e-01 5.568037e-01 5.603793e-01 2.300001e+00 5.614648e-01 5.816368e-01 3.735862e-01 0.000000e+00 0.000000e+00 0.000000e+00 
0.000000e+00 0.000000e+00 -3.879774e-02 3.837512e-01 5.666358e-01 5.702456e-01 2.843906e+00 5.713995e-01 5.916818e-01 3.837600e-01 -3.879704e-02 0.000000e+00 0.000000e+00 
0.000000e+00 0.000000e+00 -2.708841e-02 3.947975e-01 5.774202e-01 5.810576e-01 3.129928e+00 5.822696e-01 6.026368e-01 3.948151e-01 -2.707890e-02 0.000000e+00 0.000000e+00 
0.000000e+00 0.000000e+00 -1.511425e-02 4.061121e-01 5.884743e-01 5.921393e-01 3.424570e+00 5.934093e-01 6.138612e-01 4.061383e-01 -1.509617e-02 0.000000e+00 0.000000e+00 
0.000000e+00 0.000000e+00 -2.871164e-03 4.176992e-01 5.998022e-01 6.034945e-01 3.727863e+00 6.048226e-01 6.253590e-01 4.177337e-01 -2.844723e-03 0.000000e+00 0.000000e+00 
0.000000e+00 0.000000e+00 9.644960e-03 4.295626e-01 6.114077e-01 6.151273e-01 4.039837e+00 6.165136e-01 6.371343e-01 4.296053e-01 9.679548e-03 0.000000e+00 0.000000e+00 
0.000000e+00 0.000000e+00 2.243432e-02 4.417026e-01 6.232911e-01 6.270378e-01 4.360661e+00 6.284823e-01 6.491872e-01 4.417532e-01 2.247684e-02 0.000000e+00 0.000000e+00 
0.000000e+00 0.000000e+00 3.549954e-02 4.541216e-01 6.354548e-01 6.392285e-01 4.690420e+00 6.407313e-01 6.615203e-01 4.541799e-01 3.554980e-02 0.000000e+00 0.000000e+00 
0.000000e+00 0.000000e+00 4.884251e-02 4.668215e-01 6.479006e-01 6.517011e-01 5.029231e+00 6.532623e-01 6.741352e-01 4.668874e-01 4.890032e-02 0.000000e+00 0.000000e+00 
0.000000e+00 0.000000e+00 6.246872e-02 4.798077e-01 6.606339e-01 6.644612e-01 5.377079e+00 6.660808e-01 6.870374e-01 4.798809e-01 6.253388e-02 0.000000e+00 0.000000e+00 
0.000000e+00 0.000000e+00 7.638145e-02 4.930834e-01 6.736579e-01 6.775118e-01 5.734024e+00 6.791900e-01 7.002302e-01 4.931638e-01 7.645378e-02 0.000000e+00 0.000000e+00 
0.000000e+00 0.000000e+00 9.057224e-02 5.066401e-01 6.869640e-01 6.908444e-01 6.100444e+00 6.925813e-01 7.137050e-01 5.067275e-01 9.065155e-02 0.000000e+00 0.000000e+00 
0.000000e+00 0.000000e+00 1.050545e-01 5.204911e-01 7.005655e-01 7.044722e-01 6.476114e+00 7.062679e-01 7.274750e-01 5.205853e-01 1.051406e-01 0.000000e+00 0.000000e+00 
0.000000e+00 0.000000e+00 1.198305e-01 5.346387e-01 7.144647e-01 7.183977e-01 6.861120e+00 7.202523e-01 7.415426e-01 5.347395e-01 1.199232e-01 0.000000e+00 0.000000e+00 
0.000000e+00 0.000000e+00 1.348990e-01 5.490815e-01 7.286603e-01 7.326194e-01 7.255657e+00 7.345330e-01 7.559064e-01 5.491888e-01 1.349982e-01 0.000000e+00 0.000000e+00 
0.000000e+00 0.000000e+00 1.502700e-01 5.638295e-01 7.431619e-01 7.471471e-01 7.659590e+00 7.491198e-01 7.705763e-01 5.639430e-01 1.503755e-01 0.000000e+00 0.000000e+00 
0.000000e+00 0.000000e+00 1.659275e-01 5.788666e-01 7.579539e-01 7.619649e-01 8.073517e+00 7.639969e-01 7.855363e-01 5.789863e-01 1.660392e-01 0.000000e+00 0.000000e+00 
0.000000e+00 0.000000e+00 1.818886e-01 5.942098e-01 7.730528e-01 7.770896e-01 8.497099e+00 7.791811e-01 8.008033e-01 5.943355e-01 1.820062e-01 0.000000e+00 0.000000e+00 
0.000000e+00 0.000000e+00 1.981599e-01 6.098658e-01 7.884655e-01 7.925281e-01 8.930289e+00 7.946791e-01 8.163841e-01 6.099973e-01 1.982834e-01 0.000000e+00 0.000000e+00 
0.000000e+00 0.000000e+00 2.147460e-01 6.258390e-01 8.041964e-01 8.082845e-01 9.373112e+00 8.104953e-01 8.322829e-01 6.259762e-01 2.148751e-01 0.000000e+00 0.000000e+00 
0.000000e+00 0.000000e+00 2.316510e-01 6.421335e-01 8.202496e-01 8.243632e-01 9.825595e+00 8.266338e-01 8.485041e-01 6.422763e-01 2.317857e-01 0.000000e+00 0.000000e+00 
0.000000e+00 0.000000e+00 2.488698e-01 6.587442e-01 8.366198e-01 8.407588e-01 1.028803e+01 8.430894e-01 8.650422e-01 6.588923e-01 2.490099e-01 0.000000e+00 0.000000e+00 
0.000000e+00 0.000000e+00 2.663789e-01 6.756474e-01 8.532834e-01 8.574477e-01 1.076126e+01 8.598386e-01 8.818738e-01 6.758008e-01 2.665242e-01 0.000000e+00 0.000000e+00 
0.000000e+00 0.000000e+00 2.842172e-01 6.928821e-01 8.702795e-01 8.744689e-01 1.124430e+01 8.769202e-01 8.990379e-01 6.930406e-01 2.843677e-01 0.000000e+00 0.000000e+00 
0.000000e+00 0.000000e+00 3.023801e-01 7.104436e-01 8.876031e-01 8.918176e-01 1.173743e+01 8.943295e-01 9.165295e-01 7.106071e-01 3.025355e-01 0.000000e+00 0.000000e+00 
0.000000e+00 0.000000e+00 3.208669e-01 7.283312e-01 9.052537e-01 9.094932e-01 1.224080e+01 9.120658e-01 9.343481e-01 7.284995e-01 3.210272e-01 0.000000e+00 0.000000e+00 
0.000000e+00 0.000000e+00 3.396814e-01 7.465486e-01 9.232350e-01 9.274993e-01 1.275445e+01 9.301329e-01 9.524974e-01 7.467216e-01 3.398465e-01 0.000000e+00 0.000000e+00 
0.000000e+00 0.000000e+00 3.588290e-01 7.651011e-01 9.415522e-01 9.458413e-01 1.327837e+01 9.485360e-01 9.709828e-01 7.652788e-01 3.589987e-01 0.000000e+00 0.000000e+00 
0.000000e+00 0.000000e+00 3.783120e-01 7.839911e-01 9.602076e-01 9.645214e-01 1.381262e+01 9.672775e-01 9.898064e-01 7.841733e-01 3.784862e-01 0.000000e+00 0.000000e+00 
0.000000e+00 0.000000e+00 3.981335e-01 8.032216e-01 9.792044e-01 9.835427e-01 1.435727e+01 9.863604e-01 1.008971e+00 8.034082e-01 3.983121e-01 0.000000e+00 0.000000e+00 
0.000000e+00 0.000000e+00 4.182999e-01 8.227989e-01 9.985486e-01 1.002911e+00 1.491227e+01 1.005791e+00 1.028484e+00 8.229897e-01 4.184827e-01 0.000000e+00 0.000000e+00 
0.000000e+00 0.000000e+00 4.388031e-01 8.427149e-01 1.018232e+00 1.022620e+00 1.547793e+01 1.025561e+00 1.048336e+00 8.429099e-01 4.389901e-01 0.000000e+00 0.000000e+00 
0.000000e+00 0.000000e+00 4.596541e-01 8.629807e-01 1.038267e+00 1.042678e+00 1.605410e+01 1.045682e+00 1.068539e+00 8.631796e-01 4.598451e-01 0.000000e+00 0.000000e+00 
0.000000e+00 0.000000e+00 4.808591e-01 8.836022e-01 1.058657e+00 1.063093e+00 1.664074e+01 1.066159e+00 1.089099e+00 8.838051e-01 4.810541e-01 0.000000e+00 0.000000e+00 
0.000000e+00 0.000000e+00 5.024223e-01 9.045838e-01 1.079409e+00 1.083869e+00 1.723786e+01 1.086998e+00 1.110019e+00 9.047905e-01 5.026211e-01 0.000000e+00 0.000000e+00 
0.000000e+00 0.000000e+00 5.243401e-01 9.259217e-01 1.100517e+00 1.105001e+00 1.784561e+01 1.108193e+00 1.131296e+00 9.261322e-01 5.245426e-01 0.000000e+00 0.000000e+00 
0.000000e+00 0.000000e+00 0.000000e+00 3.704257e-01 5.519110e-01 5.556386e-01 2.285978e+00 5.568030e-01 5.775269e-01 3.704257e-01 0.000000e+00 0.000000e+00 0.000000e+00 
0.000000e+00 0.000000e+00 -3.735555e-02 3.804499e-01 5.616003e-01 5.653629e-01 2.824616e+00 5.665991e-01 5.874345e-01 3.804588e-01 -3.735484e-02 0.000000e+00 0.000000e+00 
0.000000e+00 0.000000e+00 -2.580476e-02 3.913368e-01 5.722239e-01 5.760148e-01 3.108094e+00 5.773117e-01 5.982330e-01 3.913546e-01 -2.579516e-02 0.000000e+00 0.000000e+00 
0.000000e+00 0.000000e+00 -1.399671e-02 4.024846e-01 5.831097e-01 5.869288e-01 3.399923e+00 5.882865e-01 6.092935e-01 4.025110e-01 -1.397844e-02 0.000000e+00 0.000000e+00 
0.000000e+00 0.000000e+00 -1.927494e-03 4.138970e-01 5.942616e-01 5.981087e-01 3.700128e+00 5.995272e-01 6.206197e-01 4.139319e-01 -1.900784e-03 0.000000e+00 0.000000e+00 
0.000000e+00 0.000000e+00 1.040679e-02 4.255779e-01 6.056833e-01 6.095582e-01 4.008736e+00 6.110377e-01 6.322155e-01 4.256210e-01 1.044173e-02 0.000000e+00 0.000000e+00 
0.000000e+00 0.000000e+00 2.300624e-02 4.375273e-01 6.173748e-01 6.212774e-01 4.325908e+00 6.228179e-01 6.440809e-01 4.375784e-01 2.304919e-02 0.000000e+00 0.000000e+00 
0.000000e+00 0.000000e+00 3.587333e-02 4.497476e-01 6.293385e-01 6.332687e-01 4.651720e+00 6.348702e-01 6.562182e-01 4.498065e-01 3.592408e-02 0.000000e+00 0.000000e+00 
0.000000e+00 0.000000e+00 4.900979e-02 4.622404e-01 6.415759e-01 6.455336e-01 4.986283e+00 6.471963e-01 6.686292e-01 4.623069e-01 4.906815e-02 0.000000e+00 0.000000e+00 
0.000000e+00 0.000000e+00 6.242086e-02 4.750110e-01 6.540923e-01 6.580774e-01 5.329581e+00 6.598012e-01 6.813189e-01 4.750849e-01 6.248664e-02 0.000000e+00 0.000000e+00 
0.000000e+00 0.000000e+00 7.610963e-02 4.880623e-01 6.668907e-01 6.709029e-01 5.681665e+00 6.726881e-01 6.942904e-01 4.881434e-01 7.618263e-02 0.000000e+00 0.000000e+00 
0.000000e+00 0.000000e+00 9.006784e-02 5.013860e-01 6.799626e-01 6.840019e-01 6.042897e+00 6.858485e-01 7.075352e-01 5.014742e-01 9.014788e-02 0.000000e+00 0.000000e+00 
0.000000e+00 0.000000e+00 1.043084e-01 5.149949e-01 6.933209e-01 6.973871e-01 6.413057e+00 6.992953e-01 7.210663e-01 5.150899e-01 1.043952e-01 0.000000e+00 0.000000e+00 
0.000000e+00 0.000000e+00 1.188334e-01 5.288911e-01 7.069676e-01 7.110606e-01 6.792223e+00 7.130305e-01 7.348858e-01 5.289929e-01 1.189269e-01 0.000000e+00 0.000000e+00 
0.000000e+00 0.000000e+00 1.336416e-01 5.430734e-01 7.209013e-01 7.250211e-01 7.180580e+00 7.270528e-01 7.489922e-01 5.431816e-01 1.337416e-01 0.000000e+00 0.000000e+00 
0.000000e+00 0.000000e+00 1.487424e-01 5.575510e-01 7.351316e-01 7.392779e-01 7.577995e+00 7.413715e-01 7.633949e-01 5.576655e-01 1.488489e-01 0.000000e+00 0.000000e+00 
0.000000e+00 0.000000e+00 1.641207e-01 5.723086e-01 7.496429e-01 7.538157e-01 7.985034e+00 7.559714e-01 7.780787e-01 5.724294e-01 1.642333e-01 0.000000e+00 0.000000e+00 
0.000000e+00 0.000000e+00 1.797925e-01 5.873624e-01 7.644514e-01 7.686505e-01 8.401373e+00 7.708684e-01 7.930595e-01 5.874892e-01 1.799111e-01 0.000000e+00 0.000000e+00 
0.000000e+00 0.000000e+00 1.957644e-01 6.027189e-01 7.795635e-01 7.837888e-01 8.826961e+00 7.860691e-01 8.083440e-01 6.028515e-01 1.958889e-01 0.000000e+00 0.000000e+00 
0.000000e+00 0.000000e+00 2.120406e-01 6.183821e-01 7.949834e-01 7.992348e-01 9.261820e+00 8.015777e-01 8.239362e-01 6.185204e-01 2.121708e-01 0.000000e+00 0.000000e+00 
0.000000e+00 0.000000e+00 2.286251e-01 6.343561e-01 8.107149e-01 8.149924e-01 9.705971e+00 8.173980e-01 8.398400e-01 6.344999e-01 2.287609e-01 0.000000e+00 0.000000e+00 
0.000000e+00 0.000000e+00 2.455128e-01 6.506357e-01 8.267531e-01 8.310564e-01 1.015969e+01 8.335248e-01 8.560504e-01 6.507849e-01 2.456540e-01 0.000000e+00 0.000000e+00 
0.000000e+00 0.000000e+00 2.626811e-01 6.671981e-01 8.430750e-01 8.474040e-01 1.062377e+01 8.499356e-01 8.725446e-01 6.673527e-01 2.628275e-01 0.000000e+00 0.000000e+00 
0.000000e+00 0.000000e+00 2.801673e-01 6.840809e-01 8.597181e-01 8.640728e-01 1.109728e+01 8.666676e-01 8.893600e-01 6.842405e-01 2.803189e-01 0.000000e+00 0.000000e+00 
0.000000e+00 0.000000e+00 2.979668e-01 7.012791e-01 8.766776e-01 8.810578e-01 1.158047e+01 8.837161e-01 9.064918e-01 7.014438e-01 2.981234e-01 0.000000e+00 0.000000e+00 
0.000000e+00 0.000000e+00 3.160792e-01 7.187924e-01 8.939529e-01 8.983587e-01 1.207349e+01 9.010806e-01 9.239396e-01 7.189619e-01 3.162407e-01 0.000000e+00 0.000000e+00 
0.000000e+00 0.000000e+00 3.345079e-01 7.366241e-01 9.115476e-01 9.159787e-01 1.257637e+01 9.187644e-01 9.417067e-01 7.367984e-01 3.346741e-01 0.000000e+00 0.000000e+00 
0.000000e+00 0.000000e+00 3.532579e-01 7.547794e-01 9.294666e-01 9.339229e-01 1.308909e+01 9.367727e-01 9.597981e-01 7.549583e-01 3.534287e-01 0.000000e+00 0.000000e+00 
0.000000e+00 0.000000e+00 3.723315e-01 7.732603e-01 9.477121e-01 9.521935e-01 1.361172e+01 9.551076e-01 9.782162e-01 7.734437e-01 3.725069e-01 0.000000e+00 0.000000e+00 
0.000000e+00 0.000000e+00 3.917317e-01 7.920697e-01 9.662869e-01 9.707933e-01 1.414430e+01 9.737719e-01 9.969636e-01 7.922575e-01 3.919114e-01 0.000000e+00 0.000000e+00 
0.000000e+00 0.000000e+00 4.114642e-01 8.112135e-01 9.851969e-01 9.897282e-01 1.468678e+01 9.927715e-01 1.016046e+00 8.114056e-01 4.116482e-01 0.000000e+00 0.000000e+00 
0.000000e+00 0.000000e+00 4.315216e-01 8.306841e-01 1.004434e+00 1.008990e+00 1.523947e+01 1.012099e+00 1.035457e+00 8.308803e-01 4.317097e-01 0.000000e+00 0.000000e+00 
0.000000e+00 0.000000e+00 4.519141e-01 8.504918e-01 1.024010e+00 1.028591e+00 1.580221e+01 1.031764e+00 1.055205e+00 8.506920e-01 4.521063e-01 0.000000e+00 0.000000e+00 
0.000000e+00 0.000000e+00 4.726477e-01 8.706424e-01 1.043929e+00 1.048534e+00 1.637496e+01 1.051773e+00 1.075297e+00 8.708465e-01 4.728439e-01 0.000000e+00 0.000000e+00 
0.000000e+00 0.000000e+00 4.937263e-01 8.911398e-01 1.064195e+00 1.068825e+00 1.695773e+01 1.072130e+00 1.095737e+00 8.913478e-01 4.939263e-01 0.000000e+00 0.000000e+00 
0.000000e+00 0.000000e+00 5.151463e-01 9.119805e-01 1.084806e+00 1.089460e+00 1.755064e+01 1.092831e+00 1.116521e+00 9.121922e-01 5.153500e-01 0.000000e+00 0.000000e+00 
0.000000e+00 0.000000e+00 0.000000e+00 3.672280e-01 5.469564e-01 5.508420e-01 2.279932e+00 5.520911e-01 5.733754e-01 3.672280e-01 0.000000e+00 0.000000e+00 0.000000e+00 
0.000000e+00 0.000000e+00 -3.588946e-02 3.771147e-01 5.565065e-01 5.604280e-01 2.812976e+00 5.617522e-01 5.831493e-01 3.771237e-01 -3.588874e-02 0.000000e+00 0.000000e+00 
0.000000e+00 0.000000e+00 -2.449478e-02 3.878455e-01 5.669727e-01 5.709232e-01 3.093773e+00 5.723110e-01 5.937949e-01 3.878635e-01 -2.448509e-02 0.000000e+00 0.000000e+00 
0.000000e+00 0.000000e+00 -1.285034e-02 3.988296e-01 5.776938e-01 5.816730e-01 3.382655e+00 5.831244e-01 6.046951e-01 3.988563e-01 -1.283190e-02 0.000000e+00 0.000000e+00 
0.000000e+00 0.000000e+00 -9.524513e-04 4.100708e-01 5.886732e-01 5.926811e-01 3.679645e+00 5.941962e-01 6.158533e-01 4.101060e-01 -9.254905e-04 0.000000e+00 0.000000e+00 
0.000000e+00 0.000000e+00 1.120260e-02 4.215725e-01 5.999146e-01 6.039510e-01 3.984765e+00 6.055299e-01 6.272733e-01 4.216161e-01 1.123786e-02 0.000000e+00 0.000000e+00 
0.000000e+00 0.000000e+00 2.361482e-02 4.333349e-01 6.114179e-01 6.154827e-01 4.298166e+00 6.171254e-01 6.389549e-01 4.333864e-01 2.365816e-02 0.000000e+00 0.000000e+00 
0.000000e+00 0.000000e+00 3.628653e-02 4.453599e-01 6.231853e-01 6.272782e-01 4.619920e+00 6.289849e-01 6.509004e-01 4.454194e-01 3.633774e-02 0.000000e+00 0.000000e+00 
0.000000e+00 0.000000e+00 4.921932e-02 4.576493e-01 6.352182e-01 6.393392e-01 4.950130e+00 6.411099e-01 6.631113e-01 4.577164e-01 4.927820e-02 0.000000e+00 0.000000e+00 
0.000000e+00 0.000000e+00 6.241819e-02 4.702080e-01 6.475216e-01 6.516705e-01 5.288775e+00 6.535053e-01 6.755924e-01 4.702825e-01 6.248454e-02 0.000000e+00 0.000000e+00 
0.000000e+00 0.000000e+00 7.588605e-02 4.830386e-01 6.600983e-01 6.642750e-01 5.635905e+00 6.661740e-01 6.883466e-01 4.831205e-01 7.595967e-02 0.000000e+00 0.000000e+00 
0.000000e+00 0.000000e+00 8.961483e-02 4.961333e-01 6.729401e-01 6.771445e-01 5.991860e+00 6.791078e-01 7.013659e-01 4.962222e-01 8.969553e-02 0.000000e+00 0.000000e+00 
0.000000e+00 0.000000e+00 1.036169e-01 5.095041e-01 6.860593e-01 6.902912e-01 6.356428e+00 6.923190e-01 7.146623e-01 5.095999e-01 1.037045e-01 0.000000e+00 0.000000e+00 
0.000000e+00 0.000000e+00 1.178943e-01 5.231532e-01 6.994578e-01 7.037171e-01 6.729680e+00 7.058095e-01 7.282380e-01 5.232557e-01 1.179886e-01 0.000000e+00 0.000000e+00 
0.000000e+00 0.000000e+00 1.324457e-01 5.370790e-01 7.131343e-01 7.174208e-01 7.111790e+00 7.195779e-01 7.420915e-01 5.371881e-01 1.325465e-01 0.000000e+00 0.000000e+00 
0.000000e+00 0.000000e+00 1.472801e-01 5.512907e-01 7.270976e-01 7.314112e-01 7.502627e+00 7.336333e-01 7.562318e-01 5.514061e-01 1.473874e-01 0.000000e+00 0.000000e+00 
0.000000e+00 0.000000e+00 1.623829e-01 5.657734e-01 7.413331e-01 7.456736e-01 7.902727e+00 7.479607e-01 7.706441e-01 5.658950e-01 1.624963e-01 0.000000e+00 0.000000e+00 
0.000000e+00 0.000000e+00 1.777695e-01 5.805425e-01 7.558559e-01 7.602234e-01 8.311778e+00 7.625756e-01 7.853438e-01 5.806702e-01 1.778890e-01 0.000000e+00 0.000000e+00 
0.000000e+00 0.000000e+00 1.934461e-01 5.956042e-01 7.706725e-01 7.750667e-01 8.729728e+00 7.774842e-01 8.003371e-01 5.957378e-01 1.935715e-01 0.000000e+00 0.000000e+00 
0.000000e+00 0.000000e+00 2.094167e-01 6.109625e-01 7.857866e-01 7.902074e-01 9.156595e+00 7.926904e-01 8.156279e-01 6.111018e-01 2.095478e-01 0.000000e+00 0.000000e+00 
0.000000e+00 0.000000e+00 2.256851e-01 6.266210e-01 8.012018e-01 8.056491e-01 9.592396e+00 8.081979e-01 8.312199e-01 6.267659e-01 2.258218e-01 0.000000e+00 0.000000e+00 
0.000000e+00 0.000000e+00 2.422463e-01 6.425749e-01 8.169134e-01 8.213871e-01 1.003739e+01 8.240017e-01 8.471082e-01 6.427252e-01 2.423885e-01 0.000000e+00 0.000000e+00 
0.000000e+00 0.000000e+00 2.590787e-01 6.588021e-01 8.328993e-01 8.373992e-01 1.049232e+01 8.400799e-01 8.632708e-01 6.589577e-01 2.592261e-01 0.000000e+00 0.000000e+00 
0.000000e+00 0.000000e+00 2.762178e-01 6.753386e-01 8.491953e-01 8.537213e-01 1.095630e+01 8.564683e-01 8.797435e-01 6.754993e-01 2.763704e-01 0.000000e+00 0.000000e+00 
0.000000e+00 0.000000e+00 2.936593e-01 6.921796e-01 8.657968e-01 8.703489e-01 1.142958e+01 8.731623e-01 8.965218e-01 6.923453e-01 2.938170e-01 0.000000e+00 0.000000e+00 
0.000000e+00 0.000000e+00 3.114027e-01 7.093247e-01 8.827033e-01 8.872812e-01 1.191228e+01 8.901613e-01 9.136051e-01 7.094953e-01 3.115652e-01 0.000000e+00 0.000000e+00 
0.000000e+00 0.000000e+00 3.294512e-01 7.267772e-01 8.999179e-01 9.045217e-01 1.240443e+01 9.074686e-01 9.309966e-01 7.269525e-01 3.296185e-01 0.000000e+00 0.000000e+00 
0.000000e+00 0.000000e+00 3.478096e-01 7.445417e-01 9.174455e-01 9.220749e-01 1.290601e+01 9.250889e-01 9.487010e-01 7.447216e-01 3.479815e-01 0.000000e+00 0.000000e+00 
0.000000e+00 0.000000e+00 3.664801e-01 7.626203e-01 9.352880e-01 9.399430e-01 1.341707e+01 9.430243e-01 9.667205e-01 7.628048e-01 3.666565e-01 0.000000e+00 0.000000e+00 
0.000000e+00 0.000000e+00 3.854652e-01 7.810157e-01 9.534481e-01 9.581285e-01 1.393766e+01 9.612774e-01 9.850577e-01 7.812045e-01 3.856460e-01 0.000000e+00 0.000000e+00 
0.000000e+00 0.000000e+00 4.047707e-01 7.997334e-01 9.719313e-01 9.766370e-01 1.446772e+01 9.798537e-01 1.003718e+00 7.999265e-01 4.049557e-01 0.000000e+00 0.000000e+00 
0.000000e+00 0.000000e+00 4.243891e-01 8.187661e-01 9.907302e-01 9.954612e-01 1.500754e+01 9.987459e-01 1.022694e+00 8.189633e-01 4.245783e-01 0.000000e+00 0.000000e+00 
0.000000e+00 0.000000e+00 4.443304e-01 8.381236e-01 1.009855e+00 1.014611e+00 1.555696e+01 1.017964e+00 1.041996e+00 8.383248e-01 4.445236e-01 0.000000e+00 0.000000e+00 
0.000000e+00 0.000000e+00 4.646001e-01 8.578113e-01 1.029310e+00 1.034091e+00 1.611595e+01 1.037513e+00 1.061629e+00 8.580165e-01 4.647972e-01 0.000000e+00 0.000000e+00 
0.000000e+00 0.000000e+00 4.852019e-01 8.778331e-01 1.049101e+00 1.053907e+00 1.668450e+01 1.057397e+00 1.081597e+00 8.780420e-01 4.854028e-01 0.000000e+00 0.000000e+00 
0.000000e+00 0.000000e+00 5.061322e-01 8.981852e-01 1.069222e+00 1.074053e+00 1.726273e+01 1.077612e+00 1.101896e+00 8.983979e-01 5.063369e-01 0.000000e+00 0.000000e+00 
0.000000e+00 0.000000e+00 0.000000e+00 3.639970e-01 5.419455e-01 5.459955e-01 2.281173e+00 5.473353e-01 5.691882e-01 3.639970e-01 0.000000e+00 0.000000e+00 0.000000e+00 
0.000000e+00 0.000000e+00 -3.440369e-02 3.737493e-01 5.513596e-01 5.554465e-01 2.808315e+00 5.568649e-01 5.788318e-01 3.737583e-01 -3.440297e-02 0.000000e+00 0.000000e+00 
0.000000e+00 0.000000e+00 -2.316290e-02 3.843269e-01 5.616717e-01 5.657881e-01 3.086301e+00 5.672731e-01 5.893279e-01 3.843450e-01 -2.315312e-02 0.000000e+00 0.000000e+00 
0.000000e+00 0.000000e+00 -1.167981e-02 3.951505e-01 5.722312e-01 5.763770e-01 3.372112e+00 5.779287e-01 6.000710e-01 3.951774e-01 -1.166120e-02 0.000000e+00 0.000000e+00 
0.000000e+00 0.000000e+00 4.909519e-05 4.062234e-01 5.830415e-01 5.872166e-01 3.665766e+00 5.888349e-01 6.110647e-01 4.062590e-01 7.628643e-05 0.000000e+00 0.000000e+00 
0.000000e+00 0.000000e+00 1.202732e-02 4.175492e-01 5.941059e-01 5.983102e-01 3.967283e+00 5.999953e-01 6.223123e-01 4.175931e-01 1.206287e-02 0.000000e+00 0.000000e+00 
0.000000e+00 0.000000e+00 2.425478e-02 4.291276e-01 6.054244e-01 6.096576e-01 4.276804e+00 6.114096e-01 6.338137e-01 4.291796e-01 2.429848e-02 0.000000e+00 0.000000e+00 
0.000000e+00 0.000000e+00 3.673367e-02 4.409608e-01 6.169989e-01 6.212609e-01 4.594395e+00 6.230799e-01 6.455709e-01 4.410207e-01 3.678529e-02 0.000000e+00 0.000000e+00 
0.000000e+00 0.000000e+00 4.946544e-02 4.530501e-01 6.288309e-01 6.331216e-01 4.920151e+00 6.350076e-01 6.575853e-01 4.531178e-01 4.952479e-02 0.000000e+00 0.000000e+00 
0.000000e+00 0.000000e+00 6.245486e-02 4.654003e-01 6.409250e-01 6.452441e-01 5.254052e+00 6.471973e-01 6.698616e-01 4.654754e-01 6.252172e-02 0.000000e+00 0.000000e+00 
0.000000e+00 0.000000e+00 7.570466e-02 4.780139e-01 6.532838e-01 6.576313e-01 5.596139e+00 6.596517e-01 6.824025e-01 4.780964e-01 7.577884e-02 0.000000e+00 0.000000e+00 
0.000000e+00 0.000000e+00 8.920697e-02 4.908831e-01 6.658993e-01 6.702750e-01 5.946737e+00 6.723628e-01 6.952000e-01 4.909727e-01 8.928828e-02 0.000000e+00 0.000000e+00 
0.000000e+00 0.000000e+00 1.029737e-01 5.040197e-01 6.787834e-01 6.831872e-01 6.305639e+00 6.853425e-01 7.082660e-01 5.041162e-01 1.030619e-01 0.000000e+00 0.000000e+00 
0.000000e+00 0.000000e+00 1.170067e-01 5.174254e-01 6.919379e-01 6.963696e-01 6.672909e+00 6.985925e-01 7.216021e-01 5.175287e-01 1.171017e-01 0.000000e+00 0.000000e+00 
0.000000e+00 0.000000e+00 1.313046e-01 5.310990e-01 7.053612e-01 7.098207e-01 7.048712e+00 7.121115e-01 7.352070e-01 5.312088e-01 1.314062e-01 0.000000e+00 0.000000e+00 
0.000000e+00 0.000000e+00 1.458762e-01 5.450489e-01 7.190621e-01 7.235492e-01 7.432917e+00 7.259079e-01 7.490894e-01 5.451651e-01 1.459841e-01 0.000000e+00 0.000000e+00 
0.000000e+00 0.000000e+00 1.607070e-01 5.592609e-01 7.330261e-01 7.375407e-01 7.826032e+00 7.399675e-01 7.632348e-01 5.593834e-01 1.608213e-01 0.000000e+00 0.000000e+00 
0.000000e+00 0.000000e+00 1.758122e-01 5.737498e-01 7.472680e-01 7.518100e-01 8.227758e+00 7.543051e-01 7.776581e-01 5.738783e-01 1.759325e-01 0.000000e+00 0.000000e+00 
0.000000e+00 0.000000e+00 1.911974e-01 5.885215e-01 7.617938e-01 7.663630e-01 8.638041e+00 7.689266e-01 7.923652e-01 5.886559e-01 1.913236e-01 0.000000e+00 0.000000e+00 
0.000000e+00 0.000000e+00 2.068666e-01 6.035796e-01 7.766070e-01 7.812034e-01 9.056894e+00 7.838355e-01 8.073597e-01 6.037198e-01 2.069986e-01 0.000000e+00 0.000000e+00 
0.000000e+00 0.000000e+00 2.228232e-01 6.189277e-01 7.917112e-01 7.963345e-01 9.484332e+00 7.990355e-01 8.226451e-01 6.190734e-01 2.229608e-01 0.000000e+00 0.000000e+00 
0.000000e+00 0.000000e+00 2.390626e-01 6.345609e-01 8.071015e-01 8.117517e-01 9.920593e+00 8.145216e-01 8.382167e-01 6.347121e-01 2.392056e-01 0.000000e+00 0.000000e+00 
0.000000e+00 0.000000e+00 2.555637e-01 6.504583e-01 8.227569e-01 8.274338e-01 1.036639e+01 8.302729e-01 8.540534e-01 6.506148e-01 2.557120e-01 0.000000e+00 0.000000e+00 
0.000000e+00 0.000000e+00 2.723607e-01 6.666540e-01 8.387116e-01 8.434150e-01 1.082086e+01 8.463235e-01 8.701893e-01 6.668156e-01 2.725141e-01 0.000000e+00 0.000000e+00 
0.000000e+00 0.000000e+00 2.894493e-01 6.831435e-01 8.549610e-01 8.596910e-01 1.128425e+01 8.626690e-01 8.866200e-01 6.833102e-01 2.896077e-01 0.000000e+00 0.000000e+00 
0.000000e+00 0.000000e+00 3.068290e-01 6.999264e-01 8.715047e-01 8.762610e-01 1.175667e+01 8.793089e-01 9.033450e-01 7.000979e-01 3.069923e-01 0.000000e+00 0.000000e+00 
0.000000e+00 0.000000e+00 3.245029e-01 7.170058e-01 8.883456e-01 8.931282e-01 1.223813e+01 8.962461e-01 9.203674e-01 7.171820e-01 3.246710e-01 0.000000e+00 0.000000e+00 
0.000000e+00 0.000000e+00 3.424755e-01 7.343859e-01 9.054883e-01 9.102970e-01 1.272862e+01 9.134852e-01 9.376915e-01 7.345668e-01 3.426482e-01 0.000000e+00 0.000000e+00 
0.000000e+00 0.000000e+00 3.607487e-01 7.520689e-01 9.229347e-01 9.277693e-01 1.322819e+01 9.310280e-01 9.553194e-01 7.522543e-01 3.609259e-01 0.000000e+00 0.000000e+00 
0.000000e+00 0.000000e+00 3.793251e-01 7.700571e-01 9.406871e-01 9.455475e-01 1.373687e+01 9.488770e-01 9.732535e-01 7.702469e-01 3.795067e-01 0.000000e+00 0.000000e+00 
0.000000e+00 0.000000e+00 3.982100e-01 7.883559e-01 9.587508e-01 9.636370e-01 1.425461e+01 9.670374e-01 9.914989e-01 7.885498e-01 3.983959e-01 0.000000e+00 0.000000e+00 
0.000000e+00 0.000000e+00 4.173963e-01 8.069580e-01 9.771187e-01 9.820306e-01 1.478166e+01 9.855022e-01 1.010049e+00 8.071561e-01 4.175863e-01 0.000000e+00 0.000000e+00 
0.000000e+00 0.000000e+00 4.368934e-01 8.258730e-01 9.958002e-01 1.000738e+00 1.531789e+01 1.004281e+00 1.028912e+00 8.260751e-01 4.370875e-01 0.000000e+00 0.000000e+00 
0.000000e+00 0.000000e+00 4.567066e-01 8.451058e-01 1.014800e+00 1.019763e+00 1.586324e+01 1.023378e+00 1.048094e+00 8.453118e-01 4.569045e-01 0.000000e+00 0.000000e+00 
0.000000e+00 0.000000e+00 4.768392e-01 8.646601e-01 1.034123e+00 1.039111e+00 1.641772e+01 1.042798e+00 1.067599e+00 8.648699e-01 4.770409e-01 0.000000e+00 0.000000e+00 
0.000000e+00 0.000000e+00 4.972878e-01 8.845322e-01 1.053764e+00 1.058777e+00 1.698143e+01 1.062536e+00 1.087422e+00 8.847457e-01 4.974932e-01 0.000000e+00 0.000000e+00 
0.000000e+00 0.000000e+00 0.000000e+00 3.607330e-01 5.368784e-01 5.410995e-01 2.290308e+00 5.425380e-01 5.649663e-01 3.607330e-01 0.000000e+00 0.000000e+00 0.000000e+00 
0.000000e+00 0.000000e+00 -3.289401e-02 3.703542e-01 5.461603e-01 5.504191e-01 2.811236e+00 5.519399e-01 5.744834e-01 3.703633e-01 -3.289328e-02 0.000000e+00 0.000000e+00 
0.000000e+00 0.000000e+00 -2.180453e-02 3.807820e-01 5.563217e-01 5.606107e-01 3.086282e+00 5.622013e-01 5.848335e-01 3.808003e-01 -2.179467e-02 0.000000e+00 0.000000e+00 
0.000000e+00 0.000000e+00 -1.048017e-02 3.914484e-01 5.667232e-01 5.710423e-01 3.368897e+00 5.727026e-01 5.954234e-01 3.914755e-01 -1.046142e-02 0.000000e+00 0.000000e+00 
0.000000e+00 0.000000e+00 1.082414e-03 4.023566e-01 5.773680e-01 5.817169e-01 3.659095e+00 5.834471e-01 6.062562e-01 4.023924e-01 1.109813e-03 0.000000e+00 0.000000e+00 
0.000000e+00 0.000000e+00 1.288653e-02 4.135098e-01 5.882592e-01 5.926378e-01 3.956893e+00 5.944380e-01 6.173352e-01 4.135541e-01 1.292235e-02 0.000000e+00 0.000000e+00 
0.000000e+00 0.000000e+00 2.493205e-02 4.249079e-01 5.993966e-01 6.038047e-01 4.262423e+00 6.056750e-01 6.286602e-01 4.249603e-01 2.497607e-02 0.000000e+00 0.000000e+00 
0.000000e+00 0.000000e+00 3.722100e-02 4.365528e-01 6.107821e-01 6.152196e-01 4.575746e+00 6.171600e-01 6.402331e-01 4.366132e-01 3.727299e-02 0.000000e+00 0.000000e+00 
0.000000e+00 0.000000e+00 4.975472e-02 4.484458e-01 6.224170e-01 6.268838e-01 4.896950e+00 6.288944e-01 6.520551e-01 4.485139e-01 4.981448e-02 0.000000e+00 0.000000e+00 
0.000000e+00 0.000000e+00 6.253775e-02 4.605912e-01 6.343057e-01 6.388015e-01 5.226012e+00 6.408825e-01 6.641308e-01 4.606669e-01 6.260507e-02 0.000000e+00 0.000000e+00 
0.000000e+00 0.000000e+00 7.557266e-02 4.729917e-01 6.464506e-01 6.509754e-01 5.562970e+00 6.531268e-01 6.764625e-01 4.730747e-01 7.564734e-02 0.000000e+00 0.000000e+00 
0.000000e+00 0.000000e+00 8.885178e-02 4.856394e-01 6.588441e-01 6.633976e-01 5.908129e+00 6.656196e-01 6.890426e-01 4.857296e-01 8.893362e-02 0.000000e+00 0.000000e+00 
0.000000e+00 0.000000e+00 1.023865e-01 4.985458e-01 6.714974e-01 6.760795e-01 6.261289e+00 6.783722e-01 7.018824e-01 4.986430e-01 1.024753e-01 0.000000e+00 0.000000e+00 
0.000000e+00 0.000000e+00 1.161787e-01 5.117125e-01 6.844122e-01 6.890227e-01 6.622511e+00 6.913863e-01 7.149835e-01 5.118164e-01 1.162743e-01 0.000000e+00 0.000000e+00 
0.000000e+00 0.000000e+00 1.302267e-01 5.251380e-01 6.975869e-01 7.022257e-01 6.991944e+00 7.046603e-01 7.283445e-01 5.252485e-01 1.303289e-01 0.000000e+00 0.000000e+00 
0.000000e+00 0.000000e+00 1.445391e-01 5.388307e-01 7.110299e-01 7.156969e-01 7.369463e+00 7.182026e-01 7.419737e-01 5.389476e-01 1.446478e-01 0.000000e+00 0.000000e+00 
0.000000e+00 0.000000e+00 1.591021e-01 5.527766e-01 7.247273e-01 7.294223e-01 7.755549e+00 7.319994e-01 7.558572e-01 5.528998e-01 1.592170e-01 0.000000e+00 0.000000e+00 
0.000000e+00 0.000000e+00 1.739298e-01 5.669900e-01 7.386933e-01 7.434161e-01 8.149910e+00 7.460647e-01 7.700091e-01 5.671193e-01 1.740508e-01 0.000000e+00 0.000000e+00 
0.000000e+00 0.000000e+00 1.890280e-01 5.814765e-01 7.529333e-01 7.576839e-01 8.552495e+00 7.604042e-01 7.844352e-01 5.816117e-01 1.891549e-01 0.000000e+00 0.000000e+00 
0.000000e+00 0.000000e+00 2.044001e-01 5.962396e-01 7.674510e-01 7.722291e-01 8.963313e+00 7.750213e-01 7.991388e-01 5.963805e-01 2.045328e-01 0.000000e+00 0.000000e+00 
0.000000e+00 0.000000e+00 2.200496e-01 6.112824e-01 7.822495e-01 7.870550e-01 9.382374e+00 7.899192e-01 8.141232e-01 6.114289e-01 2.201878e-01 0.000000e+00 0.000000e+00 
0.000000e+00 0.000000e+00 2.359718e-01 6.266005e-01 7.973241e-01 8.021570e-01 9.809899e+00 8.050935e-01 8.293837e-01 6.267524e-01 2.361155e-01 0.000000e+00 0.000000e+00 
0.000000e+00 0.000000e+00 2.521465e-01 6.421736e-01 8.126548e-01 8.175148e-01 1.024656e+01 8.205238e-01 8.449003e-01 6.423308e-01 2.522955e-01 0.000000e+00 0.000000e+00 
0.000000e+00 0.000000e+00 2.686065e-01 6.580342e-01 8.282740e-01 8.331610e-01 1.069154e+01 8.362427e-01 8.607054e-01 6.581966e-01 2.687606e-01 0.000000e+00 0.000000e+00 
0.000000e+00 0.000000e+00 2.853475e-01 6.741783e-01 8.441775e-01 8.490914e-01 1.114507e+01 8.522460e-01 8.767949e-01 6.743456e-01 2.855067e-01 0.000000e+00 0.000000e+00 
0.000000e+00 0.000000e+00 3.023691e-01 6.906051e-01 8.603647e-01 8.653055e-01 1.160724e+01 8.685331e-01 8.931682e-01 6.907774e-01 3.025331e-01 0.000000e+00 0.000000e+00 
0.000000e+00 0.000000e+00 3.196741e-01 7.073177e-01 8.768386e-01 8.818059e-01 1.207806e+01 8.851069e-01 9.098281e-01 7.074947e-01 3.198429e-01 0.000000e+00 0.000000e+00 
0.000000e+00 0.000000e+00 3.372669e-01 7.243202e-01 8.936032e-01 8.985970e-01 1.255752e+01 9.019716e-01 9.267789e-01 7.245018e-01 3.374403e-01 0.000000e+00 0.000000e+00 
0.000000e+00 0.000000e+00 3.551492e-01 7.416143e-01 9.106603e-01 9.156806e-01 1.304566e+01 9.191290e-01 9.440223e-01 7.418004e-01 3.553271e-01 0.000000e+00 0.000000e+00 
0.000000e+00 0.000000e+00 3.733233e-01 7.592025e-01 9.280123e-01 9.330588e-01 1.354251e+01 9.365813e-01 9.615606e-01 7.593929e-01 3.735056e-01 0.000000e+00 0.000000e+00 
0.000000e+00 0.000000e+00 3.917944e-01 7.770895e-01 9.456641e-01 9.507366e-01 1.404801e+01 9.543335e-01 9.793987e-01 7.772842e-01 3.919809e-01 0.000000e+00 0.000000e+00 
0.000000e+00 0.000000e+00 4.105555e-01 7.952687e-01 9.636088e-01 9.687073e-01 1.456240e+01 9.723788e-01 9.975300e-01 7.954675e-01 4.107462e-01 0.000000e+00 0.000000e+00 
0.000000e+00 0.000000e+00 4.296157e-01 8.137490e-01 9.818552e-01 9.869797e-01 1.508554e+01 9.907260e-01 1.015963e+00 8.139517e-01 4.298103e-01 0.000000e+00 0.000000e+00 
0.000000e+00 0.000000e+00 4.489798e-01 8.325350e-01 1.000408e+00 1.005559e+00 1.561740e+01 1.009380e+00 1.034703e+00 8.327416e-01 4.491783e-01 0.000000e+00 0.000000e+00 
0.000000e+00 0.000000e+00 4.686510e-01 8.516301e-01 1.019271e+00 1.024447e+00 1.615795e+01 1.028344e+00 1.053753e+00 8.518405e-01 4.688533e-01 0.000000e+00 0.000000e+00 
0.000000e+00 0.000000e+00 4.886260e-01 8.710310e-01 1.038441e+00 1.043642e+00 1.670729e+01 1.047615e+00 1.073110e+00 8.712450e-01 4.888320e-01 0.000000e+00 0.000000e+00 
0.000000e+00 0.000000e+00 0.000000e+00 3.574458e-01 5.317697e-01 5.361687e-01 2.304506e+00 5.377123e-01 5.607240e-01 3.574458e-01 0.000000e+00 0.000000e+00 0.000000e+00 
0.000000e+00 0.000000e+00 -3.137859e-02 3.669379e-01 5.409216e-01 5.453591e-01 2.818968e+00 5.469889e-01 5.701169e-01 3.669471e-01 -3.137785e-02 0.000000e+00 0.000000e+00 
0.000000e+00 0.000000e+00 -2.043903e-02 3.772180e-01 5.509346e-01 5.554030e-01 3.090964e+00 5.571058e-01 5.803235e-01 3.772364e-01 -2.042910e-02 0.000000e+00 0.000000e+00 
0.000000e+00 0.000000e+00 -9.271920e-03 3.877293e-01 5.611804e-01 5.656794e-01 3.370277e+00 5.674554e-01 5.907624e-01 3.877566e-01 -9.253043e-03 0.000000e+00 0.000000e+00 
0.000000e+00 0.000000e+00 2.125889e-03 3.984749e-01 5.716619e-01 5.761914e-01 3.656918e+00 5.780406e-01 6.014369e-01 3.985110e-01 2.153472e-03 0.000000e+00 0.000000e+00 
0.000000e+00 0.000000e+00 1.375754e-02 4.094579e-01 5.823823e-01 5.869421e-01 3.950901e+00 5.888646e-01 6.123499e-01 4.095024e-01 1.379360e-02 0.000000e+00 0.000000e+00 
0.000000e+00 0.000000e+00 2.562284e-02 4.206780e-01 5.933412e-01 5.979311e-01 4.252350e+00 5.999269e-01 6.235011e-01 4.207308e-01 2.566714e-02 0.000000e+00 0.000000e+00 
0.000000e+00 0.000000e+00 3.772367e-02 4.321371e-01 6.045403e-01 6.091602e-01 4.561320e+00 6.112294e-01 6.348924e-01 4.321978e-01 3.777599e-02 0.000000e+00 0.000000e+00 
0.000000e+00 0.000000e+00 5.006127e-02 4.438362e-01 6.159808e-01 6.206305e-01 4.877891e+00 6.227733e-01 6.465249e-01 4.439047e-01 5.012139e-02 0.000000e+00 0.000000e+00 
0.000000e+00 0.000000e+00 6.263996e-02 4.557796e-01 6.276670e-01 6.323463e-01 5.202041e+00 6.345627e-01 6.584028e-01 4.558557e-01 6.270768e-02 0.000000e+00 0.000000e+00 
0.000000e+00 0.000000e+00 7.546214e-02 4.679697e-01 6.396011e-01 6.443098e-01 5.533801e+00 6.466001e-01 6.705284e-01 4.680532e-01 7.553725e-02 0.000000e+00 0.000000e+00 
0.000000e+00 0.000000e+00 8.852036e-02 4.803989e-01 6.517755e-01 6.565135e-01 5.873459e+00 6.588777e-01 6.828942e-01 4.804895e-01 8.860266e-02 0.000000e+00 0.000000e+00 
0.000000e+00 0.000000e+00 1.018256e-01 4.930781e-01 6.642011e-01 6.689683e-01 6.220823e+00 6.714066e-01 6.955111e-01 4.931757e-01 1.019149e-01 0.000000e+00 0.000000e+00 
0.000000e+00 0.000000e+00 1.153794e-01 5.060088e-01 6.768796e-01 6.816756e-01 6.575946e+00 6.841882e-01 7.083807e-01 5.061133e-01 1.154755e-01 0.000000e+00 0.000000e+00 
0.000000e+00 0.000000e+00 1.291804e-01 5.191896e-01 6.898092e-01 6.946341e-01 6.938969e+00 6.972210e-01 7.215013e-01 5.193007e-01 1.292831e-01 0.000000e+00 0.000000e+00 
0.000000e+00 0.000000e+00 1.432365e-01 5.326284e-01 7.029979e-01 7.078514e-01 7.309768e+00 7.105129e-01 7.348810e-01 5.327459e-01 1.433456e-01 0.000000e+00 0.000000e+00 
0.000000e+00 0.000000e+00 1.575345e-01 5.463119e-01 7.164325e-01 7.213145e-01 7.688796e+00 7.240506e-01 7.485064e-01 5.464356e-01 1.576499e-01 0.000000e+00 0.000000e+00 
0.000000e+00 0.000000e+00 1.720881e-01 5.602536e-01 7.301263e-01 7.350367e-01 8.075775e+00 7.378477e-01 7.623911e-01 5.603834e-01 1.722096e-01 0.000000e+00 0.000000e+00 
0.000000e+00 0.000000e+00 1.869025e-01 5.744588e-01 7.440848e-01 7.490233e-01 8.470652e+00 7.519095e-01 7.765403e-01 5.745946e-01 1.870300e-01 0.000000e+00 0.000000e+00 
0.000000e+00 0.000000e+00 2.019812e-01 5.889309e-01 7.583111e-01 7.632777e-01 8.873431e+00 7.662391e-01 7.909573e-01 5.890724e-01 2.021144e-01 0.000000e+00 0.000000e+00 
0.000000e+00 0.000000e+00 2.173272e-01 6.036728e-01 7.728083e-01 7.778028e-01 9.284120e+00 7.808397e-01 8.056452e-01 6.038199e-01 2.174660e-01 0.000000e+00 0.000000e+00 
0.000000e+00 0.000000e+00 2.329361e-01 6.186802e-01 7.875720e-01 7.925942e-01 9.702924e+00 7.957068e-01 8.205996e-01 6.188327e-01 2.330804e-01 0.000000e+00 0.000000e+00 
0.000000e+00 0.000000e+00 2.487887e-01 6.339336e-01 8.025827e-01 8.076325e-01 1.013047e+01 8.108210e-01 8.358010e-01 6.340914e-01 2.489382e-01 0.000000e+00 0.000000e+00 
0.000000e+00 0.000000e+00 2.649159e-01 6.494641e-01 8.178715e-01 8.229487e-01 1.056600e+01 8.262134e-01 8.512805e-01 6.496271e-01 2.650707e-01 0.000000e+00 0.000000e+00 
0.000000e+00 0.000000e+00 2.813140e-01 6.652677e-01 8.334343e-01 8.385389e-01 1.100970e+01 8.418799e-01 8.670341e-01 6.654357e-01 2.814737e-01 0.000000e+00 0.000000e+00 
0.000000e+00 0.000000e+00 2.979822e-01 6.813439e-01 8.492706e-01 8.544023e-01 1.146167e+01 8.578199e-01 8.830612e-01 6.815167e-01 2.981468e-01 0.000000e+00 0.000000e+00 
0.000000e+00 0.000000e+00 3.149234e-01 6.976952e-01 8.653830e-01 8.705417e-01 1.192193e+01 8.740361e-01 8.993645e-01 6.978728e-01 3.150928e-01 0.000000e+00 0.000000e+00 
0.000000e+00 0.000000e+00 3.321416e-01 7.143258e-01 8.817755e-01 8.869611e-01 1.239043e+01 8.905325e-01 9.159479e-01 7.145079e-01 3.323155e-01 0.000000e+00 0.000000e+00 
0.000000e+00 0.000000e+00 3.496384e-01 7.312371e-01 8.984496e-01 9.036620e-01 1.286723e+01 9.073107e-01 9.328131e-01 7.314237e-01 3.498168e-01 0.000000e+00 0.000000e+00 
0.000000e+00 0.000000e+00 3.674160e-01 7.484314e-01 9.154076e-01 9.206465e-01 1.335234e+01 9.243729e-01 9.499622e-01 7.486223e-01 3.675988e-01 0.000000e+00 0.000000e+00 
0.000000e+00 0.000000e+00 3.854792e-01 7.659133e-01 9.326540e-01 9.379194e-01 1.384572e+01 9.417236e-01 9.673999e-01 7.661084e-01 3.856662e-01 0.000000e+00 0.000000e+00 
0.000000e+00 0.000000e+00 4.038215e-01 7.836763e-01 9.501823e-01 9.554741e-01 1.434757e+01 9.593565e-01 9.851196e-01 7.838755e-01 4.040126e-01 0.000000e+00 0.000000e+00 
0.000000e+00 0.000000e+00 4.224513e-01 8.017288e-01 9.680010e-01 9.733190e-01 1.485777e+01 9.772797e-01 1.003130e+00 8.019320e-01 4.226463e-01 0.000000e+00 0.000000e+00 
0.000000e+00 0.000000e+00 4.413731e-01 8.200754e-01 9.861145e-01 9.914586e-01 1.537626e+01 9.954980e-01 1.021435e+00 8.202824e-01 4.415720e-01 0.000000e+00 0.000000e+00 
0.000000e+00 0.000000e+00 4.605901e-01 8.387190e-01 1.004526e+00 1.009896e+00 1.590305e+01 1.014014e+00 1.040038e+00 8.389298e-01 4.607928e-01 0.000000e+00 0.000000e+00 
0.000000e+00 0.000000e+00 4.800989e-01 8.576564e-01 1.023232e+00 1.028628e+00 1.643820e+01 1.032825e+00 1.058936e+00 8.578708e-01 4.803052e-01 0.000000e+00 0.000000e+00 
0.000000e+00 0.000000e+00 0.000000e+00 3.541388e-01 5.266243e-01 5.312082e-01 2.323248e+00 5.328640e-01 5.564666e-01 3.541388e-01 0.000000e+00 0.000000e+00 0.000000e+00 
0.000000e+00 0.000000e+00 -2.986054e-02 3.635037e-01 5.356481e-01 5.402714e-01 2.831008e+00 5.420176e-01 5.657376e-01 3.635130e-01 -2.985980e-02 0.000000e+00 0.000000e+00 
0.000000e+00 0.000000e+00 -1.906965e-02 3.736378e-01 5.455148e-01 5.501696e-01 3.099850e+00 5.519922e-01 5.758026e-01 3.736564e-01 -1.905966e-02 0.000000e+00 0.000000e+00 
0.000000e+00 0.000000e+00 -8.058466e-03 3.839960e-01 5.556070e-01 5.602930e-01 3.375762e+00 5.621922e-01 5.860929e-01 3.840235e-01 -8.039476e-03 0.000000e+00 0.000000e+00 
0.000000e+00 0.000000e+00 3.175981e-03 3.945811e-01 5.659275e-01 5.706447e-01 3.658752e+00 5.726205e-01 5.966113e-01 3.946173e-01 3.203724e-03 0.000000e+00 0.000000e+00 
0.000000e+00 0.000000e+00 1.463666e-02 4.053959e-01 5.764793e-01 5.812273e-01 3.948831e+00 5.832799e-01 6.073607e-01 4.054407e-01 1.467292e-02 0.000000e+00 0.000000e+00 
0.000000e+00 0.000000e+00 2.632333e-02 4.164402e-01 5.872620e-01 5.920407e-01 4.246114e+00 5.941701e-01 6.183406e-01 4.164932e-01 2.636787e-02 0.000000e+00 0.000000e+00 
0.000000e+00 0.000000e+00 3.823774e-02 4.277157e-01 5.982772e-01 6.030864e-01 4.550651e+00 6.052927e-01 6.295528e-01 4.277767e-01 3.829034e-02 0.000000e+00 0.000000e+00 
0.000000e+00 0.000000e+00 5.038103e-02 4.392233e-01 6.095259e-01 6.143654e-01 4.862517e+00 6.166488e-01 6.409984e-01 4.392922e-01 5.044146e-02 0.000000e+00 0.000000e+00 
0.000000e+00 0.000000e+00 6.275730e-02 4.509672e-01 6.210121e-01 6.258818e-01 5.181686e+00 6.282424e-01 6.526813e-01 4.510437e-01 6.282535e-02 0.000000e+00 0.000000e+00 
0.000000e+00 0.000000e+00 7.536880e-02 4.629495e-01 6.327381e-01 6.376378e-01 5.508186e+00 6.400756e-01 6.646037e-01 4.630334e-01 7.544427e-02 0.000000e+00 0.000000e+00 
0.000000e+00 0.000000e+00 8.820829e-02 4.751628e-01 6.446964e-01 6.496259e-01 5.842288e+00 6.521412e-01 6.767583e-01 4.752539e-01 8.829097e-02 0.000000e+00 0.000000e+00 
0.000000e+00 0.000000e+00 1.012863e-01 4.876177e-01 6.568974e-01 6.618565e-01 6.183807e+00 6.644494e-01 6.891555e-01 4.877158e-01 1.013760e-01 0.000000e+00 0.000000e+00 
0.000000e+00 0.000000e+00 1.146042e-01 5.003156e-01 6.693426e-01 6.743312e-01 6.532789e+00 6.770019e-01 7.017967e-01 5.004205e-01 1.147007e-01 0.000000e+00 0.000000e+00 
0.000000e+00 0.000000e+00 1.281607e-01 5.132548e-01 6.820304e-01 6.870483e-01 6.889365e+00 6.897968e-01 7.146805e-01 5.133663e-01 1.282638e-01 0.000000e+00 0.000000e+00 
0.000000e+00 0.000000e+00 1.419633e-01 5.264430e-01 6.949684e-01 7.000154e-01 7.253416e+00 7.028420e-01 7.278142e-01 5.265610e-01 1.420729e-01 0.000000e+00 0.000000e+00 
0.000000e+00 0.000000e+00 1.559994e-01 5.398675e-01 7.081437e-01 7.132196e-01 7.625366e+00 7.161245e-01 7.411853e-01 5.399917e-01 1.561152e-01 0.000000e+00 0.000000e+00 
0.000000e+00 0.000000e+00 1.702818e-01 5.535411e-01 7.215692e-01 7.266739e-01 8.004949e+00 7.296573e-01 7.548065e-01 5.536714e-01 1.704038e-01 0.000000e+00 0.000000e+00 
0.000000e+00 0.000000e+00 1.848158e-01 5.674689e-01 7.352500e-01 7.403834e-01 8.392112e+00 7.434454e-01 7.686830e-01 5.676051e-01 1.849437e-01 0.000000e+00 0.000000e+00 
0.000000e+00 0.000000e+00 1.996044e-01 5.816539e-01 7.491891e-01 7.543510e-01 8.786855e+00 7.574918e-01 7.828177e-01 5.817958e-01 1.997381e-01 0.000000e+00 0.000000e+00 
0.000000e+00 0.000000e+00 2.146506e-01 5.960990e-01 7.633895e-01 7.685796e-01 9.189182e+00 7.717995e-01 7.972136e-01 5.962466e-01 2.147899e-01 0.000000e+00 0.000000e+00 
0.000000e+00 0.000000e+00 2.299502e-01 6.108001e-01 7.778466e-01 7.830649e-01 9.599285e+00 7.863641e-01 8.118664e-01 6.109530e-01 2.300949e-01 0.000000e+00 0.000000e+00 
0.000000e+00 0.000000e+00 2.454846e-01 6.257384e-01 7.925421e-01 7.977884e-01 1.001775e+01 8.011671e-01 8.267575e-01 6.258966e-01 2.456346e-01 0.000000e+00 0.000000e+00 
0.000000e+00 0.000000e+00 2.612834e-01 6.409435e-01 8.075054e-01 8.127795e-01 1.044386e+01 8.162379e-01 8.419164e-01 6.411069e-01 2.614385e-01 0.000000e+00 0.000000e+00 
0.000000e+00 0.000000e+00 2.773428e-01 6.564117e-01 8.227326e-01 8.280345e-01 1.087779e+01 8.315728e-01 8.573393e-01 6.565800e-01 2.775030e-01 0.000000e+00 0.000000e+00 
0.000000e+00 0.000000e+00 2.936624e-01 6.721422e-01 8.382233e-01 8.435526e-01 1.131962e+01 8.471712e-01 8.730257e-01 6.723154e-01 2.938274e-01 0.000000e+00 0.000000e+00 
0.000000e+00 0.000000e+00 3.102447e-01 6.881377e-01 8.539797e-01 8.593365e-01 1.176937e+01 8.630355e-01 8.889779e-01 6.883157e-01 3.104144e-01 0.000000e+00 0.000000e+00 
0.000000e+00 0.000000e+00 3.270934e-01 7.044019e-01 8.700058e-01 8.753898e-01 1.222700e+01 8.791696e-01 9.051999e-01 7.045844e-01 3.272677e-01 0.000000e+00 0.000000e+00 
0.000000e+00 0.000000e+00 3.442102e-01 7.209363e-01 8.863030e-01 8.917141e-01 1.269255e+01 8.955748e-01 9.216930e-01 7.211232e-01 3.443889e-01 0.000000e+00 0.000000e+00 
0.000000e+00 0.000000e+00 3.615969e-01 7.377429e-01 9.028732e-01 9.083112e-01 1.316603e+01 9.122532e-01 9.384593e-01 7.379341e-01 3.617800e-01 0.000000e+00 0.000000e+00 
0.000000e+00 0.000000e+00 3.792582e-01 7.548260e-01 9.197208e-01 9.251857e-01 1.364739e+01 9.292092e-01 9.555031e-01 7.550214e-01 3.794455e-01 0.000000e+00 0.000000e+00 
0.000000e+00 0.000000e+00 3.971877e-01 7.721795e-01 9.368396e-01 9.423311e-01 1.413683e+01 9.464364e-01 9.728182e-01 7.723789e-01 3.973791e-01 0.000000e+00 0.000000e+00 
0.000000e+00 0.000000e+00 4.153935e-01 7.898112e-01 9.542375e-01 9.597555e-01 1.463421e+01 9.639429e-01 9.904125e-01 7.900146e-01 4.155888e-01 0.000000e+00 0.000000e+00 
0.000000e+00 0.000000e+00 4.338798e-01 8.077254e-01 9.719187e-01 9.774631e-01 1.513950e+01 9.817329e-01 1.008290e+00 8.079327e-01 4.340789e-01 0.000000e+00 0.000000e+00 
0.000000e+00 0.000000e+00 4.526496e-01 8.259250e-01 9.898861e-01 9.954567e-01 1.565268e+01 9.998092e-01 1.026454e+00 8.261360e-01 4.528524e-01 0.000000e+00 0.000000e+00 
0.000000e+00 0.000000e+00 4.716995e-01 8.444067e-01 1.008136e+00 1.013733e+00 1.617382e+01 1.018169e+00 1.044902e+00 8.446213e-01 4.719059e-01 0.000000e+00 0.000000e+00 
0.000000e+00 0.000000e+00 0.000000e+00 3.508153e-01 5.214467e-01 5.262229e-01 2.346073e+00 5.279988e-01 5.521992e-01 3.508153e-01 0.000000e+00 0.000000e+00 0.000000e+00 
0.000000e+00 0.000000e+00 -2.834259e-02 3.600545e-01 5.303444e-01 5.351608e-01 2.846912e+00 5.370314e-01 5.613502e-01 3.600639e-01 -2.834185e-02 0.000000e+00 0.000000e+00 
0.000000e+00 0.000000e+00 -1.769923e-02 3.700445e-01 5.400665e-01 5.449151e-01 3.112503e+00 5.468658e-01 5.712758e-01 3.700631e-01 -1.768919e-02 0.000000e+00 0.000000e+00 
0.000000e+00 0.000000e+00 -6.842761e-03 3.802513e-01 5.500071e-01 5.548875e-01 3.384920e+00 5.569184e-01 5.814195e-01 3.802789e-01 -6.823677e-03 0.000000e+00 0.000000e+00 
0.000000e+00 0.000000e+00 4.229620e-03 3.906777e-01 5.601687e-01 5.650807e-01 3.664171e+00 5.671919e-01 5.917839e-01 3.907141e-01 4.257496e-03 0.000000e+00 0.000000e+00 
0.000000e+00 0.000000e+00 1.552072e-02 4.013263e-01 5.705540e-01 5.754975e-01 3.950262e+00 5.776890e-01 6.023718e-01 4.013712e-01 1.555715e-02 0.000000e+00 0.000000e+00 
0.000000e+00 0.000000e+00 2.703024e-02 4.121968e-01 5.811627e-01 5.861374e-01 4.243300e+00 5.884094e-01 6.131828e-01 4.122501e-01 2.707498e-02 0.000000e+00 0.000000e+00 
0.000000e+00 0.000000e+00 3.875982e-02 4.232908e-01 5.919962e-01 5.970020e-01 4.543332e+00 5.993546e-01 6.242184e-01 4.233522e-01 3.881264e-02 0.000000e+00 0.000000e+00 
0.000000e+00 0.000000e+00 5.071051e-02 4.346093e-01 6.030555e-01 6.080921e-01 4.850425e+00 6.105254e-01 6.354796e-01 4.346784e-01 5.077119e-02 0.000000e+00 0.000000e+00 
0.000000e+00 0.000000e+00 6.288618e-02 4.461560e-01 6.143444e-01 6.194117e-01 5.164551e+00 6.219258e-01 6.469701e-01 4.462327e-01 6.295450e-02 0.000000e+00 0.000000e+00 
0.000000e+00 0.000000e+00 7.528896e-02 4.579329e-01 6.258649e-01 6.309626e-01 5.485735e+00 6.335577e-01 6.586921e-01 4.580171e-01 7.536471e-02 0.000000e+00 0.000000e+00 
0.000000e+00 0.000000e+00 8.791179e-02 4.699330e-01 6.376098e-01 6.427379e-01 5.814232e+00 6.454141e-01 6.706383e-01 4.700245e-01 8.799477e-02 0.000000e+00 0.000000e+00 
0.000000e+00 0.000000e+00 1.007648e-01 4.821663e-01 6.495891e-01 6.547473e-01 6.149861e+00 6.575048e-01 6.828189e-01 4.822648e-01 1.008548e-01 0.000000e+00 0.000000e+00 
0.000000e+00 0.000000e+00 1.138492e-01 4.946341e-01 6.618042e-01 6.669923e-01 6.492665e+00 6.698312e-01 6.952350e-01 4.947394e-01 1.139460e-01 0.000000e+00 0.000000e+00 
0.000000e+00 0.000000e+00 1.271637e-01 5.073348e-01 6.742533e-01 6.794712e-01 6.842765e+00 6.823917e-01 7.078850e-01 5.074467e-01 1.272672e-01 0.000000e+00 0.000000e+00 
0.000000e+00 0.000000e+00 1.407155e-01 5.202757e-01 6.869438e-01 6.921913e-01 7.200044e+00 6.951936e-01 7.207764e-01 5.203940e-01 1.408254e-01 0.000000e+00 0.000000e+00 
0.000000e+00 0.000000e+00 1.544924e-01 5.334445e-01 6.998634e-01 7.051402e-01 7.564901e+00 7.082245e-01 7.338967e-01 5.335690e-01 1.546085e-01 0.000000e+00 0.000000e+00 
0.000000e+00 0.000000e+00 1.685067e-01 5.468534e-01 7.130242e-01 7.183303e-01 7.937081e+00 7.214967e-01 7.472583e-01 5.469841e-01 1.686290e-01 0.000000e+00 0.000000e+00 
0.000000e+00 0.000000e+00 1.827634e-01 5.605074e-01 7.264312e-01 7.317663e-01 8.316529e+00 7.350151e-01 7.608659e-01 5.606439e-01 1.828916e-01 0.000000e+00 0.000000e+00 
0.000000e+00 0