    1   'Auv'    1.000000    0.000000
    2   'Ag'    1.000000    0.000000
    3   'Adv'    1.000000    0.000000
    4   'Bg'   -0.061953    0.000620
    5   'Dubar'    1.548098    0.015481
    6   'Agp'    0.073110    0.000000
    7   'Aubar'    0.161300    0.000000
    8   'Cs'    9.586246    0.095862
    9   'Bgp'   -0.383100    0.000000
   10   'Cg'    5.562367    0.550000
   11   'Cgp'   25.000000    0.000000
   12   'Duv'    0.000000    0.000000
   13   'Bubar'   -0.127300    0.000000
   14   'Euv'    9.921366    0.000000
   15   'Bdv'    1.029995    0.000000
   16   'Buv'    0.810476    0.000000
   17   'Cuv'    4.823512    0.000000
   18   'Cubar'    7.059694    0.000000
   19   'Bdbar'   -0.127300    0.000000
   20   'Adbar'    0.161300    0.000000
   21   'Cdv'    4.846279    0.048463
   22   'Cdbar'    9.586246    0.000000
   23   'As'    0.107500    0.001075
   24   'ZERO'    0.000000    0.000000
   25   'Bs'   -0.127300    0.001273
