    1   'Ag'    1.000000    0.000000
    2   'As'    1.075145    0.042872
    3   'Av'    1.000000    0.000000
    4   'ZERO'    0.000000    0.000000
    5   'delBg'    0.368268    0.276314
    6   'delBs'    0.061246    0.028254
    7   'delBv'   -0.332275    0.008054
    8   'delCg'    7.859412    0.030130
    9   'delCs'   -4.301010    0.085380
   10   'delCv'   -0.344267    0.014408
   11   'delDg'    0.000000    0.000000
   12   'delDs'    0.000000    0.000000
   13   'delDv'    0.000000    0.000000
   14   'delEg'   -3.347211    0.622784
   15   'delEs'    0.428372    0.408717
   16   'delEv'   -0.248875    0.012903
   17   'delFg'    0.000000    0.000000
   18   'delFs'    0.625397    0.192096
   19   'delFv'    0.104190    0.010753
   20   'delGs'    0.000000    0.000000
   21   'delGv'    0.000000    0.000000
   22   'gifl'    0.000000    0.000000
   23   'sifl'    1.000000    0.000000
   24   'vifl'    2.000000    0.000000
