           4
          61
 NC cross section HERA-I H1-ZEUS combined e-p.                                   
 x           Q2          y              data      +- uncor     +- tot     th orig         th mod     pull    iset
 0.32000E-02 0.15000E+03 0.46319E+00 0.12045E+01 0.54202E-01 0.53238E-01 0.12314E+01 0.12314E+01 -.49626E+00   61
 0.50000E-02 0.15000E+03 0.29644E+00 0.11374E+01 0.48363E-01 0.50388E-01 0.10801E+01 0.10801E+01 0.11837E+01   61
 0.80000E-02 0.15000E+03 0.18528E+00 0.94902E+00 0.71195E-01 0.72631E-01 0.92704E+00 0.92704E+00 0.30867E+00   61
 0.32000E-02 0.20000E+03 0.61759E+00 0.12726E+01 0.72476E-01 0.73417E-01 0.12509E+01 0.12509E+01 0.30059E+00   61
 0.50000E-02 0.20000E+03 0.39526E+00 0.11290E+01 0.31929E-01 0.32250E-01 0.11136E+01 0.11136E+01 0.48127E+00   61
 0.80000E-02 0.20000E+03 0.24704E+00 0.93987E+00 0.26226E-01 0.25895E-01 0.95686E+00 0.95686E+00 -.64814E+00   61
 0.13000E-01 0.20000E+03 0.15202E+00 0.82642E+00 0.23146E-01 0.23491E-01 0.80931E+00 0.80931E+00 0.73919E+00   61
 0.20000E-01 0.20000E+03 0.98814E-01 0.70672E+00 0.23475E-01 0.23704E-01 0.69682E+00 0.69682E+00 0.42179E+00   61
 0.32000E-01 0.20000E+03 0.61759E-01 0.58106E+00 0.21341E-01 0.21050E-01 0.59300E+00 0.59300E+00 -.55958E+00   61
 0.50000E-01 0.20000E+03 0.39526E-01 0.49950E+00 0.17721E-01 0.17455E-01 0.51112E+00 0.51112E+00 -.65590E+00   61
 0.80000E-01 0.20000E+03 0.24704E-01 0.41878E+00 0.14543E-01 0.14080E-01 0.43891E+00 0.43891E+00 -.13839E+01   61
 0.50000E-02 0.25000E+03 0.49407E+00 0.11174E+01 0.41170E-01 0.40779E-01 0.11325E+01 0.11325E+01 -.36810E+00   61
 0.80000E-02 0.25000E+03 0.30879E+00 0.99432E+00 0.31114E-01 0.31483E-01 0.97800E+00 0.97800E+00 0.52442E+00   61
 0.13000E-01 0.25000E+03 0.19003E+00 0.84389E+00 0.26560E-01 0.26962E-01 0.82588E+00 0.82588E+00 0.67809E+00   61
 0.20000E-01 0.25000E+03 0.12352E+00 0.69690E+00 0.24104E-01 0.23826E-01 0.70882E+00 0.70882E+00 -.49456E+00   61
 0.32000E-01 0.25000E+03 0.77199E-01 0.59781E+00 0.21447E-01 0.21379E-01 0.60062E+00 0.60062E+00 -.13109E+00   61
 0.50000E-01 0.25000E+03 0.49407E-01 0.51067E+00 0.17961E-01 0.17853E-01 0.51533E+00 0.51533E+00 -.25933E+00   61
 0.80000E-01 0.25000E+03 0.30879E-01 0.42802E+00 0.15433E-01 0.15131E-01 0.44024E+00 0.44024E+00 -.79143E+00   61
 0.13000E+00 0.25000E+03 0.19003E-01 0.31660E+00 0.27090E-01 0.23972E-01 0.37115E+00 0.37115E+00 -.20139E+01   61
 0.25000E+00 0.25000E+03 0.98814E-02 0.23125E+00 0.29685E-01 0.26620E-01 0.26492E+00 0.26492E+00 -.11345E+01   61
 0.40000E+00 0.25000E+03 0.61759E-02 0.14048E+00 0.16989E-01 0.16253E-01 0.14985E+00 0.14985E+00 -.55149E+00   61
 0.50000E-02 0.30000E+03 0.59289E+00 0.11528E+01 0.80619E-01 0.81225E-01 0.11402E+01 0.11402E+01 0.15595E+00   61
 0.80000E-02 0.30000E+03 0.37055E+00 0.10013E+01 0.36169E-01 0.36365E-01 0.99330E+00 0.99330E+00 0.22085E+00   61
 0.13000E-01 0.30000E+03 0.22803E+00 0.85638E+00 0.28827E-01 0.29232E-01 0.83885E+00 0.83885E+00 0.60791E+00   61
 0.20000E-01 0.30000E+03 0.14822E+00 0.72498E+00 0.26819E-01 0.26982E-01 0.71836E+00 0.71836E+00 0.24681E+00   61
 0.32000E-01 0.30000E+03 0.92638E-01 0.59213E+00 0.23032E-01 0.22665E-01 0.60670E+00 0.60670E+00 -.63253E+00   61
 0.50000E-01 0.30000E+03 0.59289E-01 0.52111E+00 0.19986E-01 0.20047E-01 0.51868E+00 0.51868E+00 0.12175E+00   61
 0.80000E-01 0.30000E+03 0.37055E-01 0.42580E+00 0.15752E-01 0.15397E-01 0.44129E+00 0.44129E+00 -.98362E+00   61
 0.13000E+00 0.30000E+03 0.22803E-01 0.33599E+00 0.31766E-01 0.29332E-01 0.37044E+00 0.37044E+00 -.10844E+01   61
 0.25000E+00 0.30000E+03 0.11858E-01 0.28707E+00 0.31520E-01 0.33944E-01 0.26258E+00 0.26258E+00 0.77707E+00   61
 0.40000E+00 0.30000E+03 0.74111E-02 0.14566E+00 0.20123E-01 0.19955E-01 0.14736E+00 0.14736E+00 -.84236E-01   61
 0.80000E-02 0.40000E+03 0.49407E+00 0.10427E+01 0.40273E-01 0.41082E-01 0.10115E+01 0.10115E+01 0.77519E+00   61
 0.13000E-01 0.40000E+03 0.30404E+00 0.86844E+00 0.38642E-01 0.38966E-01 0.85793E+00 0.85793E+00 0.27200E+00   61
 0.20000E-01 0.40000E+03 0.19763E+00 0.71851E+00 0.31719E-01 0.31313E-01 0.73298E+00 0.73298E+00 -.45620E+00   61
 0.32000E-01 0.40000E+03 0.12352E+00 0.59137E+00 0.26260E-01 0.25572E-01 0.61612E+00 0.61612E+00 -.94240E+00   61
 0.50000E-01 0.40000E+03 0.79051E-01 0.51062E+00 0.21247E-01 0.20907E-01 0.52390E+00 0.52390E+00 -.62503E+00   61
 0.80000E-01 0.40000E+03 0.49407E-01 0.43479E+00 0.19051E-01 0.18827E-01 0.44305E+00 0.44305E+00 -.43381E+00   61
 0.13000E+00 0.40000E+03 0.30404E-01 0.37640E+00 0.16706E-01 0.16903E-01 0.36940E+00 0.36940E+00 0.41888E+00   61
 0.25000E+00 0.40000E+03 0.15810E-01 0.26775E+00 0.15370E-01 0.15720E-01 0.25907E+00 0.25907E+00 0.56432E+00   61
 0.40000E+00 0.40000E+03 0.98814E-02 0.14723E+00 0.18909E-01 0.19223E-01 0.14364E+00 0.14364E+00 0.18993E+00   61
 0.80000E-02 0.50000E+03 0.61759E+00 0.10424E+01 0.94607E-01 0.96115E-01 0.10169E+01 0.10169E+01 0.26884E+00   61
 0.13000E-01 0.50000E+03 0.38005E+00 0.99963E+00 0.60435E-01 0.66525E-01 0.87103E+00 0.87103E+00 0.21278E+01   61
 0.20000E-01 0.50000E+03 0.24704E+00 0.76291E+00 0.51080E-01 0.52009E-01 0.74400E+00 0.74400E+00 0.37022E+00   61
 0.32000E-01 0.50000E+03 0.15440E+00 0.60401E+00 0.41586E-01 0.40684E-01 0.62346E+00 0.62346E+00 -.46755E+00   61
 0.50000E-01 0.50000E+03 0.98814E-01 0.51829E+00 0.36306E-01 0.35852E-01 0.52805E+00 0.52805E+00 -.26895E+00   61
 0.80000E-01 0.50000E+03 0.61759E-01 0.39632E+00 0.37961E-01 0.34849E-01 0.44453E+00 0.44453E+00 -.12699E+01   61
 0.13000E+00 0.50000E+03 0.38005E-01 0.36279E+00 0.31100E-01 0.30776E-01 0.36877E+00 0.36877E+00 -.19206E+00   61
 0.18000E+00 0.50000E+03 0.27448E-01 0.28869E+00 0.33001E-01 0.30844E-01 0.31723E+00 0.31723E+00 -.86481E+00   61
 0.25000E+00 0.50000E+03 0.19763E-01 0.25913E+00 0.34844E-01 0.35092E-01 0.25654E+00 0.25654E+00 0.74399E-01   61
 0.40000E+00 0.50000E+03 0.12352E-01 0.14371E+00 0.27846E-01 0.28229E-01 0.14094E+00 0.14094E+00 0.99352E-01   61
 0.65000E+00 0.50000E+03 0.76011E-02 0.26951E-01 0.51451E-02 0.59387E-02 0.21287E-01 0.21287E-01 0.11009E+01   61
 0.13000E-01 0.65000E+03 0.49407E+00 0.95009E+00 0.38380E-01 0.40175E-01 0.88318E+00 0.88318E+00 0.17434E+01   61
 0.20000E-01 0.65000E+03 0.32115E+00 0.79406E+00 0.39954E-01 0.41137E-01 0.75665E+00 0.75665E+00 0.93619E+00   61
 0.32000E-01 0.65000E+03 0.20072E+00 0.64455E+00 0.36173E-01 0.36597E-01 0.63236E+00 0.63236E+00 0.33711E+00   61
 0.50000E-01 0.65000E+03 0.12846E+00 0.52504E+00 0.31608E-01 0.31300E-01 0.53327E+00 0.53327E+00 -.26034E+00   61
 0.80000E-01 0.65000E+03 0.80287E-01 0.41932E+00 0.27066E-01 0.26039E-01 0.44658E+00 0.44658E+00 -.10071E+01   61
 0.13000E+00 0.65000E+03 0.49407E-01 0.34435E+00 0.23835E-01 0.22891E-01 0.36831E+00 0.36831E+00 -.10052E+01   61
 0.18000E+00 0.65000E+03 0.35683E-01 0.33594E+00 0.36834E-01 0.38457E-01 0.31548E+00 0.31548E+00 0.55555E+00   61
 0.25000E+00 0.65000E+03 0.25692E-01 0.25917E+00 0.20300E-01 0.20575E-01 0.25381E+00 0.25381E+00 0.26368E+00   61
 0.40000E+00 0.65000E+03 0.16057E-01 0.87818E-01 0.28685E-01 0.22000E-01 0.13798E+00 0.13798E+00 -.17487E+01   61
 0.13000E-01 0.80000E+03 0.60809E+00 0.88472E+00 0.46971E-01 0.46856E-01 0.88840E+00 0.88840E+00 -.78416E-01   61
 0.20000E-01 0.80000E+03 0.39526E+00 0.80807E+00 0.43590E-01 0.44996E-01 0.76632E+00 0.76632E+00 0.95788E+00   61
 0.32000E-01 0.80000E+03 0.24704E+00 0.66179E+00 0.36860E-01 0.37600E-01 0.63990E+00 0.63990E+00 0.59397E+00   61
 0.50000E-01 0.80000E+03 0.15810E+00 0.58957E+00 0.30965E-01 0.32661E-01 0.53793E+00 0.53793E+00 0.16679E+01   61
 0.80000E-01 0.80000E+03 0.98814E-01 0.50054E+00 0.29058E-01 0.30995E-01 0.44863E+00 0.44863E+00 0.17866E+01   61
 0.13000E+00 0.80000E+03 0.60809E-01 0.36768E+00 0.27856E-01 0.27829E-01 0.36830E+00 0.36830E+00 -.22185E-01   61
 0.18000E+00 0.80000E+03 0.43917E-01 0.30287E+00 0.41088E-01 0.40148E-01 0.31440E+00 0.31440E+00 -.28060E+00   61
 0.25000E+00 0.80000E+03 0.31621E-01 0.24094E+00 0.23802E-01 0.23197E-01 0.25192E+00 0.25192E+00 -.46129E+00   61
 0.40000E+00 0.80000E+03 0.19763E-01 0.11994E+00 0.30857E-01 0.28535E-01 0.13582E+00 0.13582E+00 -.51443E+00   61
 0.65000E+00 0.80000E+03 0.12162E-01 0.15423E-01 0.45495E-02 0.38688E-02 0.19826E-01 0.19826E-01 -.96763E+00   61
 0.13000E-01 0.10000E+04 0.76011E+00 0.77733E+00 0.11295E+00 0.10386E+00 0.88647E+00 0.88647E+00 -.96629E+00   61
 0.20000E-01 0.10000E+04 0.49407E+00 0.77587E+00 0.71264E-01 0.71256E-01 0.77601E+00 0.77601E+00 -.20118E-02   61
 0.32000E-01 0.10000E+04 0.30879E+00 0.56717E+00 0.61940E-01 0.57117E-01 0.64882E+00 0.64882E+00 -.13183E+01   61
 0.50000E-01 0.10000E+04 0.19763E+00 0.57505E+00 0.53105E-01 0.54946E-01 0.54379E+00 0.54379E+00 0.58861E+00   61
 0.80000E-01 0.10000E+04 0.12352E+00 0.45311E+00 0.48022E-01 0.48126E-01 0.45153E+00 0.45153E+00 0.32850E-01   61
 0.13000E+00 0.10000E+04 0.76011E-01 0.49399E+00 0.47940E-01 0.57007E-01 0.36881E+00 0.36881E+00 0.26112E+01   61
 0.18000E+00 0.10000E+04 0.54897E-01 0.24992E+00 0.41601E-01 0.36458E-01 0.31366E+00 0.31366E+00 -.15322E+01   61
 0.25000E+00 0.10000E+04 0.39526E-01 0.31506E+00 0.42065E-01 0.48748E-01 0.25021E+00 0.25021E+00 0.15417E+01   61
 0.40000E+00 0.10000E+04 0.24704E-01 0.12390E+00 0.34351E-01 0.32732E-01 0.13370E+00 0.13370E+00 -.28553E+00   61
 0.20000E-01 0.12000E+04 0.59289E+00 0.74079E+00 0.45648E-01 0.44266E-01 0.78278E+00 0.78278E+00 -.91982E+00   61
 0.32000E-01 0.12000E+04 0.37055E+00 0.62482E+00 0.38356E-01 0.37290E-01 0.65704E+00 0.65704E+00 -.84017E+00   61
 0.50000E-01 0.12000E+04 0.23715E+00 0.55154E+00 0.30652E-01 0.30713E-01 0.54960E+00 0.54960E+00 0.63440E-01   61
 0.80000E-01 0.12000E+04 0.14822E+00 0.42376E+00 0.25800E-01 0.24813E-01 0.45468E+00 0.45468E+00 -.11987E+01   61
 0.13000E+00 0.12000E+04 0.91213E-01 0.36286E+00 0.23383E-01 0.23138E-01 0.36978E+00 0.36978E+00 -.29582E+00   61
 0.18000E+00 0.12000E+04 0.65876E-01 0.34111E+00 0.47135E-01 0.49406E-01 0.31349E+00 0.31349E+00 0.58602E+00   61
 0.25000E+00 0.12000E+04 0.47431E-01 0.26615E+00 0.18302E-01 0.18967E-01 0.24914E+00 0.24914E+00 0.92953E+00   61
 0.40000E+00 0.12000E+04 0.29644E-01 0.10445E+00 0.17880E-01 0.15319E-01 0.13216E+00 0.13216E+00 -.15496E+01   61
 0.20000E-01 0.15000E+04 0.74111E+00 0.83816E+00 0.62763E-01 0.65006E-01 0.78786E+00 0.78786E+00 0.80129E+00   61
 0.32000E-01 0.15000E+04 0.46319E+00 0.73245E+00 0.47595E-01 0.50052E-01 0.66861E+00 0.66861E+00 0.13412E+01   61
 0.50000E-01 0.15000E+04 0.29644E+00 0.57811E+00 0.37228E-01 0.37927E-01 0.55852E+00 0.55852E+00 0.52633E+00   61
 0.80000E-01 0.15000E+04 0.18528E+00 0.46891E+00 0.31755E-01 0.32090E-01 0.45994E+00 0.45994E+00 0.28233E+00   61
 0.13000E+00 0.15000E+04 0.11402E+00 0.39898E+00 0.31347E-01 0.32555E-01 0.37194E+00 0.37194E+00 0.86273E+00   61
 0.18000E+00 0.15000E+04 0.82345E-01 0.31047E+00 0.27919E-01 0.27753E-01 0.31401E+00 0.31401E+00 -.12687E+00   61
 0.25000E+00 0.15000E+04 0.59289E-01 0.24777E+00 0.26082E-01 0.26048E-01 0.24836E+00 0.24836E+00 -.22777E-01   61
 0.40000E+00 0.15000E+04 0.37055E-01 0.14464E+00 0.27157E-01 0.29131E-01 0.13055E+00 0.13055E+00 0.51885E+00   61
 0.65000E+00 0.15000E+04 0.22803E-01 0.14309E-01 0.62668E-02 0.54390E-02 0.18237E-01 0.18237E-01 -.62688E+00   61
 0.32000E-01 0.20000E+04 0.61759E+00 0.75061E+00 0.55656E-01 0.58516E-01 0.68614E+00 0.68614E+00 0.11583E+01   61
 0.50000E-01 0.20000E+04 0.39526E+00 0.55784E+00 0.45881E-01 0.45167E-01 0.57436E+00 0.57436E+00 -.36008E+00   61
 0.80000E-01 0.20000E+04 0.24704E+00 0.47925E+00 0.37954E-01 0.38354E-01 0.47010E+00 0.47010E+00 0.24101E+00   61
 0.13000E+00 0.20000E+04 0.15202E+00 0.32596E+00 0.36328E-01 0.33584E-01 0.37699E+00 0.37699E+00 -.14046E+01   61
 0.18000E+00 0.20000E+04 0.10979E+00 0.26964E+00 0.32699E-01 0.30059E-01 0.31635E+00 0.31635E+00 -.14285E+01   61
 0.25000E+00 0.20000E+04 0.79051E-01 0.25824E+00 0.30306E-01 0.30927E-01 0.24851E+00 0.24851E+00 0.32116E+00   61
 0.40000E+00 0.20000E+04 0.49407E-01 0.10405E+00 0.21119E-01 0.18747E-01 0.12901E+00 0.12901E+00 -.11818E+01   61
 0.50000E-01 0.30000E+04 0.59289E+00 0.62599E+00 0.52586E-01 0.53452E-01 0.60868E+00 0.60868E+00 0.32921E+00   61
 0.80000E-01 0.30000E+04 0.37055E+00 0.49796E+00 0.41654E-01 0.41796E-01 0.49486E+00 0.49486E+00 0.74553E-01   61
 0.13000E+00 0.30000E+04 0.22803E+00 0.42529E+00 0.39644E-01 0.41544E-01 0.39099E+00 0.39099E+00 0.86528E+00   61
 0.18000E+00 0.30000E+04 0.16469E+00 0.31957E+00 0.35595E-01 0.35301E-01 0.32455E+00 0.32455E+00 -.13991E+00   61
 0.25000E+00 0.30000E+04 0.11858E+00 0.26716E+00 0.32520E-01 0.33561E-01 0.25198E+00 0.25198E+00 0.46696E+00   61
 0.40000E+00 0.30000E+04 0.74111E-01 0.14508E+00 0.23171E-01 0.24809E-01 0.12826E+00 0.12826E+00 0.72601E+00   61
 0.80000E-01 0.50000E+04 0.61759E+00 0.63747E+00 0.44374E-01 0.47905E-01 0.55437E+00 0.55437E+00 0.18727E+01   61
 0.13000E+00 0.50000E+04 0.38005E+00 0.47882E+00 0.44901E-01 0.47660E-01 0.42856E+00 0.42856E+00 0.11192E+01   61
 0.18000E+00 0.50000E+04 0.27448E+00 0.42549E+00 0.38582E-01 0.42930E-01 0.34864E+00 0.34864E+00 0.19920E+01   61
 0.25000E+00 0.50000E+04 0.19763E+00 0.30230E+00 0.36414E-01 0.39103E-01 0.26506E+00 0.26506E+00 0.10227E+01   61
 0.40000E+00 0.50000E+04 0.12352E+00 0.12619E+00 0.25109E-01 0.24630E-01 0.13070E+00 0.13070E+00 -.17973E+00   61
 0.65000E+00 0.50000E+04 0.76011E-01 0.10009E-01 0.60883E-02 0.44796E-02 0.16691E-01 0.16691E-01 -.10975E+01   61
 0.13000E+00 0.80000E+04 0.60809E+00 0.58578E+00 0.59638E-01 0.65432E-01 0.49471E+00 0.49471E+00 0.15271E+01   61
 0.18000E+00 0.80000E+04 0.43917E+00 0.38580E+00 0.54828E-01 0.54247E-01 0.39369E+00 0.39369E+00 -.14389E+00   61
 0.25000E+00 0.80000E+04 0.31621E+00 0.30112E+00 0.46886E-01 0.47735E-01 0.29109E+00 0.29109E+00 0.21402E+00   61
 0.40000E+00 0.80000E+04 0.19763E+00 0.16062E+00 0.34110E-01 0.37110E-01 0.13782E+00 0.13782E+00 0.66829E+00   61
 0.18000E+00 0.12000E+05 0.65876E+00 0.45271E+00 0.76914E-01 0.76579E-01 0.45646E+00 0.45646E+00 -.48783E-01   61
 0.25000E+00 0.12000E+05 0.47431E+00 0.28181E+00 0.68363E-01 0.62910E-01 0.32987E+00 0.32987E+00 -.70315E+00   61
 0.40000E+00 0.12000E+05 0.29644E+00 0.93152E-01 0.45201E-01 0.34811E-01 0.14929E+00 0.14929E+00 -.12420E+01   61
 0.25000E+00 0.20000E+05 0.79051E+00 0.40565E+00 0.10815E+00 0.10894E+00 0.39992E+00 0.39992E+00 0.52981E-01   61
 0.40000E+00 0.20000E+05 0.49407E+00 0.19354E+00 0.62610E-01 0.66278E-01 0.17360E+00 0.17360E+00 0.31837E+00   61
 0.65000E+00 0.20000E+05 0.30404E+00 0.13007E-01 0.13221E-01 0.10601E-01 0.18697E-01 0.18697E-01 -.43043E+00   61
 0.40000E+00 0.30000E+05 0.74111E+00 0.24685E+00 0.10661E+00 0.11873E+00 0.20035E+00 0.20035E+00 0.43616E+00   61
 0.13000E-02 0.90000E+02 0.68410E+00 0.13719E+01 0.99217E-01 0.96234E-01 0.14227E+01 0.14227E+01 -.51214E+00   61
 0.20000E-02 0.90000E+02 0.44466E+00 0.12573E+01 0.66532E-01 0.64279E-01 0.13143E+01 0.13143E+01 -.85545E+00   61
 0.16000E-02 0.12000E+03 0.74111E+00 0.13430E+01 0.90992E-01 0.88602E-01 0.13884E+01 0.13884E+01 -.49955E+00   61
 0.20000E-02 0.12000E+03 0.59289E+00 0.13171E+01 0.67072E-01 0.65862E-01 0.13481E+01 0.13481E+01 -.46204E+00   61
 0.32000E-02 0.12000E+03 0.37055E+00 0.11922E+01 0.56054E-01 0.55683E-01 0.12023E+01 0.12023E+01 -.17888E+00   61
 0.20000E-02 0.15000E+03 0.74111E+00 0.13308E+01 0.90067E-01 0.89175E-01 0.13478E+01 0.13478E+01 -.18880E+00   61
 0.26000E-02 0.20000E+03 0.76011E+00 0.11863E+01 0.88569E-01 0.82982E-01 0.12912E+01 0.12912E+01 -.11837E+01   61
 0.33000E-02 0.25000E+03 0.74859E+00 0.11246E+01 0.93218E-01 0.86900E-01 0.12376E+01 0.12376E+01 -.12112E+01   61
 0.39000E-02 0.30000E+03 0.76011E+00 0.10710E+01 0.92583E-01 0.85559E-01 0.11957E+01 0.11957E+01 -.13475E+01   61
 0.53000E-02 0.40000E+03 0.74577E+00 0.11061E+01 0.93000E-01 0.92214E-01 0.11195E+01 0.11195E+01 -.14349E+00   61
 0.66000E-02 0.50000E+03 0.74859E+00 0.10970E+01 0.93966E-01 0.96096E-01 0.10617E+01 0.10617E+01 0.37463E+00   61
 0.85000E-02 0.65000E+03 0.75564E+00 0.97184E+00 0.55650E-01 0.54818E-01 0.99564E+00 0.99564E+00 -.42765E+00   61
 0.10500E-01 0.80000E+03 0.75287E+00 0.94162E+00 0.10358E+00 0.10369E+00 0.93998E+00 0.93998E+00 0.15874E-01   61
 0.18000E+00 0.20000E+03 0.10979E-01 0.31911E+00 0.14847E-01 0.14668E-01 0.32511E+00 0.32511E+00 -.40420E+00   61
 0.18000E+00 0.25000E+03 0.13724E-01 0.29942E+00 0.19688E-01 0.18542E-01 0.32302E+00 0.32302E+00 -.11991E+01   61
 0.18000E+00 0.30000E+03 0.16469E-01 0.30951E+00 0.15753E-01 0.15372E-01 0.32138E+00 0.32138E+00 -.75331E+00   61
 0.14000E-01 0.12000E+04 0.84698E+00 0.90216E+00 0.66799E-01 0.68610E-01 0.86439E+00 0.86439E+00 0.56544E+00   61
 0.65000E+00 0.30000E+04 0.45607E-01 0.20040E-01 0.80619E-02 0.87521E-02 0.17058E-01 0.17058E-01 0.36993E+00   61
 0.65000E+00 0.80000E+04 0.12162E+00 0.20074E-01 0.11788E-01 0.12882E-01 0.16823E-01 0.16823E-01 0.27584E+00   61
          62
 NC cross section HERA-I H1-ZEUS combined e+p.                                   
 x           Q2          y              data      +- uncor     +- tot     th orig         th mod     pull    iset
 0.57300E-04 0.35000E+01 0.67718E+00 0.10170E+01 0.47043E-01 0.47667E-01 0.10024E+01 0.10024E+01 0.30965E+00   62
 0.80000E-04 0.35000E+01 0.48503E+00 0.97900E+00 0.18117E-01 0.18261E-01 0.97006E+00 0.97006E+00 0.49340E+00   62
 0.81800E-04 0.45000E+01 0.60989E+00 0.11185E+01 0.25891E-01 0.26842E-01 0.10677E+01 0.10677E+01 0.19623E+01   62
 0.13000E-03 0.45000E+01 0.38376E+00 0.10153E+01 0.21497E-01 0.21570E-01 0.10114E+01 0.10114E+01 0.18077E+00   62
 0.13000E-03 0.65000E+01 0.55432E+00 0.11798E+01 0.19032E-01 0.19272E-01 0.11607E+01 0.11607E+01 0.10044E+01   62
 0.20000E-03 0.65000E+01 0.36031E+00 0.11184E+01 0.21772E-01 0.22137E-01 0.10963E+01 0.10963E+01 0.10157E+01   62
 0.13900E-03 0.85000E+01 0.67795E+00 0.11806E+01 0.37997E-01 0.36320E-01 0.12435E+01 0.12435E+01 -.16560E+01   62
 0.20000E-03 0.85000E+01 0.47118E+00 0.12212E+01 0.19037E-01 0.19240E-01 0.12044E+01 0.12044E+01 0.88067E+00   62
 0.80000E-04 0.35000E+01 0.43231E+00 0.95404E+00 0.21716E-01 0.21335E-01 0.97433E+00 0.97433E+00 -.93438E+00   62
 0.13000E-03 0.35000E+01 0.26604E+00 0.92219E+00 0.11555E-01 0.11716E-01 0.90760E+00 0.90760E+00 0.12619E+01   62
 0.20000E-03 0.35000E+01 0.17292E+00 0.85819E+00 0.10837E-01 0.10959E-01 0.84707E+00 0.84707E+00 0.10259E+01   62
 0.32000E-03 0.35000E+01 0.10808E+00 0.79488E+00 0.10656E-01 0.10787E-01 0.78366E+00 0.78366E+00 0.10529E+01   62
 0.50000E-03 0.35000E+01 0.69170E-01 0.75362E+00 0.11608E-01 0.11984E-01 0.72699E+00 0.72699E+00 0.22947E+01   62
 0.80000E-03 0.35000E+01 0.43231E-01 0.66267E+00 0.10474E-01 0.10349E-01 0.67151E+00 0.67151E+00 -.84395E+00   62
 0.13000E-02 0.35000E+01 0.26604E-01 0.62668E+00 0.11412E-01 0.11540E-01 0.61884E+00 0.61884E+00 0.68649E+00   62
 0.20000E-02 0.35000E+01 0.17292E-01 0.57067E+00 0.71511E-02 0.70882E-02 0.57620E+00 0.57620E+00 -.77279E+00   62
 0.80000E-02 0.35000E+01 0.43231E-02 0.46346E+00 0.76075E-02 0.75838E-02 0.46501E+00 0.46501E+00 -.20408E+00   62
 0.51200E-04 0.35000E+01 0.67496E+00 0.93664E+00 0.35558E-01 0.33123E-01 0.10215E+01 0.10215E+01 -.23878E+01   62
 0.73200E-04 0.45000E+01 0.60746E+00 0.10178E+01 0.31757E-01 0.29971E-01 0.10890E+01 0.10890E+01 -.22424E+01   62
 0.13000E-03 0.45000E+01 0.34205E+00 0.10313E+01 0.18152E-01 0.18372E-01 0.10145E+01 0.10145E+01 0.92624E+00   62
 0.20000E-03 0.45000E+01 0.22233E+00 0.96678E+00 0.12967E-01 0.13205E-01 0.94639E+00 0.94639E+00 0.15721E+01   62
 0.32000E-03 0.45000E+01 0.13896E+00 0.89755E+00 0.12400E-01 0.12697E-01 0.87256E+00 0.87256E+00 0.20150E+01   62
 0.50000E-03 0.45000E+01 0.88933E-01 0.80023E+00 0.11444E-01 0.11378E-01 0.80581E+00 0.80581E+00 -.48696E+00   62
 0.80000E-03 0.45000E+01 0.55583E-01 0.72407E+00 0.12582E-01 0.12340E-01 0.74015E+00 0.74015E+00 -.12783E+01   62
 0.13000E-02 0.45000E+01 0.34205E-01 0.66896E+00 0.12069E-01 0.11931E-01 0.67765E+00 0.67765E+00 -.72038E+00   62
 0.20000E-02 0.45000E+01 0.22233E-01 0.61822E+00 0.11049E-01 0.10914E-01 0.62696E+00 0.62696E+00 -.79089E+00   62
 0.32000E-02 0.45000E+01 0.13896E-01 0.57456E+00 0.94674E-02 0.94355E-02 0.57667E+00 0.57667E+00 -.22353E+00   62
 0.13000E-01 0.45000E+01 0.34205E-02 0.43174E+00 0.11290E-01 0.10638E-01 0.45931E+00 0.45931E+00 -.24426E+01   62
 0.95100E-04 0.65000E+01 0.67503E+00 0.10500E+01 0.47603E-01 0.43026E-01 0.12021E+01 0.12021E+01 -.31938E+01   62
 0.13000E-03 0.65000E+01 0.49407E+00 0.11225E+01 0.33738E-01 0.32549E-01 0.11717E+01 0.11717E+01 -.14579E+01   62
 0.20000E-03 0.65000E+01 0.32115E+00 0.11307E+01 0.15850E-01 0.16165E-01 0.10999E+01 0.10999E+01 0.19415E+01   62
 0.32000E-03 0.65000E+01 0.20072E+00 0.10056E+01 0.12773E-01 0.12711E-01 0.10116E+01 0.10116E+01 -.47427E+00   62
 0.50000E-03 0.65000E+01 0.12846E+00 0.93762E+00 0.14481E-01 0.14599E-01 0.92905E+00 0.92905E+00 0.59220E+00   62
 0.80000E-03 0.65000E+01 0.80287E-01 0.85666E+00 0.11858E-01 0.11971E-01 0.84703E+00 0.84703E+00 0.81214E+00   62
 0.13000E-02 0.65000E+01 0.49407E-01 0.76103E+00 0.11698E-01 0.11596E-01 0.76877E+00 0.76877E+00 -.66194E+00   62
 0.20000E-02 0.65000E+01 0.32115E-01 0.69914E+00 0.94470E-02 0.93779E-02 0.70526E+00 0.70526E+00 -.64801E+00   62
 0.32000E-02 0.65000E+01 0.20072E-01 0.64420E+00 0.10344E-01 0.10372E-01 0.64230E+00 0.64230E+00 0.18370E+00   62
 0.13000E-01 0.65000E+01 0.49407E-02 0.48491E+00 0.11413E-01 0.11198E-01 0.49460E+00 0.49460E+00 -.84950E+00   62
 0.12440E-03 0.85000E+01 0.67501E+00 0.12088E+01 0.42463E-01 0.40801E-01 0.12723E+01 0.12723E+01 -.14968E+01   62
 0.20000E-03 0.85000E+01 0.41996E+00 0.11779E+01 0.33858E-01 0.33025E-01 0.12128E+01 0.12128E+01 -.10299E+01   62
 0.32000E-03 0.85000E+01 0.26248E+00 0.11147E+01 0.15233E-01 0.15194E-01 0.11183E+01 0.11183E+01 -.23484E+00   62
 0.50000E-03 0.85000E+01 0.16798E+00 0.10220E+01 0.14327E-01 0.14300E-01 0.10243E+01 0.10243E+01 -.16382E+00   62
 0.80000E-03 0.85000E+01 0.10499E+00 0.93588E+00 0.12835E-01 0.12904E-01 0.92956E+00 0.92956E+00 0.49235E+00   62
 0.13000E-02 0.85000E+01 0.64609E-01 0.84437E+00 0.11804E-01 0.11866E-01 0.83884E+00 0.83884E+00 0.46868E+00   62
 0.20000E-02 0.85000E+01 0.41996E-01 0.77251E+00 0.13872E-01 0.13985E-01 0.76520E+00 0.76520E+00 0.52731E+00   62
 0.32000E-02 0.85000E+01 0.26247E-01 0.66425E+00 0.12862E-01 0.12418E-01 0.69226E+00 0.69226E+00 -.21777E+01   62
 0.50000E-02 0.85000E+01 0.16798E-01 0.63519E+00 0.10555E-01 0.10629E-01 0.63027E+00 0.63027E+00 0.46588E+00   62
 0.20000E-01 0.85000E+01 0.41996E-02 0.45790E+00 0.12342E-01 0.11749E-01 0.48229E+00 0.48229E+00 -.19767E+01   62
 0.80000E-03 0.12000E+02 0.14822E+00 0.10562E+01 0.11318E-01 0.11455E-01 0.10405E+01 0.10405E+01 0.13881E+01   62
 0.13000E-02 0.12000E+02 0.91213E-01 0.94095E+00 0.13715E-01 0.13805E-01 0.93281E+00 0.93281E+00 0.59341E+00   62
 0.20000E-02 0.12000E+02 0.59289E-01 0.85620E+00 0.13020E-01 0.13151E-01 0.84525E+00 0.84525E+00 0.84113E+00   62
 0.32000E-02 0.12000E+02 0.37055E-01 0.75749E+00 0.14509E-01 0.14491E-01 0.75861E+00 0.75861E+00 -.77066E-01   62
 0.50000E-02 0.12000E+02 0.23715E-01 0.68181E+00 0.11770E-01 0.11721E-01 0.68507E+00 0.68507E+00 -.27682E+00   62
 0.20000E-01 0.12000E+02 0.59289E-02 0.49243E+00 0.12252E-01 0.11883E-01 0.50888E+00 0.50888E+00 -.13426E+01   62
 0.43200E-04 0.35000E+01 0.80002E+00 0.86773E+00 0.56565E-01 0.48831E-01 0.10302E+01 0.10302E+01 -.28721E+01   62
 0.61800E-04 0.45000E+01 0.71999E+00 0.95675E+00 0.58883E-01 0.52367E-01 0.10995E+01 0.10995E+01 -.24234E+01   62
 0.80300E-04 0.65000E+01 0.79997E+00 0.10781E+01 0.55900E-01 0.51273E-01 0.12023E+01 0.12023E+01 -.22213E+01   62
 0.10500E-03 0.85000E+01 0.80000E+00 0.11775E+01 0.63861E-01 0.60374E-01 0.12703E+01 0.12703E+01 -.14518E+01   62
 0.16100E-03 0.12000E+02 0.82632E+00 0.12382E+01 0.73038E-01 0.70017E-01 0.13109E+01 0.13109E+01 -.99545E+00   62
 0.20000E-03 0.12000E+02 0.66519E+00 0.12927E+01 0.33975E-01 0.33419E-01 0.13168E+01 0.13168E+01 -.70859E+00   62
 0.32000E-03 0.12000E+02 0.41574E+00 0.12331E+01 0.23720E-01 0.23431E-01 0.12498E+01 0.12498E+01 -.70153E+00   62
 0.20000E-03 0.15000E+02 0.83149E+00 0.12704E+01 0.65372E-01 0.62351E-01 0.13486E+01 0.13486E+01 -.11964E+01   62
 0.24600E-03 0.15000E+02 0.67600E+00 0.13700E+01 0.32148E-01 0.32423E-01 0.13567E+01 0.13567E+01 0.41215E+00   62
 0.32000E-03 0.15000E+02 0.51968E+00 0.13001E+01 0.25095E-01 0.24642E-01 0.13273E+01 0.13273E+01 -.10853E+01   62
 0.26800E-03 0.18000E+02 0.74461E+00 0.13322E+01 0.68334E-01 0.66319E-01 0.13836E+01 0.13836E+01 -.75207E+00   62
 0.32800E-03 0.18000E+02 0.60840E+00 0.13749E+01 0.31915E-01 0.31923E-01 0.13745E+01 0.13745E+01 0.13569E-01   62
 0.50000E-03 0.18000E+02 0.39911E+00 0.12760E+01 0.20896E-01 0.20643E-01 0.12947E+01 0.12947E+01 -.89504E+00   62
 0.33500E-03 0.27000E+02 0.89354E+00 0.14025E+01 0.80586E-01 0.80458E-01 0.14055E+01 0.14055E+01 -.36917E-01   62
 0.41000E-03 0.27000E+02 0.73008E+00 0.14167E+01 0.37438E-01 0.37247E-01 0.14247E+01 0.14247E+01 -.21473E+00   62
 0.50000E-03 0.27000E+02 0.59867E+00 0.14185E+01 0.28689E-01 0.28844E-01 0.14094E+01 0.14094E+01 0.31563E+00   62
 0.57400E-03 0.35000E+02 0.67600E+00 0.15206E+01 0.37501E-01 0.39469E-01 0.14329E+01 0.14329E+01 0.23408E+01   62
 0.80000E-03 0.35000E+02 0.48503E+00 0.14073E+01 0.20694E-01 0.21089E-01 0.13744E+01 0.13744E+01 0.15886E+01   62
 0.13000E-02 0.45000E+02 0.38376E+00 0.13173E+01 0.17917E-01 0.18095E-01 0.13003E+01 0.13003E+01 0.94628E+00   62
 0.50000E-03 0.12000E+02 0.23715E+00 0.11531E+01 0.12369E-01 0.12382E-01 0.11517E+01 0.11517E+01 0.11014E+00   62
 0.50000E-03 0.15000E+02 0.29644E+00 0.12175E+01 0.12805E-01 0.12642E-01 0.12350E+01 0.12350E+01 -.13646E+01   62
 0.80000E-03 0.15000E+02 0.18528E+00 0.11148E+01 0.11361E-01 0.11364E-01 0.11144E+01 0.11144E+01 0.34585E-01   62
 0.13000E-02 0.15000E+02 0.11402E+00 0.98826E+00 0.10748E-01 0.10678E-01 0.99555E+00 0.99555E+00 -.67745E+00   62
 0.20000E-02 0.15000E+02 0.74111E-01 0.87518E+00 0.99738E-02 0.97430E-02 0.89853E+00 0.89853E+00 -.23412E+01   62
 0.32000E-02 0.15000E+02 0.46319E-01 0.78927E+00 0.94820E-02 0.93425E-02 0.80253E+00 0.80253E+00 -.13979E+01   62
 0.50000E-02 0.15000E+02 0.29644E-01 0.71823E+00 0.77570E-02 0.77306E-02 0.72112E+00 0.72112E+00 -.37174E+00   62
 0.80000E-02 0.15000E+02 0.18528E-01 0.63605E+00 0.71524E-02 0.70595E-02 0.64538E+00 0.64538E+00 -.13054E+01   62
 0.20000E-01 0.15000E+02 0.74111E-02 0.53197E+00 0.83869E-02 0.84737E-02 0.52596E+00 0.52596E+00 0.71666E+00   62
 0.80000E-03 0.18000E+02 0.22233E+00 0.11675E+01 0.11642E-01 0.11573E-01 0.11753E+01 0.11753E+01 -.66999E+00   62
 0.13000E-02 0.18000E+02 0.13682E+00 0.10519E+01 0.10688E-01 0.10728E-01 0.10475E+01 0.10475E+01 0.41025E+00   62
 0.20000E-02 0.18000E+02 0.88933E-01 0.94989E+00 0.99636E-02 0.10031E-01 0.94265E+00 0.94265E+00 0.72687E+00   62
 0.32000E-02 0.18000E+02 0.55583E-01 0.83642E+00 0.89327E-02 0.89103E-02 0.83881E+00 0.83881E+00 -.26777E+00   62
 0.50000E-02 0.18000E+02 0.35573E-01 0.74997E+00 0.78462E-02 0.78389E-02 0.75079E+00 0.75079E+00 -.10443E+00   62
 0.80000E-02 0.18000E+02 0.22233E-01 0.66842E+00 0.71191E-02 0.71141E-02 0.66894E+00 0.66894E+00 -.72612E-01   62
 0.20000E-01 0.18000E+02 0.88933E-02 0.53868E+00 0.11612E-01 0.11590E-01 0.53977E+00 0.53977E+00 -.93978E-01   62
 0.80000E-03 0.27000E+02 0.33350E+00 0.12980E+01 0.14094E-01 0.13987E-01 0.13089E+01 0.13089E+01 -.77629E+00   62
 0.13000E-02 0.27000E+02 0.20523E+00 0.11642E+01 0.12063E-01 0.12059E-01 0.11647E+01 0.11647E+01 -.38768E-01   62
 0.20000E-02 0.27000E+02 0.13340E+00 0.10538E+01 0.11077E-01 0.11184E-01 0.10424E+01 0.10424E+01 0.10341E+01   62
 0.32000E-02 0.27000E+02 0.83375E-01 0.92019E+00 0.99463E-02 0.99440E-02 0.92044E+00 0.92044E+00 -.24990E-01   62
 0.50000E-02 0.27000E+02 0.53360E-01 0.80568E+00 0.88185E-02 0.87104E-02 0.81709E+00 0.81709E+00 -.12935E+01   62
 0.80000E-02 0.27000E+02 0.33350E-01 0.71249E+00 0.79546E-02 0.78717E-02 0.72116E+00 0.72116E+00 -.10901E+01   62
 0.13000E-01 0.27000E+02 0.20523E-01 0.63871E+00 0.70959E-02 0.71312E-02 0.63512E+00 0.63512E+00 0.50653E+00   62
 0.32000E-01 0.27000E+02 0.83375E-02 0.52914E+00 0.11802E-01 0.12241E-01 0.50950E+00 0.50950E+00 0.16644E+01   62
 0.13000E-02 0.35000E+02 0.26604E+00 0.12341E+01 0.12171E-01 0.12132E-01 0.12387E+01 0.12387E+01 -.38074E+00   62
 0.20000E-02 0.35000E+02 0.17292E+00 0.11081E+01 0.11304E-01 0.11319E-01 0.11064E+01 0.11064E+01 0.15150E+00   62
 0.32000E-02 0.35000E+02 0.10808E+00 0.97636E+00 0.10467E-01 0.10499E-01 0.97288E+00 0.97288E+00 0.33190E+00   62
 0.50000E-02 0.35000E+02 0.69170E-01 0.85723E+00 0.89870E-02 0.89676E-02 0.85944E+00 0.85944E+00 -.24668E+00   62
 0.80000E-02 0.35000E+02 0.43231E-01 0.75147E+00 0.80582E-02 0.80329E-02 0.75428E+00 0.75428E+00 -.34888E+00   62
 0.13000E-01 0.35000E+02 0.26604E-01 0.66552E+00 0.74738E-02 0.75268E-02 0.65990E+00 0.65990E+00 0.75268E+00   62
 0.20000E-01 0.35000E+02 0.17292E-01 0.59480E+00 0.70201E-02 0.70868E-02 0.58825E+00 0.58825E+00 0.93305E+00   62
 0.80000E-01 0.35000E+02 0.43231E-02 0.44991E+00 0.19699E-01 0.20827E-01 0.42359E+00 0.42359E+00 0.13359E+01   62
 0.20000E-02 0.45000E+02 0.22233E+00 0.11626E+01 0.12202E-01 0.12161E-01 0.11674E+01 0.11674E+01 -.38682E+00   62
 0.32000E-02 0.45000E+02 0.13896E+00 0.10169E+01 0.10774E-01 0.10719E-01 0.10232E+01 0.10232E+01 -.58043E+00   62
 0.50000E-02 0.45000E+02 0.88933E-01 0.90322E+00 0.94775E-02 0.95050E-02 0.89999E+00 0.89999E+00 0.34057E+00   62
 0.80000E-02 0.45000E+02 0.55583E-01 0.78549E+00 0.83954E-02 0.83926E-02 0.78581E+00 0.78581E+00 -.38157E-01   62
 0.13000E-01 0.45000E+02 0.34205E-01 0.68346E+00 0.77465E-02 0.77478E-02 0.68332E+00 0.68332E+00 0.18051E-01   62
 0.20000E-01 0.45000E+02 0.22233E-01 0.60446E+00 0.70671E-02 0.70565E-02 0.60558E+00 0.60558E+00 -.15876E+00   62
 0.50000E-01 0.45000E+02 0.88933E-02 0.48774E+00 0.11925E-01 0.12174E-01 0.47707E+00 0.47707E+00 0.89444E+00   62
 0.20000E-02 0.60000E+02 0.29644E+00 0.12550E+01 0.13341E-01 0.13524E-01 0.12339E+01 0.12339E+01 0.15793E+01   62
 0.32000E-02 0.60000E+02 0.18528E+00 0.10883E+01 0.11554E-01 0.11627E-01 0.10797E+01 0.10797E+01 0.74405E+00   62
 0.50000E-02 0.60000E+02 0.11858E+00 0.94683E+00 0.10332E-01 0.10342E-01 0.94574E+00 0.94574E+00 0.10525E+00   62
 0.80000E-02 0.60000E+02 0.74111E-01 0.82401E+00 0.92651E-02 0.92908E-02 0.82113E+00 0.82113E+00 0.31113E+00   62
 0.13000E-01 0.60000E+02 0.45607E-01 0.71073E+00 0.86076E-02 0.86203E-02 0.70941E+00 0.70941E+00 0.15348E+00   62
 0.20000E-01 0.60000E+02 0.29644E-01 0.63530E+00 0.79491E-02 0.80554E-02 0.62473E+00 0.62473E+00 0.13290E+01   62
 0.32000E-01 0.60000E+02 0.18528E-01 0.55545E+00 0.74393E-02 0.75346E-02 0.54648E+00 0.54648E+00 0.12056E+01   62
 0.13000E+00 0.60000E+02 0.45607E-02 0.39583E+00 0.20058E-01 0.20917E-01 0.37660E+00 0.37660E+00 0.95876E+00   62
 0.32000E-02 0.90000E+02 0.27792E+00 0.11758E+01 0.14245E-01 0.14442E-01 0.11548E+01 0.11548E+01 0.14750E+01   62
 0.50000E-02 0.90000E+02 0.17787E+00 0.10350E+01 0.11870E-01 0.12116E-01 0.10079E+01 0.10079E+01 0.22840E+01   62
 0.80000E-02 0.90000E+02 0.11117E+00 0.89094E+00 0.10839E-01 0.11042E-01 0.86934E+00 0.86934E+00 0.19928E+01   62
 0.13000E-01 0.90000E+02 0.68410E-01 0.75878E+00 0.99481E-02 0.10093E-01 0.74465E+00 0.74465E+00 0.14202E+01   62
 0.20000E-01 0.90000E+02 0.44466E-01 0.65375E+00 0.86764E-02 0.87106E-02 0.65032E+00 0.65032E+00 0.39541E+00   62
 0.32000E-01 0.90000E+02 0.27792E-01 0.56072E+00 0.80929E-02 0.80657E-02 0.56322E+00 0.56322E+00 -.30874E+00   62
 0.80000E-01 0.90000E+02 0.11117E-01 0.43868E+00 0.78821E-02 0.79588E-02 0.43318E+00 0.43318E+00 0.69789E+00   62
 0.50000E-02 0.12000E+03 0.23715E+00 0.10457E+01 0.15981E-01 0.15942E-01 0.10494E+01 0.10494E+01 -.22868E+00   62
 0.80000E-02 0.12000E+03 0.14822E+00 0.90979E+00 0.12595E-01 0.12671E-01 0.90201E+00 0.90201E+00 0.61786E+00   62
 0.13000E-01 0.12000E+03 0.91213E-01 0.78001E+00 0.11407E-01 0.11528E-01 0.76854E+00 0.76854E+00 0.10056E+01   62
 0.20000E-01 0.12000E+03 0.59289E-01 0.67066E+00 0.99386E-02 0.99724E-02 0.66753E+00 0.66753E+00 0.31494E+00   62
 0.32000E-01 0.12000E+03 0.37055E-01 0.57732E+00 0.93884E-02 0.94236E-02 0.57427E+00 0.57427E+00 0.32543E+00   62
 0.50000E-01 0.12000E+03 0.23715E-01 0.48863E+00 0.83191E-02 0.81750E-02 0.50062E+00 0.50062E+00 -.14409E+01   62
 0.18000E+00 0.12000E+03 0.65876E-02 0.33329E+00 0.12865E-01 0.12968E-01 0.33002E+00 0.33002E+00 0.25431E+00   62
 0.20000E-01 0.15000E+03 0.74111E-01 0.69342E+00 0.13776E-01 0.13950E-01 0.68029E+00 0.68029E+00 0.95344E+00   62
 0.32000E-01 0.15000E+03 0.46319E-01 0.58798E+00 0.13143E-01 0.13224E-01 0.58242E+00 0.58242E+00 0.42235E+00   62
 0.50000E-01 0.15000E+03 0.29644E-01 0.51213E+00 0.11476E-01 0.11584E-01 0.50517E+00 0.50517E+00 0.60661E+00   62
 0.18000E+00 0.15000E+03 0.82345E-02 0.32506E+00 0.12210E-01 0.12132E-01 0.32780E+00 0.32780E+00 -.22403E+00   62
 0.20000E-03 0.12000E+02 0.59289E+00 0.13138E+01 0.37320E-01 0.36639E-01 0.13407E+01 0.13407E+01 -.72256E+00   62
 0.32000E-03 0.12000E+02 0.37055E+00 0.12335E+01 0.15641E-01 0.15413E-01 0.12567E+01 0.12567E+01 -.14856E+01   62
 0.32000E-03 0.15000E+02 0.46319E+00 0.13240E+01 0.23240E-01 0.22983E-01 0.13407E+01 0.13407E+01 -.72017E+00   62
 0.50000E-03 0.18000E+02 0.35573E+00 0.12772E+01 0.16696E-01 0.16434E-01 0.13015E+01 0.13015E+01 -.14567E+01   62
 0.50000E-03 0.27000E+02 0.53360E+00 0.14204E+01 0.23073E-01 0.22931E-01 0.14309E+01 0.14309E+01 -.45790E+00   62
 0.20000E-01 0.27000E+02 0.13340E-01 0.58086E+00 0.81365E-02 0.82670E-02 0.56974E+00 0.56974E+00 0.13671E+01   62
 0.80000E-03 0.35000E+02 0.43231E+00 0.13955E+01 0.18832E-01 0.18930E-01 0.13866E+01 0.13866E+01 0.47301E+00   62
 0.32000E-01 0.35000E+02 0.10808E-01 0.51947E+00 0.90527E-02 0.90122E-02 0.52209E+00 0.52209E+00 -.28930E+00   62
 0.80000E-03 0.45000E+02 0.55583E+00 0.14679E+01 0.26428E-01 0.26722E-01 0.14453E+01 0.14453E+01 0.85439E+00   62
 0.13000E-02 0.45000E+02 0.34205E+00 0.13158E+01 0.17339E-01 0.17434E-01 0.13066E+01 0.13066E+01 0.52777E+00   62
 0.32000E-01 0.45000E+02 0.13896E-01 0.53629E+00 0.84589E-02 0.84891E-02 0.53378E+00 0.53378E+00 0.29665E+00   62
 0.13000E-02 0.60000E+02 0.45607E+00 0.13936E+01 0.23684E-01 0.23926E-01 0.13738E+01 0.13738E+01 0.83295E+00   62
 0.50000E-01 0.60000E+02 0.11858E-01 0.51065E+00 0.10229E-01 0.10721E-01 0.48460E+00 0.48460E+00 0.25461E+01   62
 0.20000E-02 0.90000E+02 0.44466E+00 0.13214E+01 0.22947E-01 0.23050E-01 0.13136E+01 0.13136E+01 0.33808E+00   62
 0.50000E-01 0.90000E+02 0.17787E-01 0.49066E+00 0.85378E-02 0.84911E-02 0.49436E+00 0.49436E+00 -.43301E+00   62
 0.80000E-01 0.12000E+03 0.14822E-01 0.44268E+00 0.83169E-02 0.84207E-02 0.43539E+00 0.43539E+00 0.87729E+00   62
 0.13000E-01 0.15000E+03 0.11402E+00 0.80654E+00 0.18193E-01 0.18483E-01 0.78634E+00 0.78634E+00 0.11104E+01   62
 0.80000E-01 0.15000E+03 0.18528E-01 0.44642E+00 0.97600E-02 0.99083E-02 0.43689E+00 0.43689E+00 0.97638E+00   62
 0.32000E-02 0.15000E+03 0.51968E+00 0.12042E+01 0.27365E-01 0.27147E-01 0.12185E+01 0.12185E+01 -.52392E+00   62
 0.50000E-02 0.15000E+03 0.29644E+00 0.10577E+01 0.16583E-01 0.16334E-01 0.10790E+01 0.10790E+01 -.12865E+01   62
 0.80000E-02 0.15000E+03 0.18528E+00 0.91533E+00 0.16220E-01 0.16084E-01 0.92621E+00 0.92621E+00 -.67028E+00   62
 0.50000E-02 0.20000E+03 0.44346E+00 0.10745E+01 0.24646E-01 0.24201E-01 0.11050E+01 0.11050E+01 -.12395E+01   62
 0.80000E-02 0.20000E+03 0.24704E+00 0.93379E+00 0.12461E-01 0.12248E-01 0.95533E+00 0.95533E+00 -.17293E+01   62
 0.13000E-01 0.20000E+03 0.15202E+00 0.80557E+00 0.10115E-01 0.10092E-01 0.80817E+00 0.80817E+00 -.25715E+00   62
 0.20000E-01 0.20000E+03 0.98814E-01 0.69784E+00 0.10317E-01 0.10337E-01 0.69596E+00 0.69596E+00 0.18272E+00   62
 0.32000E-01 0.20000E+03 0.61759E-01 0.58603E+00 0.95493E-02 0.94753E-02 0.59236E+00 0.59236E+00 -.66293E+00   62
 0.50000E-01 0.20000E+03 0.39526E-01 0.52104E+00 0.83371E-02 0.84557E-02 0.51066E+00 0.51066E+00 0.12452E+01   62
 0.80000E-01 0.20000E+03 0.24704E-01 0.43126E+00 0.69578E-02 0.68720E-02 0.43859E+00 0.43859E+00 -.10530E+01   62
 0.50000E-02 0.25000E+03 0.55432E+00 0.10788E+01 0.32819E-01 0.32009E-01 0.11179E+01 0.11179E+01 -.11893E+01   62
 0.80000E-02 0.25000E+03 0.30879E+00 0.95306E+00 0.13980E-01 0.13741E-01 0.97555E+00 0.97555E+00 -.16082E+01   62
 0.13000E-01 0.25000E+03 0.19003E+00 0.82515E+00 0.11846E-01 0.11857E-01 0.82407E+00 0.82407E+00 0.91041E-01   62
 0.20000E-01 0.25000E+03 0.12352E+00 0.70062E+00 0.11187E-01 0.11108E-01 0.70745E+00 0.70745E+00 -.61058E+00   62
 0.32000E-01 0.25000E+03 0.77199E-01 0.59156E+00 0.10043E-01 0.99454E-02 0.59962E+00 0.59962E+00 -.80195E+00   62
 0.50000E-01 0.25000E+03 0.49407E-01 0.52110E+00 0.84590E-02 0.85357E-02 0.51461E+00 0.51461E+00 0.76732E+00   62
 0.80000E-01 0.25000E+03 0.30879E-01 0.43237E+00 0.72568E-02 0.71658E-02 0.43974E+00 0.43974E+00 -.10147E+01   62
 0.13000E+00 0.25000E+03 0.19003E-01 0.34153E+00 0.12256E-01 0.11414E-01 0.37084E+00 0.37084E+00 -.23913E+01   62
 0.25000E+00 0.25000E+03 0.98814E-02 0.26325E+00 0.12686E-01 0.12620E-01 0.26479E+00 0.26479E+00 -.12155E+00   62
 0.40000E+00 0.25000E+03 0.61759E-02 0.13958E+00 0.98875E-02 0.92838E-02 0.14980E+00 0.14980E+00 -.10332E+01   62
 0.50000E-02 0.30000E+03 0.66519E+00 0.11269E+01 0.45458E-01 0.45734E-01 0.11177E+01 0.11177E+01 0.20260E+00   62
 0.80000E-02 0.30000E+03 0.41574E+00 0.98168E+00 0.26532E-01 0.26474E-01 0.98505E+00 0.98505E+00 -.12703E+00   62
 0.13000E-01 0.30000E+03 0.22803E+00 0.81793E+00 0.12684E-01 0.12485E-01 0.83620E+00 0.83620E+00 -.14404E+01   62
 0.20000E-01 0.30000E+03 0.14822E+00 0.69925E+00 0.12250E-01 0.12037E-01 0.71636E+00 0.71636E+00 -.13973E+01   62
 0.32000E-01 0.30000E+03 0.92638E-01 0.61331E+00 0.10717E-01 0.10820E-01 0.60524E+00 0.60524E+00 0.75311E+00   62
 0.50000E-01 0.30000E+03 0.59289E-01 0.50333E+00 0.89292E-02 0.87556E-02 0.51763E+00 0.51763E+00 -.16013E+01   62
 0.80000E-01 0.30000E+03 0.37055E-01 0.43377E+00 0.71601E-02 0.70838E-02 0.44058E+00 0.44058E+00 -.95057E+00   62
 0.13000E+00 0.30000E+03 0.22803E-01 0.35254E+00 0.13589E-01 0.13025E-01 0.36999E+00 0.36999E+00 -.12836E+01   62
 0.25000E+00 0.30000E+03 0.11858E-01 0.26283E+00 0.14344E-01 0.14366E-01 0.26238E+00 0.26238E+00 0.31000E-01   62
 0.40000E+00 0.30000E+03 0.74111E-02 0.15497E+00 0.10785E-01 0.11289E-01 0.14729E+00 0.14729E+00 0.71231E+00   62
 0.80000E-02 0.40000E+03 0.55432E+00 0.96066E+00 0.32138E-01 0.31369E-01 0.99556E+00 0.99556E+00 -.10861E+01   62
 0.13000E-01 0.40000E+03 0.30404E+00 0.84584E+00 0.17052E-01 0.16948E-01 0.85309E+00 0.85309E+00 -.42525E+00   62
 0.20000E-01 0.40000E+03 0.19763E+00 0.71103E+00 0.13577E-01 0.13338E-01 0.72936E+00 0.72936E+00 -.13499E+01   62
 0.32000E-01 0.40000E+03 0.12352E+00 0.60667E+00 0.11577E-01 0.11486E-01 0.61351E+00 0.61351E+00 -.59077E+00   62
 0.50000E-01 0.40000E+03 0.79051E-01 0.50938E+00 0.95196E-02 0.93617E-02 0.52203E+00 0.52203E+00 -.13287E+01   62
 0.80000E-01 0.40000E+03 0.49407E-01 0.44449E+00 0.81686E-02 0.82023E-02 0.44179E+00 0.44179E+00 0.33008E+00   62
 0.13000E+00 0.40000E+03 0.30404E-01 0.36256E+00 0.72375E-02 0.71572E-02 0.36861E+00 0.36861E+00 -.83676E+00   62
 0.25000E+00 0.40000E+03 0.15810E-01 0.25681E+00 0.67205E-02 0.66831E-02 0.25874E+00 0.25874E+00 -.28698E+00   62
 0.40000E+00 0.40000E+03 0.98814E-02 0.16028E+00 0.92989E-02 0.10190E-01 0.14352E+00 0.14352E+00 0.18018E+01   62
 0.80000E-02 0.50000E+03 0.69290E+00 0.10113E+01 0.65999E-01 0.67081E-01 0.99082E+00 0.99082E+00 0.31012E+00   62
 0.13000E-01 0.50000E+03 0.42640E+00 0.88300E+00 0.52573E-01 0.53802E-01 0.85926E+00 0.85926E+00 0.45156E+00   62
 0.20000E-01 0.50000E+03 0.24704E+00 0.73693E+00 0.22073E-01 0.22042E-01 0.73825E+00 0.73825E+00 -.59566E-01   62
 0.32000E-01 0.50000E+03 0.15440E+00 0.62279E+00 0.18422E-01 0.18501E-01 0.61935E+00 0.61935E+00 0.18706E+00   62
 0.50000E-01 0.50000E+03 0.98814E-01 0.51677E+00 0.16985E-01 0.16771E-01 0.52513E+00 0.52513E+00 -.49244E+00   62
 0.80000E-01 0.50000E+03 0.61759E-01 0.43759E+00 0.14243E-01 0.14121E-01 0.44256E+00 0.44256E+00 -.34872E+00   62
 0.13000E+00 0.50000E+03 0.38005E-01 0.34683E+00 0.13227E-01 0.12669E-01 0.36755E+00 0.36755E+00 -.15664E+01   62
 0.18000E+00 0.50000E+03 0.27448E-01 0.29092E+00 0.13464E-01 0.12618E-01 0.31639E+00 0.31639E+00 -.18918E+01   62
 0.25000E+00 0.50000E+03 0.19763E-01 0.25394E+00 0.14071E-01 0.13981E-01 0.25602E+00 0.25602E+00 -.14779E+00   62
 0.40000E+00 0.50000E+03 0.12352E-01 0.16560E+00 0.12992E-01 0.14867E-01 0.14076E+00 0.14076E+00 0.19120E+01   62
 0.13000E-01 0.65000E+03 0.55432E+00 0.84587E+00 0.25466E-01 0.25170E-01 0.86238E+00 0.86238E+00 -.64818E+00   62
 0.20000E-01 0.65000E+03 0.36031E+00 0.70180E+00 0.41330E-01 0.39584E-01 0.74434E+00 0.74434E+00 -.10293E+01   62
 0.32000E-01 0.65000E+03 0.20072E+00 0.61492E+00 0.13526E-01 0.13379E-01 0.62535E+00 0.62535E+00 -.77175E+00   62
 0.50000E-01 0.65000E+03 0.12846E+00 0.51194E+00 0.11415E-01 0.11185E-01 0.52832E+00 0.52832E+00 -.14356E+01   62
 0.80000E-01 0.65000E+03 0.80287E-01 0.44637E+00 0.97324E-02 0.97757E-02 0.44328E+00 0.44328E+00 0.31752E+00   62
 0.13000E+00 0.65000E+03 0.49407E-01 0.36438E+00 0.87429E-02 0.87141E-02 0.36628E+00 0.36628E+00 -.21799E+00   62
 0.18000E+00 0.65000E+03 0.35683E-01 0.30312E+00 0.15509E-01 0.15086E-01 0.31411E+00 0.31411E+00 -.70834E+00   62
 0.25000E+00 0.65000E+03 0.25692E-01 0.25154E+00 0.75473E-02 0.75191E-02 0.25297E+00 0.25297E+00 -.18851E+00   62
 0.40000E+00 0.65000E+03 0.16057E-01 0.14435E+00 0.97638E-02 0.10092E-01 0.13768E+00 0.13768E+00 0.68296E+00   62
 0.65000E+00 0.65000E+03 0.98814E-02 0.22446E-01 0.35470E-02 0.37749E-02 0.20417E-01 0.20417E-01 0.57210E+00   62
 0.13000E-01 0.80000E+03 0.68224E+00 0.89002E+00 0.33501E-01 0.34284E-01 0.85631E+00 0.85631E+00 0.10063E+01   62
 0.20000E-01 0.80000E+03 0.44346E+00 0.73689E+00 0.35625E-01 0.35312E-01 0.74727E+00 0.74727E+00 -.29120E+00   62
 0.32000E-01 0.80000E+03 0.24704E+00 0.64176E+00 0.15179E-01 0.15369E-01 0.62922E+00 0.62922E+00 0.82626E+00   62
 0.50000E-01 0.80000E+03 0.15810E+00 0.51570E+00 0.12561E-01 0.12339E-01 0.53045E+00 0.53045E+00 -.11740E+01   62
 0.80000E-01 0.80000E+03 0.98814E-01 0.44803E+00 0.11267E-01 0.11336E-01 0.44367E+00 0.44367E+00 0.38670E+00   62
 0.13000E+00 0.80000E+03 0.60809E-01 0.36222E+00 0.98551E-02 0.98049E-02 0.36527E+00 0.36527E+00 -.30998E+00   62
 0.18000E+00 0.80000E+03 0.43917E-01 0.32505E+00 0.15699E-01 0.16150E-01 0.31236E+00 0.31236E+00 0.80893E+00   62
 0.25000E+00 0.80000E+03 0.31621E-01 0.25598E+00 0.82342E-02 0.83397E-02 0.25066E+00 0.25066E+00 0.64661E+00   62
 0.40000E+00 0.80000E+03 0.19763E-01 0.12977E+00 0.97625E-02 0.94901E-02 0.13538E+00 0.13538E+00 -.57482E+00   62
 0.65000E+00 0.80000E+03 0.12162E-01 0.20073E-01 0.29935E-02 0.30226E-02 0.19788E-01 0.19788E-01 0.95360E-01   62
 0.20000E-01 0.10000E+04 0.55432E+00 0.73772E+00 0.49567E-01 0.49211E-01 0.74576E+00 0.74576E+00 -.16225E+00   62
 0.32000E-01 0.10000E+04 0.30879E+00 0.63745E+00 0.26781E-01 0.26941E-01 0.63204E+00 0.63204E+00 0.20172E+00   62
 0.50000E-01 0.10000E+04 0.19763E+00 0.55567E+00 0.21856E-01 0.22512E-01 0.53213E+00 0.53213E+00 0.10772E+01   62
 0.80000E-01 0.10000E+04 0.12352E+00 0.44424E+00 0.18356E-01 0.18366E-01 0.44386E+00 0.44386E+00 0.20736E-01   62
 0.13000E+00 0.10000E+04 0.76011E-01 0.39411E+00 0.18250E-01 0.19230E-01 0.36415E+00 0.36415E+00 0.16418E+01   62
 0.18000E+00 0.10000E+04 0.54897E-01 0.32743E+00 0.16351E-01 0.16918E-01 0.31053E+00 0.31053E+00 0.10335E+01   62
 0.25000E+00 0.10000E+04 0.39526E-01 0.25621E+00 0.15276E-01 0.15602E-01 0.24830E+00 0.24830E+00 0.51775E+00   62
 0.40000E+00 0.10000E+04 0.24704E-01 0.12517E+00 0.13024E-01 0.12473E-01 0.13304E+00 0.13304E+00 -.60401E+00   62
 0.65000E+00 0.10000E+04 0.15202E-01 0.19090E-01 0.32226E-02 0.32153E-02 0.19156E-01 0.19156E-01 -.20483E-01   62
 0.20000E-01 0.12000E+04 0.66519E+00 0.70466E+00 0.31766E-01 0.30943E-01 0.73930E+00 0.73930E+00 -.10903E+01   62
 0.32000E-01 0.12000E+04 0.41574E+00 0.59062E+00 0.26276E-01 0.25327E-01 0.62951E+00 0.62951E+00 -.14801E+01   62
 0.50000E-01 0.12000E+04 0.23715E+00 0.51570E+00 0.12537E-01 0.12299E-01 0.53284E+00 0.53284E+00 -.13675E+01   62
 0.80000E-01 0.12000E+04 0.14822E+00 0.45302E+00 0.10874E-01 0.11005E-01 0.44375E+00 0.44375E+00 0.85328E+00   62
 0.13000E+00 0.12000E+04 0.91213E-01 0.36769E+00 0.97032E-02 0.97723E-02 0.36318E+00 0.36318E+00 0.46503E+00   62
 0.18000E+00 0.12000E+04 0.65876E-01 0.32809E+00 0.17766E-01 0.18427E-01 0.30908E+00 0.30908E+00 0.10702E+01   62
 0.25000E+00 0.12000E+04 0.47431E-01 0.24826E+00 0.73421E-02 0.73727E-02 0.24646E+00 0.24646E+00 0.24530E+00   62
 0.40000E+00 0.12000E+04 0.29644E-01 0.13742E+00 0.68584E-02 0.70661E-02 0.13124E+00 0.13124E+00 0.90192E+00   62
 0.65000E+00 0.12000E+04 0.18243E-01 0.21408E-01 0.32264E-02 0.35229E-02 0.18674E-01 0.18674E-01 0.84759E+00   62
 0.20000E-01 0.15000E+04 0.83149E+00 0.73147E+00 0.52250E-01 0.52648E-01 0.72300E+00 0.72300E+00 0.16204E+00   62
 0.32000E-01 0.15000E+04 0.51968E+00 0.55730E+00 0.40940E-01 0.38352E-01 0.62561E+00 0.62561E+00 -.16685E+01   62
 0.50000E-01 0.15000E+04 0.29644E+00 0.55345E+00 0.15252E-01 0.15598E-01 0.53249E+00 0.53249E+00 0.13737E+01   62
 0.80000E-01 0.15000E+04 0.18528E+00 0.44625E+00 0.12860E-01 0.12913E-01 0.44309E+00 0.44309E+00 0.24579E+00   62
 0.13000E+00 0.15000E+04 0.11402E+00 0.34098E+00 0.12967E-01 0.12534E-01 0.36186E+00 0.36186E+00 -.16101E+01   62
 0.18000E+00 0.15000E+04 0.82345E-01 0.31791E+00 0.11013E-01 0.11224E-01 0.30731E+00 0.30731E+00 0.96262E+00   62
 0.25000E+00 0.15000E+04 0.59289E-01 0.25467E+00 0.10435E-01 0.10691E-01 0.24431E+00 0.24431E+00 0.99321E+00   62
 0.40000E+00 0.15000E+04 0.37055E-01 0.12435E+00 0.80036E-02 0.78245E-02 0.12916E+00 0.12916E+00 -.60140E+00   62
 0.65000E+00 0.15000E+04 0.22803E-01 0.12861E-01 0.31518E-02 0.25766E-02 0.18124E-01 0.18124E-01 -.16697E+01   62
 0.32000E-01 0.20000E+04 0.69290E+00 0.59528E+00 0.40078E-01 0.39441E-01 0.61208E+00 0.61208E+00 -.41917E+00   62
 0.50000E-01 0.20000E+04 0.44346E+00 0.49629E+00 0.30535E-01 0.29625E-01 0.52443E+00 0.52443E+00 -.92177E+00   62
 0.80000E-01 0.20000E+04 0.24704E+00 0.43277E+00 0.14718E-01 0.14567E-01 0.44083E+00 0.44083E+00 -.54761E+00   62
 0.13000E+00 0.20000E+04 0.15202E+00 0.37049E+00 0.14099E-01 0.14336E-01 0.35969E+00 0.35969E+00 0.76555E+00   62
 0.18000E+00 0.20000E+04 0.10979E+00 0.31618E+00 0.12786E-01 0.13044E-01 0.30494E+00 0.30494E+00 0.87868E+00   62
 0.25000E+00 0.20000E+04 0.79051E-01 0.23866E+00 0.11480E-01 0.11400E-01 0.24167E+00 0.24167E+00 -.26269E+00   62
 0.40000E+00 0.20000E+04 0.49407E-01 0.12804E+00 0.87863E-02 0.88416E-02 0.12671E+00 0.12671E+00 0.15206E+00   62
 0.65000E+00 0.20000E+04 0.30404E-01 0.21148E-01 0.41537E-02 0.46660E-02 0.17480E-01 0.17480E-01 0.88295E+00   62
 0.50000E-01 0.30000E+04 0.66519E+00 0.52174E+00 0.31153E-01 0.31807E-01 0.50315E+00 0.50315E+00 0.59683E+00   62
 0.80000E-01 0.30000E+04 0.41574E+00 0.44459E+00 0.26744E-01 0.27345E-01 0.42722E+00 0.42722E+00 0.64958E+00   62
 0.13000E+00 0.30000E+04 0.22803E+00 0.34346E+00 0.15801E-01 0.15516E-01 0.35448E+00 0.35448E+00 -.69728E+00   62
 0.18000E+00 0.30000E+04 0.16469E+00 0.30309E+00 0.13928E-01 0.13991E-01 0.30075E+00 0.30075E+00 0.16793E+00   62
 0.25000E+00 0.30000E+04 0.11858E+00 0.21764E+00 0.12522E-01 0.11911E-01 0.23790E+00 0.23790E+00 -.16182E+01   62
 0.40000E+00 0.30000E+04 0.74111E-01 0.12066E+00 0.86146E-02 0.84934E-02 0.12361E+00 0.12361E+00 -.34271E+00   62
 0.65000E+00 0.30000E+04 0.45607E-01 0.16057E-01 0.21980E-02 0.21499E-02 0.16696E-01 0.16696E-01 -.29087E+00   62
 0.80000E-01 0.50000E+04 0.69290E+00 0.36236E+00 0.27383E-01 0.26284E-01 0.39014E+00 0.39014E+00 -.10146E+01   62
 0.13000E+00 0.50000E+04 0.42640E+00 0.33183E+00 0.27067E-01 0.27079E-01 0.33155E+00 0.33155E+00 0.10477E-01   62
 0.18000E+00 0.50000E+04 0.27448E+00 0.26365E+00 0.14403E-01 0.13653E-01 0.29045E+00 0.29045E+00 -.18610E+01   62
 0.25000E+00 0.50000E+04 0.19763E+00 0.23464E+00 0.13853E-01 0.13969E-01 0.23125E+00 0.23125E+00 0.24478E+00   62
 0.40000E+00 0.50000E+04 0.12352E+00 0.12019E+00 0.89777E-02 0.89911E-02 0.11986E+00 0.11986E+00 0.36572E-01   62
 0.65000E+00 0.50000E+04 0.76011E-01 0.10287E-01 0.40527E-02 0.31026E-02 0.15880E-01 0.15880E-01 -.13800E+01   62
 0.13000E+00 0.80000E+04 0.68224E+00 0.25623E+00 0.31069E-01 0.29163E-01 0.28809E+00 0.28809E+00 -.10254E+01   62
 0.18000E+00 0.80000E+04 0.49273E+00 0.27699E+00 0.30684E-01 0.31882E-01 0.25824E+00 0.25824E+00 0.61129E+00   62
 0.25000E+00 0.80000E+04 0.35477E+00 0.23051E+00 0.27162E-01 0.28325E-01 0.21322E+00 0.21322E+00 0.63653E+00   62
 0.40000E+00 0.80000E+04 0.19763E+00 0.10136E+00 0.11586E-01 0.10785E-01 0.11512E+00 0.11512E+00 -.11877E+01   62
 0.65000E+00 0.80000E+04 0.12162E+00 0.17385E-01 0.29797E-02 0.32161E-02 0.15189E-01 0.15189E-01 0.73682E+00   62
 0.18000E+00 0.12000E+05 0.73910E+00 0.20803E+00 0.37043E-01 0.36541E-01 0.21366E+00 0.21366E+00 -.15191E+00   62
 0.25000E+00 0.12000E+05 0.53215E+00 0.15013E+00 0.34340E-01 0.30794E-01 0.18540E+00 0.18540E+00 -.10272E+01   62
 0.40000E+00 0.12000E+05 0.29644E+00 0.73342E-01 0.14748E-01 0.11937E-01 0.10772E+00 0.10772E+00 -.23310E+01   62
 0.65000E+00 0.12000E+05 0.18243E+00 0.16605E-01 0.58857E-02 0.64062E-02 0.14465E-01 0.14465E-01 0.36368E+00   62
 0.25000E+00 0.20000E+05 0.88692E+00 0.13523E+00 0.41553E-01 0.41844E-01 0.13338E+00 0.13338E+00 0.44385E-01   62
 0.40000E+00 0.20000E+05 0.55432E+00 0.11603E+00 0.31835E-01 0.37816E-01 0.83562E-01 0.83562E-01 0.10200E+01   62
 0.65000E+00 0.20000E+05 0.30404E+00 0.14365E-01 0.77718E-02 0.82646E-02 0.13002E-01 0.13002E-01 0.17538E+00   62
 0.40000E+00 0.30000E+05 0.83149E+00 0.10995E+00 0.53594E-01 0.72825E-01 0.59733E-01 0.59733E-01 0.93693E+00   62
 0.13000E-02 0.90000E+02 0.68410E+00 0.14455E+01 0.58405E-01 0.59299E-01 0.14219E+01 0.14219E+01 0.40386E+00   62
 0.16000E-02 0.12000E+03 0.74111E+00 0.14005E+01 0.48169E-01 0.48569E-01 0.13872E+01 0.13872E+01 0.27651E+00   62
 0.20000E-02 0.12000E+03 0.59289E+00 0.13130E+01 0.37713E-01 0.36898E-01 0.13469E+01 0.13469E+01 -.90013E+00   62
 0.32000E-02 0.12000E+03 0.37055E+00 0.12117E+01 0.29464E-01 0.29682E-01 0.12014E+01 0.12014E+01 0.35125E+00   62
 0.20000E-02 0.15000E+03 0.74111E+00 0.13890E+01 0.48657E-01 0.49964E-01 0.13460E+01 0.13460E+01 0.88363E+00   62
 0.32000E-02 0.15000E+03 0.46319E+00 0.12011E+01 0.32352E-01 0.31671E-01 0.12299E+01 0.12299E+01 -.89231E+00   62
 0.26000E-02 0.20000E+03 0.76011E+00 0.12857E+01 0.46027E-01 0.45949E-01 0.12884E+01 0.12884E+01 -.58543E-01   62
 0.32000E-02 0.20000E+03 0.61759E+00 0.12207E+01 0.39288E-01 0.38578E-01 0.12483E+01 0.12483E+01 -.70116E+00   62
 0.50000E-02 0.20000E+03 0.39526E+00 0.11029E+01 0.17998E-01 0.17892E-01 0.11116E+01 0.11116E+01 -.48325E+00   62
 0.13000E+00 0.20000E+03 0.15202E-01 0.35523E+00 0.16494E-01 0.15873E-01 0.37186E+00 0.37186E+00 -.10084E+01   62
 0.25000E+00 0.20000E+03 0.79051E-02 0.27287E+00 0.16510E-01 0.16767E-01 0.26782E+00 0.26782E+00 0.30594E+00   62
 0.40000E+00 0.20000E+03 0.49407E-02 0.13869E+00 0.12208E-01 0.11237E-01 0.15300E+00 0.15300E+00 -.11720E+01   62
 0.33000E-02 0.25000E+03 0.74859E+00 0.12467E+01 0.48000E-01 0.48402E-01 0.12336E+01 0.12336E+01 0.27246E+00   62
 0.50000E-02 0.25000E+03 0.49407E+00 0.11022E+01 0.31467E-01 0.30837E-01 0.11293E+01 0.11293E+01 -.85869E+00   62
 0.39000E-02 0.30000E+03 0.76011E+00 0.11845E+01 0.47141E-01 0.46958E-01 0.11905E+01 0.11905E+01 -.12730E+00   62
 0.50000E-02 0.30000E+03 0.59289E+00 0.11245E+01 0.42732E-01 0.42410E-01 0.11355E+01 0.11355E+01 -.25693E+00   62
 0.80000E-02 0.30000E+03 0.37055E+00 0.97062E+00 0.19339E-01 0.19067E-01 0.98969E+00 0.98969E+00 -.98567E+00   62
 0.53000E-02 0.40000E+03 0.74577E+00 0.11579E+01 0.47520E-01 0.49028E-01 0.11115E+01 0.11115E+01 0.97784E+00   62
 0.80000E-02 0.40000E+03 0.49407E+00 0.10229E+01 0.22380E-01 0.22663E-01 0.10049E+01 0.10049E+01 0.80588E+00   62
 0.66000E-02 0.50000E+03 0.74859E+00 0.10165E+01 0.46784E-01 0.45669E-01 0.10506E+01 0.10506E+01 -.72840E+00   62
 0.80000E-02 0.50000E+03 0.61759E+00 0.10286E+01 0.47940E-01 0.48699E-01 0.10066E+01 0.10066E+01 0.45982E+00   62
 0.13000E-01 0.50000E+03 0.38005E+00 0.88428E+00 0.32644E-01 0.33271E-01 0.86331E+00 0.86331E+00 0.64255E+00   62
 0.85000E-02 0.65000E+03 0.75564E+00 0.98585E+00 0.52816E-01 0.53084E-01 0.97921E+00 0.97921E+00 0.12584E+00   62
 0.13000E-01 0.65000E+03 0.49407E+00 0.85109E+00 0.20003E-01 0.19719E-01 0.86990E+00 0.86990E+00 -.94057E+00   62
 0.20000E-01 0.65000E+03 0.32115E+00 0.74474E+00 0.16416E-01 0.16388E-01 0.74676E+00 0.74676E+00 -.12333E+00   62
 0.10500E-01 0.80000E+03 0.75287E+00 0.94651E+00 0.57652E-01 0.58967E-01 0.91796E+00 0.91796E+00 0.49515E+00   62
 0.13000E-01 0.80000E+03 0.60809E+00 0.85043E+00 0.24538E-01 0.24214E-01 0.86835E+00 0.86835E+00 -.73032E+00   62
 0.20000E-01 0.80000E+03 0.39526E+00 0.75244E+00 0.22677E-01 0.22701E-01 0.75116E+00 0.75116E+00 0.56242E-01   62
 0.13000E-01 0.10000E+04 0.76011E+00 0.87116E+00 0.55024E-01 0.55672E-01 0.85644E+00 0.85644E+00 0.26743E+00   62
 0.20000E-01 0.10000E+04 0.49407E+00 0.73216E+00 0.37614E-01 0.36912E-01 0.75222E+00 0.75222E+00 -.53311E+00   62
 0.20000E-01 0.12000E+04 0.59289E+00 0.78558E+00 0.24464E-01 0.25174E-01 0.74883E+00 0.74883E+00 0.15024E+01   62
 0.32000E-01 0.12000E+04 0.37055E+00 0.64851E+00 0.20041E-01 0.20339E-01 0.63283E+00 0.63283E+00 0.78231E+00   62
 0.20000E-01 0.15000E+04 0.74111E+00 0.68871E+00 0.31388E-01 0.30115E-01 0.73728E+00 0.73728E+00 -.15474E+01   62
 0.32000E-01 0.15000E+04 0.46319E+00 0.62012E+00 0.24099E-01 0.23860E-01 0.63094E+00 0.63094E+00 -.44890E+00   62
 0.32000E-01 0.20000E+04 0.61759E+00 0.62390E+00 0.28828E-01 0.28900E-01 0.62132E+00 0.62132E+00 0.89636E-01   62
 0.50000E-01 0.20000E+04 0.39526E+00 0.50250E+00 0.22992E-01 0.22342E-01 0.52878E+00 0.52878E+00 -.11430E+01   62
 0.50000E-01 0.30000E+04 0.59289E+00 0.54041E+00 0.24395E-01 0.25186E-01 0.51210E+00 0.51210E+00 0.11607E+01   62
 0.80000E-01 0.30000E+04 0.37055E+00 0.41664E+00 0.20061E-01 0.19649E-01 0.43213E+00 0.43213E+00 -.77224E+00   62
 0.80000E-01 0.50000E+04 0.61759E+00 0.41906E+00 0.19785E-01 0.20294E-01 0.40093E+00 0.40093E+00 0.91645E+00   62
 0.13000E+00 0.50000E+04 0.38005E+00 0.34964E+00 0.19915E-01 0.20289E-01 0.33807E+00 0.33807E+00 0.58102E+00   62
 0.13000E+00 0.80000E+04 0.60809E+00 0.32109E+00 0.23443E-01 0.24316E-01 0.30032E+00 0.30032E+00 0.88603E+00   62
 0.18000E+00 0.80000E+04 0.43917E+00 0.29905E+00 0.22038E-01 0.23448E-01 0.26702E+00 0.26702E+00 0.14532E+01   62
 0.25000E+00 0.80000E+04 0.31621E+00 0.20802E+00 0.20171E-01 0.19640E-01 0.21827E+00 0.21827E+00 -.50826E+00   62
 0.18000E+00 0.12000E+05 0.65876E+00 0.29144E+00 0.27273E-01 0.31282E-01 0.22643E+00 0.22643E+00 0.23837E+01   62
 0.25000E+00 0.12000E+05 0.47431E+00 0.15364E+00 0.27644E-01 0.24340E-01 0.19449E+00 0.19449E+00 -.14778E+01   62
 0.25000E+00 0.20000E+05 0.79051E+00 0.96105E-01 0.26690E-01 0.21815E-01 0.14249E+00 0.14249E+00 -.17379E+01   62
 0.40000E+00 0.20000E+05 0.49407E+00 0.46933E-01 0.23942E-01 0.16977E-01 0.89085E-01 0.89085E-01 -.17606E+01   62
 0.40000E+00 0.30000E+05 0.74111E+00 0.85591E-01 0.28099E-01 0.32663E-01 0.65389E-01 0.65389E-01 0.71898E+00   62
 0.80000E-03 0.45000E+02 0.62361E+00 0.14926E+01 0.38959E-01 0.40468E-01 0.14213E+01 0.14213E+01 0.18314E+01   62
 0.13000E-02 0.60000E+02 0.51168E+00 0.14067E+01 0.22587E-01 0.23112E-01 0.13603E+01 0.13603E+01 0.20545E+01   62
 0.13000E-02 0.70000E+02 0.59696E+00 0.14530E+01 0.29556E-01 0.30547E-01 0.13808E+01 0.13808E+01 0.24450E+01   62
 0.20000E-02 0.70000E+02 0.38803E+00 0.12742E+01 0.24531E-01 0.24688E-01 0.12609E+01 0.12609E+01 0.54448E+00   62
 0.32000E-02 0.70000E+02 0.21616E+00 0.11029E+01 0.20553E-01 0.20484E-01 0.11091E+01 0.11091E+01 -.29903E+00   62
 0.50000E-02 0.70000E+02 0.13834E+00 0.99919E+00 0.17046E-01 0.17358E-01 0.96976E+00 0.96976E+00 0.17269E+01   62
 0.80000E-02 0.70000E+02 0.86462E-01 0.82433E+00 0.15048E-01 0.14881E-01 0.83972E+00 0.83972E+00 -.10232E+01   62
 0.13000E-01 0.70000E+02 0.53208E-01 0.72004E+00 0.15136E-01 0.15098E-01 0.72303E+00 0.72303E+00 -.19723E+00   62
 0.20000E-01 0.70000E+02 0.34585E-01 0.64031E+00 0.12833E-01 0.12904E-01 0.63464E+00 0.63464E+00 0.44151E+00   62
 0.32000E-01 0.70000E+02 0.21616E-01 0.56419E+00 0.13447E-01 0.13615E-01 0.55301E+00 0.55301E+00 0.83114E+00   62
 0.50000E-01 0.70000E+02 0.13834E-01 0.51282E+00 0.10785E-01 0.11172E-01 0.48845E+00 0.48845E+00 0.22596E+01   62
 0.20000E-02 0.90000E+02 0.49889E+00 0.12613E+01 0.28356E-01 0.27819E-01 0.13019E+01 0.13019E+01 -.14342E+01   62
 0.18000E+00 0.90000E+02 0.49407E-02 0.34375E+00 0.15805E-01 0.16208E-01 0.33294E+00 0.33294E+00 0.68377E+00   62
 0.20000E-02 0.12000E+03 0.66519E+00 0.13359E+01 0.34986E-01 0.35213E-01 0.13226E+01 0.13226E+01 0.38024E+00   62
 0.32000E-02 0.12000E+03 0.41574E+00 0.11864E+01 0.26263E-01 0.26147E-01 0.11949E+01 0.11949E+01 -.32318E+00   62
 0.32000E-02 0.20000E+03 0.69290E+00 0.11708E+01 0.54050E-01 0.52497E-01 0.12250E+01 0.12250E+01 -.10036E+01   62
 0.18000E+00 0.20000E+03 0.10979E-01 0.33141E+00 0.91252E-02 0.92702E-02 0.32497E+00 0.32497E+00 0.70553E+00   62
 0.18000E+00 0.25000E+03 0.13724E-01 0.32524E+00 0.73442E-02 0.73839E-02 0.32281E+00 0.32281E+00 0.33070E+00   62
 0.18000E+00 0.30000E+03 0.16469E-01 0.31829E+00 0.71326E-02 0.70915E-02 0.32107E+00 0.32107E+00 -.38964E+00   62
 0.13000E-01 0.40000E+03 0.34112E+00 0.85865E+00 0.26468E-01 0.26602E-01 0.85069E+00 0.85069E+00 0.30070E+00   62
 0.85000E-02 0.65000E+03 0.84779E+00 0.92153E+00 0.48531E-01 0.47478E-01 0.95601E+00 0.95601E+00 -.71044E+00   62
 0.14000E-01 0.12000E+04 0.95027E+00 0.87459E+00 0.48043E-01 0.50268E-01 0.80431E+00 0.80431E+00 0.14628E+01   62
 0.95100E-04 0.65000E+01 0.75735E+00 0.11650E+01 0.44947E-01 0.44547E-01 0.11781E+01 0.11781E+01 -.29049E+00   62
 0.50000E-02 0.65000E+01 0.12846E-01 0.58137E+00 0.90687E-02 0.89758E-02 0.58875E+00 0.58875E+00 -.81317E+00   62
 0.20000E-01 0.65000E+01 0.32115E-02 0.49685E+00 0.12660E-01 0.13534E-01 0.46168E+00 0.46168E+00 0.27780E+01   62
 0.13000E-03 0.10000E+02 0.85281E+00 0.11411E+01 0.72888E-01 0.67378E-01 0.12709E+01 0.12709E+01 -.17810E+01   62
 0.20000E-03 0.10000E+02 0.55432E+00 0.12484E+01 0.35590E-01 0.35283E-01 0.12634E+01 0.12634E+01 -.42297E+00   62
 0.32000E-03 0.10000E+02 0.30879E+00 0.11528E+01 0.27699E-01 0.27205E-01 0.11839E+01 0.11839E+01 -.11228E+01   62
 0.50000E-03 0.10000E+02 0.19763E+00 0.10687E+01 0.24406E-01 0.24168E-01 0.10839E+01 0.10839E+01 -.62038E+00   62
 0.80000E-03 0.10000E+02 0.12352E+00 0.98326E+00 0.23243E-01 0.23276E-01 0.98127E+00 0.98127E+00 0.85612E-01   62
 0.13000E-02 0.10000E+02 0.76011E-01 0.89832E+00 0.23134E-01 0.23409E-01 0.88264E+00 0.88264E+00 0.67810E+00   62
 0.20000E-02 0.10000E+02 0.49407E-01 0.80909E+00 0.22592E-01 0.22728E-01 0.80256E+00 0.80256E+00 0.28940E+00   62
 0.50000E-02 0.10000E+02 0.19763E-01 0.63288E+00 0.10281E-01 0.10008E-01 0.65593E+00 0.65593E+00 -.22414E+01   62
 0.20000E-01 0.10000E+02 0.49407E-02 0.51610E+00 0.10395E-01 0.10783E-01 0.49483E+00 0.49483E+00 0.20460E+01   62
 0.50000E-03 0.22000E+02 0.48780E+00 0.13419E+01 0.41310E-01 0.40991E-01 0.13580E+01 0.13580E+01 -.39042E+00   62
 0.80000E-03 0.22000E+02 0.27174E+00 0.12688E+01 0.30372E-01 0.30757E-01 0.12421E+01 0.12421E+01 0.88189E+00   62
 0.13000E-02 0.22000E+02 0.16722E+00 0.10712E+01 0.30490E-01 0.29853E-01 0.11052E+01 0.11052E+01 -.11163E+01   62
 0.20000E-02 0.22000E+02 0.10870E+00 0.10191E+01 0.29537E-01 0.30003E-01 0.99170E+00 0.99170E+00 0.92769E+00   62
 0.32000E-02 0.22000E+02 0.67935E-01 0.90587E+00 0.25819E-01 0.26301E-01 0.87896E+00 0.87896E+00 0.10422E+01   62
 0.50000E-02 0.22000E+02 0.43478E-01 0.77425E+00 0.20475E-01 0.20331E-01 0.78348E+00 0.78348E+00 -.45104E+00   62
 0.80000E-02 0.22000E+02 0.27174E-01 0.65991E+00 0.18411E-01 0.17850E-01 0.69481E+00 0.69481E+00 -.18957E+01   62
 0.13000E-01 0.22000E+02 0.16722E-01 0.59076E+00 0.17506E-01 0.16964E-01 0.61521E+00 0.61521E+00 -.13968E+01   62
 0.32000E-01 0.22000E+02 0.67935E-02 0.52338E+00 0.14054E-01 0.14589E-01 0.49917E+00 0.49917E+00 0.17225E+01   62
 0.80000E-03 0.27000E+02 0.37417E+00 0.12963E+01 0.35069E-01 0.34965E-01 0.13029E+01 0.13029E+01 -.18652E+00   62
 0.14000E-01 0.12000E+04 0.84698E+00 0.83766E+00 0.36481E-01 0.36855E-01 0.82517E+00 0.82517E+00 0.34225E+00   62
          63
 CC cross section HERA-I H1-ZEUS combined e-p.                                   
 x           Q2          y              data      +- uncor     +- tot     th orig         th mod     pull    iset
 0.13000E-01 0.30000E+03 0.22803E+00 0.39264E+00 0.34422E+00 0.24267E+00 0.75406E+00 0.75406E+00 -.10500E+01   63
 0.32000E-01 0.30000E+03 0.92638E-01 0.28592E+00 0.65381E-01 0.69046E-01 0.25952E+00 0.25952E+00 0.40384E+00   63
 0.80000E-01 0.30000E+03 0.37055E-01 0.63219E-01 0.31878E-01 0.27766E-01 0.81853E-01 0.81853E-01 -.58455E+00   63
 0.13000E-01 0.50000E+03 0.38005E+00 0.47724E+00 0.16753E+00 0.14104E+00 0.64621E+00 0.64621E+00 -.10086E+01   63
 0.32000E-01 0.50000E+03 0.15440E+00 0.24895E+00 0.44662E-01 0.45750E-01 0.23832E+00 0.23832E+00 0.23809E+00   63
 0.80000E-01 0.50000E+03 0.61759E-01 0.76379E-01 0.15417E-01 0.15423E-01 0.76327E-01 0.76327E-01 0.34067E-02   63
 0.13000E+00 0.50000E+03 0.38005E-01 0.54540E-01 0.13953E-01 0.16322E-01 0.40395E-01 0.40395E-01 0.10138E+01   63
 0.32000E-01 0.10000E+04 0.30879E+00 0.16901E+00 0.27346E-01 0.25627E-01 0.19019E+00 0.19019E+00 -.77463E+00   63
 0.80000E-01 0.10000E+04 0.12352E+00 0.62763E-01 0.88938E-02 0.87665E-02 0.64408E-01 0.64408E-01 -.18496E+00   63
 0.13000E+00 0.10000E+04 0.76011E-01 0.34436E-01 0.61218E-02 0.61405E-02 0.34239E-01 0.34239E-01 0.32116E-01   63
 0.25000E+00 0.10000E+04 0.39526E-01 0.14022E-01 0.51827E-02 0.54564E-02 0.12738E-01 0.12738E-01 0.24792E+00   63
 0.32000E-01 0.20000E+04 0.61759E+00 0.13119E+00 0.20873E-01 0.21376E-01 0.12557E+00 0.12557E+00 0.26917E+00   63
 0.80000E-01 0.20000E+04 0.24704E+00 0.56724E-01 0.70164E-02 0.77527E-02 0.47171E-01 0.47171E-01 0.13615E+01   63
 0.13000E+00 0.20000E+04 0.15202E+00 0.19690E-01 0.49044E-02 0.42742E-02 0.25575E-01 0.25575E-01 -.11998E+01   63
 0.25000E+00 0.20000E+04 0.79051E-01 0.86111E-02 0.23924E-02 0.22701E-02 0.95012E-02 0.95012E-02 -.37204E+00   63
 0.80000E-01 0.30000E+04 0.37055E+00 0.33305E-01 0.35970E-02 0.34612E-02 0.35731E-01 0.35731E-01 -.67446E+00   63
 0.13000E+00 0.30000E+04 0.22803E+00 0.21125E-01 0.23456E-02 0.24324E-02 0.19780E-01 0.19780E-01 0.57319E+00   63
 0.25000E+00 0.30000E+04 0.11858E+00 0.74619E-02 0.10329E-02 0.10379E-02 0.73935E-02 0.73935E-02 0.66184E-01   63
 0.40000E+00 0.30000E+04 0.74111E-01 0.24630E-02 0.71155E-03 0.70919E-03 0.24775E-02 0.24775E-02 -.20360E-01   63
 0.80000E-01 0.50000E+04 0.61759E+00 0.19486E-01 0.28854E-02 0.26688E-02 0.22308E-01 0.22308E-01 -.97791E+00   63
 0.13000E+00 0.50000E+04 0.38005E+00 0.12902E-01 0.15075E-02 0.15179E-02 0.12741E-01 0.12741E-01 0.10679E+00   63
 0.25000E+00 0.50000E+04 0.19763E+00 0.42901E-02 0.62647E-03 0.58780E-03 0.48416E-02 0.48416E-02 -.88040E+00   63
 0.40000E+00 0.50000E+04 0.12352E+00 0.18950E-02 0.34336E-03 0.37532E-03 0.16101E-02 0.16101E-02 0.82970E+00   63
 0.13000E+00 0.80000E+04 0.60809E+00 0.80232E-02 0.10529E-02 0.10929E-02 0.75084E-02 0.75084E-02 0.48887E+00   63
 0.25000E+00 0.80000E+04 0.31621E+00 0.38028E-02 0.39468E-03 0.45596E-03 0.29109E-02 0.29109E-02 0.22598E+01   63
 0.40000E+00 0.80000E+04 0.19763E+00 0.10542E-02 0.20269E-03 0.21250E-03 0.96505E-03 0.96505E-03 0.43985E+00   63
 0.25000E+00 0.15000E+05 0.59289E+00 0.13275E-02 0.22867E-03 0.23865E-03 0.12336E-02 0.12336E-02 0.41081E+00   63
 0.40000E+00 0.15000E+05 0.37055E+00 0.37240E-03 0.95939E-04 0.91261E-04 0.40852E-03 0.40852E-03 -.37651E+00   63
 0.13000E-01 0.10000E+04 0.76011E+00 0.70812E+00 0.16637E+00 0.22159E+00 0.45001E+00 0.45001E+00 0.15515E+01   63
 0.32000E-01 0.15000E+04 0.46319E+00 0.15532E+00 0.31170E-01 0.31442E-01 0.15310E+00 0.15310E+00 0.71297E-01   63
 0.80000E-01 0.15000E+04 0.18528E+00 0.54930E-01 0.80138E-02 0.80185E-02 0.54869E-01 0.54869E-01 0.75793E-02   63
 0.13000E+00 0.15000E+04 0.11402E+00 0.32142E-01 0.56632E-02 0.59282E-02 0.29439E-01 0.29439E-01 0.47739E+00   63
 0.25000E+00 0.15000E+04 0.59289E-01 0.10184E-01 0.25586E-02 0.24686E-02 0.10926E-01 0.10926E-01 -.28983E+00   63
 0.40000E+00 0.30000E+05 0.74111E+00 0.10600E-03 0.65958E-04 0.59286E-04 0.13021E-03 0.13021E-03 -.36700E+00   63
          64
 CC cross section HERA-I H1-ZEUS combined e+p.                                   
 x           Q2          y              data      +- uncor     +- tot     th orig         th mod     pull    iset
 0.13000E-01 0.30000E+03 0.22803E+00 0.69466E+00 0.65996E-01 0.68503E-01 0.65261E+00 0.65261E+00 0.63707E+00   64
 0.32000E-01 0.30000E+03 0.92638E-01 0.21045E+00 0.17977E-01 0.17970E-01 0.21059E+00 0.21059E+00 -.75847E-02   64
 0.80000E-01 0.30000E+03 0.37055E-01 0.46553E-01 0.59530E-02 0.52629E-02 0.58145E-01 0.58145E-01 -.19473E+01   64
 0.13000E-01 0.50000E+03 0.38005E+00 0.50500E+00 0.46480E-01 0.45050E-01 0.53242E+00 0.53242E+00 -.58983E+00   64
 0.32000E-01 0.50000E+03 0.15440E+00 0.16800E+00 0.12960E-01 0.12226E-01 0.18683E+00 0.18683E+00 -.14529E+01   64
 0.80000E-01 0.50000E+03 0.61759E-01 0.50902E-01 0.39743E-02 0.38936E-02 0.52882E-01 0.52882E-01 -.49826E+00   64
 0.13000E+00 0.50000E+03 0.38005E-01 0.24190E-01 0.30390E-02 0.29859E-02 0.24995E-01 0.24995E-01 -.26493E+00   64
 0.32000E-01 0.10000E+04 0.30879E+00 0.13859E+00 0.74194E-02 0.75132E-02 0.13549E+00 0.13549E+00 0.41802E+00   64
 0.80000E-01 0.10000E+04 0.12352E+00 0.43406E-01 0.25336E-02 0.25832E-02 0.41866E-01 0.41866E-01 0.60756E+00   64
 0.13000E+00 0.10000E+04 0.76011E-01 0.21252E-01 0.17721E-02 0.18246E-02 0.20130E-01 0.20130E-01 0.63358E+00   64
 0.25000E+00 0.10000E+04 0.39526E-01 0.70246E-02 0.89252E-03 0.98274E-03 0.58880E-02 0.58880E-02 0.12734E+01   64
 0.32000E-01 0.20000E+04 0.61759E+00 0.80587E-01 0.64321E-02 0.68498E-02 0.72426E-01 0.72426E-01 0.12688E+01   64
 0.80000E-01 0.20000E+04 0.24704E+00 0.25076E-01 0.21276E-02 0.20505E-02 0.26751E-01 0.26751E-01 -.78735E+00   64
 0.13000E+00 0.20000E+04 0.15202E+00 0.14584E-01 0.14408E-02 0.15012E-02 0.13571E-01 0.13571E-01 0.70295E+00   64
 0.25000E+00 0.20000E+04 0.79051E-01 0.41787E-02 0.61715E-03 0.62267E-03 0.41131E-02 0.41131E-02 0.10631E+00   64
 0.80000E-01 0.30000E+04 0.37055E+00 0.19199E-01 0.10132E-02 0.10682E-02 0.17469E-01 0.17469E-01 0.17068E+01   64
 0.13000E+00 0.30000E+04 0.22803E+00 0.93922E-02 0.65042E-03 0.64909E-03 0.94281E-02 0.94281E-02 -.55123E-01   64
 0.25000E+00 0.30000E+04 0.11858E+00 0.28415E-02 0.27314E-03 0.26524E-03 0.30007E-02 0.30007E-02 -.58283E+00   64
 0.13000E+00 0.50000E+04 0.38005E+00 0.48181E-02 0.36802E-03 0.36812E-03 0.48157E-02 0.48157E-02 0.64871E-02   64
 0.25000E+00 0.50000E+04 0.19763E+00 0.17484E-02 0.15562E-03 0.15694E-03 0.17211E-02 0.17211E-02 0.17527E+00   64
 0.13000E+00 0.80000E+04 0.60809E+00 0.17461E-02 0.22784E-03 0.21394E-03 0.19470E-02 0.19470E-02 -.88192E+00   64
 0.25000E+00 0.80000E+04 0.31621E+00 0.80800E-03 0.93615E-04 0.91820E-04 0.83648E-03 0.83648E-03 -.30418E+00   64
 0.40000E+00 0.80000E+04 0.19763E+00 0.22230E-03 0.51393E-04 0.47364E-04 0.25674E-03 0.25674E-03 -.67005E+00   64
 0.25000E+00 0.15000E+05 0.59289E+00 0.11980E-03 0.36317E-04 0.27215E-04 0.20250E-03 0.20250E-03 -.22772E+01   64
 0.40000E+00 0.15000E+05 0.37055E+00 0.11250E-03 0.17921E-04 0.22000E-04 0.78434E-04 0.78434E-04 0.19009E+01   64
 0.40000E+00 0.30000E+04 0.74111E-01 0.73090E-03 0.16199E-03 0.15299E-03 0.81325E-03 0.81325E-03 -.50835E+00   64
 0.80000E-01 0.50000E+04 0.61759E+00 0.82584E-02 0.76094E-03 0.77590E-03 0.79693E-02 0.79693E-02 0.37992E+00   64
 0.40000E+00 0.50000E+04 0.12352E+00 0.46230E-03 0.81797E-04 0.79566E-04 0.48677E-03 0.48677E-03 -.29916E+00   64
 0.13000E-01 0.10000E+04 0.76011E+00 0.32284E+00 0.37243E-01 0.37005E-01 0.32651E+00 0.32651E+00 -.98723E-01   64
 0.32000E-01 0.15000E+04 0.46319E+00 0.96051E-01 0.78656E-02 0.77755E-02 0.98189E-01 0.98189E-01 -.27178E+00   64
 0.80000E-01 0.15000E+04 0.18528E+00 0.31202E-01 0.25456E-02 0.24603E-02 0.33366E-01 0.33366E-01 -.85031E+00   64
 0.13000E+00 0.15000E+04 0.11402E+00 0.15616E-01 0.16888E-02 0.16447E-02 0.16450E-01 0.16450E-01 -.49399E+00   64
 0.25000E+00 0.15000E+04 0.59289E-01 0.55510E-02 0.66533E-03 0.71012E-03 0.48855E-02 0.48855E-02 0.10003E+01   64
 0.80000E-02 0.30000E+03 0.37055E+00 0.13636E+01 0.24030E+00 0.26902E+00 0.11009E+01 0.11009E+01 0.10932E+01   64
