&StatCorr

  ! Matrix of systematic uncertainties correlation for LHCb-PAPER-2015-049
  ! Numbers from http://lhcbproject.web.cern.ch/lhcbproject/Publications/LHCbProjectPublic/Directory_LHCb-PAPER-2015-049/Table_4.pdf

   Name1 = 'LHCb 8TeV Zmm Boson Rapidity'
   Name2 = 'LHCb 8TeV Zmm Boson Rapidity'

   NIdColumns1 = 2
   NIdColumns2 = 2

   IdColumns1 = 'y1','y2'
   IdColumns2 = 'y1','y2'

   NCorr = 289

  ! Matrix Type: 
  !   'Statistical correlations':     Given are correlation factors that need to be applied to statistical errors
  !                                   needs 'stat' column in data files
  !   'Systematic correlations' :     Given are correlation factors that need to be applied to systematic errors
  !                                   needs 'uncor' column in data files
  !   'Systematic covariance matrix': Given is a systematic covariance matrix  
  !
  !   'Full covariance matrix':       Given is a full covariance matrix including stat and syst parts

   MatrixType = 'Systematic correlations'
&End
2.000 2.125 2.000 2.125 1.00
2.000 2.125 2.125 2.250 0.19
2.000 2.125 2.250 2.375 0.17
2.000 2.125 2.375 2.500 0.16
2.000 2.125 2.500 2.625 0.16
2.000 2.125 2.625 2.750 0.15
2.000 2.125 2.750 2.875 0.14
2.000 2.125 2.875 3.000 0.14
2.000 2.125 3.000 3.125 0.13
2.000 2.125 3.125 3.250 0.11
2.000 2.125 3.250 3.375 0.09
2.000 2.125 3.375 3.500 0.08
2.000 2.125 3.500 3.625 0.07
2.000 2.125 3.625 3.750 0.06
2.000 2.125 3.750 3.875 0.05
2.000 2.125 3.875 4.000 0.03
2.000 2.125 4.000 4.250 0.03
2.000 2.125 4.250 4.500 0.01
2.125 2.250 2.000 2.125 0.19
2.125 2.250 2.125 2.250 1.00
2.125 2.250 2.250 2.375 0.27
2.125 2.250 2.375 2.500 0.26
2.125 2.250 2.500 2.625 0.25
2.125 2.250 2.625 2.750 0.24
2.125 2.250 2.750 2.875 0.23
2.125 2.250 2.875 3.000 0.21
2.125 2.250 3.000 3.125 0.20
2.125 2.250 3.125 3.250 0.17
2.125 2.250 3.250 3.375 0.14
2.125 2.250 3.375 3.500 0.12
2.125 2.250 3.500 3.625 0.10
2.125 2.250 3.625 3.750 0.08
2.125 2.250 3.750 3.875 0.07
2.125 2.250 3.875 4.000 0.05
2.125 2.250 4.000 4.250 0.04
2.125 2.250 4.250 4.500 0.01
2.250 2.375 2.000 2.125	0.17
2.250 2.375 2.125 2.250	0.27
2.250 2.375 2.250 2.375	1.00
2.250 2.375 2.375 2.500	0.28
2.250 2.375 2.500 2.625	0.28
2.250 2.375 2.625 2.750	0.27
2.250 2.375 2.750 2.875 0.26
2.250 2.375 2.875 3.000 0.25
2.250 2.375 3.000 3.125	0.23
2.250 2.375 3.125 3.250	0.20
2.250 2.375 3.250 3.375	0.16
2.250 2.375 3.375 3.500	0.15
2.250 2.375 3.500 3.625	0.12
2.250 2.375 3.625 3.750	0.10
2.250 2.375 3.750 3.875	0.08
2.250 2.375 3.875 4.000 0.06
2.250 2.375 4.000 4.250 0.04
2.250 2.375 4.250 4.500 0.01
2.375 2.500 2.000 2.125	0.16
2.375 2.500 2.125 2.250	0.26
2.375 2.500 2.250 2.375	0.28
2.375 2.500 2.375 2.500	1.00
2.375 2.500 2.500 2.625	0.29
2.375 2.500 2.625 2.750	0.29
2.375 2.500 2.750 2.875 0.28
2.375 2.500 2.875 3.000 0.27
2.375 2.500 3.000 3.125	0.25
2.375 2.500 3.125 3.250	0.23
2.375 2.500 3.250 3.375	0.18
2.375 2.500 3.375 3.500	0.17
2.375 2.500 3.500 3.625	0.14
2.375 2.500 3.625 3.750	0.11
2.375 2.500 3.750 3.875	0.09
2.375 2.500 3.875 4.000 0.06
2.375 2.500 4.000 4.250 0.05
2.375 2.500 4.250 4.500 0.01
2.500 2.625 2.000 2.125 0.16
2.500 2.625 2.125 2.250 0.25
2.500 2.625 2.250 2.375 0.28
2.500 2.625 2.375 2.500 0.29
2.500 2.625 2.500 2.625 1.00
2.500 2.625 2.625 2.750 0.30
2.500 2.625 2.750 2.875 0.29
2.500 2.625 2.875 3.000 0.29
2.500 2.625 3.000 3.125 0.27
2.500 2.625 3.125 3.250 0.25
2.500 2.625 3.250 3.375 0.20
2.500 2.625 3.375 3.500 0.19
2.500 2.625 3.500 3.625 0.16
2.500 2.625 3.625 3.750 0.13
2.500 2.625 3.750 3.875 0.10
2.500 2.625 3.875 4.000 0.07
2.500 2.625 4.000 4.250 0.05
2.500 2.625 4.250 4.500 0.01
2.625 2.750 2.000 2.125 0.15
2.625 2.750 2.125 2.250 0.24
2.625 2.750 2.250 2.375 0.27
2.625 2.750 2.375 2.500 0.29
2.625 2.750 2.500 2.625 0.30
2.625 2.750 2.625 2.750 1.00
2.625 2.750 2.750 2.875 0.30
2.625 2.750 2.875 3.000 0.30
2.625 2.750 3.000 3.125 0.29
2.625 2.750 3.125 3.250 0.26
2.625 2.750 3.250 3.375 0.22
2.625 2.750 3.375 3.500 0.20
2.625 2.750 3.500 3.625 0.17
2.625 2.750 3.625 3.750 0.14
2.625 2.750 3.750 3.875 0.11
2.625 2.750 3.875 4.000 0.08
2.625 2.750 4.000 4.250 0.06
2.625 2.750 4.250 4.500 0.01
2.750 2.875 2.000 2.125 0.14
2.750 2.875 2.125 2.250 0.23
2.750 2.875 2.250 2.375 0.26
2.750 2.875 2.375 2.500 0.28
2.750 2.875 2.500 2.625 0.29
2.750 2.875 2.625 2.750	0.30
2.750 2.875 2.750 2.875 1.00
2.750 2.875 2.875 3.000 0.30
2.750 2.875 3.000 3.125 0.29
2.750 2.875 3.125 3.250 0.27
2.750 2.875 3.250 3.375 0.22
2.750 2.875 3.375 3.500 0.21
2.750 2.875 3.500 3.625 0.18
2.750 2.875 3.625 3.750 0.15
2.750 2.875 3.750 3.875 0.11
2.750 2.875 3.875 4.000 0.08
2.750 2.875 4.000 4.250 0.06
2.750 2.875 4.250 4.500 0.0
2.875 3.000 2.000 2.125 0.14
2.875 3.000 2.125 2.250 0.21
2.875 3.000 2.250 2.375 0.25
2.875 3.000 2.375 2.500 0.27
2.875 3.000 2.500 2.625 0.29
2.875 3.000 2.625 2.750 0.30
2.875 3.000 2.750 2.875	0.30
2.875 3.000 2.875 3.000 1.00
2.875 3.000 3.000 3.125 0.29
2.875 3.000 3.125 3.250 0.28
2.875 3.000 3.250 3.375 0.23
2.875 3.000 3.375 3.500 0.22
2.875 3.000 3.500 3.625 0.19
2.875 3.000 3.625 3.750 0.16
2.875 3.000 3.750 3.875 0.12
2.875 3.000 3.875 4.000 0.09
2.875 3.000 4.000 4.250 0.06
2.875 3.000 4.250 4.500 0.01
3.000 3.125 2.000 2.125 0.13
3.000 3.125 2.125 2.250 0.20
3.000 3.125 2.250 2.375 0.23
3.000 3.125 2.375 2.500 0.25
3.000 3.125 2.500 2.625 0.27
3.000 3.125 2.625 2.750 0.28
3.000 3.125 2.750 2.875 0.29
3.000 3.125 2.875 3.000 0.29
3.000 3.125 3.000 3.125 1.00
3.000 3.125 3.125 3.250 0.27
3.000 3.125 3.250 3.375 0.23
3.000 3.125 3.375 3.500 0.22
3.000 3.125 3.500 3.625 0.19
3.000 3.125 3.625 3.750 0.16
3.000 3.125 3.750 3.875 0.13
3.000 3.125 3.875 4.000 0.09
3.000 3.125 4.000 4.250 0.07
3.000 3.125 4.250 4.500 0.01
3.125 3.250 2.000 2.125 0.11
3.125 3.250 2.125 2.250 0.17
3.125 3.250 2.250 2.375 0.20
3.125 3.250 2.375 2.500 0.23
3.125 3.250 2.500 2.625 0.25
3.125 3.250 2.625 2.750 0.26
3.125 3.250 2.750 2.875 0.27
3.125 3.250 2.875 3.000 0.28
3.125 3.250 3.000 3.125 0.27
3.125 3.250 3.125 3.250 1.00
3.125 3.250 3.250 3.375 0.23
3.125 3.250 3.375 3.500 0.22
3.125 3.250 3.500 3.625 0.20
3.125 3.250 3.625 3.750 0.17
3.125 3.250 3.750 3.875 0.13
3.125 3.250 3.875 4.000 0.10
3.125 3.250 4.000 4.250 0.07
3.125 3.250 4.250 4.500 0.01
3.250 3.375 2.000 2.125 0.09
3.250 3.375 2.125 2.250 0.14
3.250 3.375 2.250 2.375 0.16
3.250 3.375 2.375 2.500 0.18
3.250 3.375 2.500 2.625 0.20
3.250 3.375 2.625 2.750 0.22
3.250 3.375 2.750 2.875 0.22
3.250 3.375 2.875 3.000 0.23
3.250 3.375 3.000 3.125 0.23
3.250 3.375 3.125 3.250 0.23
3.250 3.375 3.250 3.375 1.00
3.250 3.375 3.375 3.500 0.20
3.250 3.375 3.500 3.625 0.18
3.250 3.375 3.625 3.750 0.16
3.250 3.375 3.750 3.875 0.12
3.250 3.375 3.875 4.000 0.09
3.250 3.375 4.000 4.250 0.07
3.250 3.375 4.250 4.500 0.01
3.375 3.500 2.000 2.125 0.08
3.375 3.500 2.125 2.250 0.12
3.375 3.500 2.250 2.375 0.15
3.375 3.500 2.375 2.500 0.17
3.375 3.500 2.500 2.625 0.19
3.375 3.500 2.625 2.750 0.20
3.375 3.500 2.750 2.875 0.21
3.375 3.500 2.875 3.000 0.22
3.375 3.500 3.000 3.125 0.22
3.375 3.500 3.125 3.250 0.22
3.375 3.500 3.250 3.375 0.20
3.375 3.500 3.375 3.500 1.00
3.375 3.500 3.500 3.625 0.19
3.375 3.500 3.625 3.750 0.16
3.375 3.500 3.750 3.875 0.13
3.375 3.500 3.875 4.000 0.10
3.375 3.500 4.000 4.250 0.08
3.375 3.500 4.250 4.500 0.02
3.500 3.625 2.000 2.125 0.07
3.500 3.625 2.125 2.250 0.10
3.500 3.625 2.250 2.375 0.12
3.500 3.625 2.375 2.500 0.14
3.500 3.625 2.500 2.625 0.16
3.500 3.625 2.625 2.750 0.17
3.500 3.625 2.750 2.875 0.18
3.500 3.625 2.875 3.000 0.19
3.500 3.625 3.000 3.125 0.19
3.500 3.625 3.125 3.250 0.20
3.500 3.625 3.250 3.375 0.18
3.500 3.625 3.375 3.500 0.19
3.500 3.625 3.500 3.625 1.00
3.500 3.625 3.625 3.750 0.15
3.500 3.625 3.750 3.875 0.12
3.500 3.625 3.875 4.000 0.09
3.500 3.625 4.000 4.250 0.07
3.500 3.625 4.250 4.500 0.02
3.625 3.750 2.000 2.125 0.06
3.625 3.750 2.125 2.250 0.08
3.625 3.750 2.250 2.375 0.10
3.625 3.750 2.375 2.500 0.11
3.625 3.750 2.500 2.625 0.13
3.625 3.750 2.625 2.750 0.14
3.625 3.750 2.750 2.875 0.15
3.625 3.750 2.875 3.000 0.16
3.625 3.750 3.000 3.125 0.16
3.625 3.750 3.125 3.250 0.17
3.625 3.750 3.250 3.375 0.16
3.625 3.750 3.375 3.500 0.16
3.625 3.750 3.500 3.625 0.15
3.625 3.750 3.625 3.750 1.00
3.625 3.750 3.750 3.875 0.11
3.625 3.750 3.875 4.000 0.08
3.625 3.750 4.000 4.250 0.07
3.625 3.750 4.250 4.500 0.01
3.750 3.875 2.000 2.125 0.05
3.750 3.875 2.125 2.250 0.07
3.750 3.875 2.250 2.375 0.08
3.750 3.875 2.375 2.500 0.09
3.750 3.875 2.500 2.625 0.10
3.750 3.875 2.625 2.750 0.11
3.750 3.875 2.750 2.875 0.11
3.750 3.875 2.875 3.000 0.12
3.750 3.875 3.000 3.125 0.13
3.750 3.875 3.125 3.250 0.13
3.750 3.875 3.250 3.375 0.12
3.750 3.875 3.375 3.500 0.13
3.750 3.875 3.500 3.625 0.12
3.750 3.875 3.625 3.750 0.11
3.750 3.875 3.750 3.875 1.00
3.750 3.875 3.875 4.000 0.07
3.750 3.875 4.000 4.250 0.06
3.750 3.875 4.250 4.500 0.01
3.875 4.000 2.000 2.125 0.03
3.875 4.000 2.125 2.250 0.05
3.875 4.000 2.250 2.375 0.06
3.875 4.000 2.375 2.500 0.06
3.875 4.000 2.500 2.625 0.07
3.875 4.000 2.625 2.750 0.08
3.875 4.000 2.750 2.875 0.08
3.875 4.000 2.875 3.000 0.09
3.875 4.000 3.000 3.125 0.09
3.875 4.000 3.125 3.250 0.10
3.875 4.000 3.250 3.375 0.09
3.875 4.000 3.375 3.500 0.10
3.875 4.000 3.500 3.625 0.09
3.875 4.000 3.625 3.750 0.08
3.875 4.000 3.750 3.875 0.07
3.875 4.000 3.875 4.000 1.00
3.875 4.000 4.000 4.250 0.05
3.875 4.000 4.250 4.500 0.01
4.000 4.250 2.000 2.125 0.03
4.000 4.250 2.125 2.250 0.04
4.000 4.250 2.250 2.375 0.04
4.000 4.250 2.375 2.500 0.05
4.000 4.250 2.500 2.625 0.05
4.000 4.250 2.625 2.750 0.06
4.000 4.250 2.750 2.875 0.06
4.000 4.250 2.875 3.000 0.07
4.000 4.250 3.000 3.125 0.07
4.000 4.250 3.125 3.250 0.07
4.000 4.250 3.250 3.375 0.07
4.000 4.250 3.375 3.500 0.08
4.000 4.250 3.500 3.625 0.07
4.000 4.250 3.625 3.750 0.07
4.000 4.250 3.750 3.875 0.06
4.000 4.250 3.875 4.000 0.05
4.000 4.250 4.000 4.250 1.00
4.000 4.250 4.250 4.500 0.01
4.250 4.500 2.000 2.125	0.01
4.250 4.500 2.125 2.250 0.01
4.250 4.500 2.250 2.375 0.01
4.250 4.500 2.375 2.500 0.01
4.250 4.500 2.500 2.625 0.01
4.250 4.500 2.625 2.750 0.01
4.250 4.500 2.750 2.875 0.01
4.250 4.500 2.875 3.000 0.01
4.250 4.500 3.000 3.125 0.01
4.250 4.500 3.125 3.250 0.01
4.250 4.500 3.250 3.375 0.01
4.250 4.500 3.375 3.500 0.02
4.250 4.500 3.500 3.625 0.02
4.250 4.500 3.625 3.750 0.01
4.250 4.500 3.750 3.875 0.01
4.250 4.500 3.875 4.000 0.01
4.250 4.500 4.000 4.250 0.01
4.250 4.500 4.250 4.500 1.00