           2
         102
 DY AFB                                                                          
Plot1@Experiment:pseudodata@ExtraLabel:pp #rightarrow Z; #sqrt{s} = 13 TeV@Title: @XTitle: M(ll) @YTitle: AFB
 Minv_min    Minv_max    dummy          data      +- uncor     +- tot     th orig         th mod   therr+         therr-     pull    iset       iplot
 0.45000E+02 0.47500E+02 0.00000E+00 -.19706E-01 0.60555E-03 -.60555E-03 -.19705E-01 -.19705E-01 0.00000E+00 0.00000E+00 -.20584E-02  102   1/0.00000E+00
 0.47500E+02 0.50000E+02 0.00000E+00 -.24828E-01 0.60786E-03 -.60786E-03 -.24826E-01 -.24826E-01 0.00000E+00 0.00000E+00 -.27506E-02  102   1/0.00000E+00
 0.50000E+02 0.52500E+02 0.00000E+00 -.30072E-01 0.61931E-03 -.61931E-03 -.30073E-01 -.30073E-01 0.00000E+00 0.00000E+00 0.14097E-02  102   1/0.00000E+00
 0.52500E+02 0.55000E+02 0.00000E+00 -.35462E-01 0.63420E-03 -.63420E-03 -.35457E-01 -.35457E-01 0.00000E+00 0.00000E+00 -.79119E-02  102   1/0.00000E+00
 0.55000E+02 0.57500E+02 0.00000E+00 -.40909E-01 0.64927E-03 -.64927E-03 -.40909E-01 -.40909E-01 0.00000E+00 0.00000E+00 0.45370E-03  102   1/0.00000E+00
 0.57500E+02 0.60000E+02 0.00000E+00 -.46229E-01 0.66203E-03 -.66203E-03 -.46225E-01 -.46225E-01 0.00000E+00 0.00000E+00 -.56791E-02  102   1/0.00000E+00
 0.60000E+02 0.62500E+02 0.00000E+00 -.51131E-01 0.67022E-03 -.67022E-03 -.51126E-01 -.51126E-01 0.00000E+00 0.00000E+00 -.67880E-02  102   1/0.00000E+00
 0.62500E+02 0.65000E+02 0.00000E+00 -.55232E-01 0.67168E-03 -.67168E-03 -.55231E-01 -.55231E-01 0.00000E+00 0.00000E+00 -.19193E-02  102   1/0.00000E+00
 0.65000E+02 0.67500E+02 0.00000E+00 -.58074E-01 0.66430E-03 -.66430E-03 -.58066E-01 -.58066E-01 0.00000E+00 0.00000E+00 -.11763E-01  102   1/0.00000E+00
 0.67500E+02 0.70000E+02 0.00000E+00 -.59177E-01 0.64619E-03 -.64619E-03 -.59178E-01 -.59178E-01 0.00000E+00 0.00000E+00 0.10568E-02  102   1/0.00000E+00
 0.70000E+02 0.72500E+02 0.00000E+00 -.58117E-01 0.61591E-03 -.61591E-03 -.58116E-01 -.58116E-01 0.00000E+00 0.00000E+00 -.12989E-02  102   1/0.00000E+00
 0.72500E+02 0.75000E+02 0.00000E+00 -.54623E-01 0.57267E-03 -.57267E-03 -.54624E-01 -.54624E-01 0.00000E+00 0.00000E+00 0.92354E-03  102   1/0.00000E+00
 0.75000E+02 0.77500E+02 0.00000E+00 -.48656E-01 0.51653E-03 -.51653E-03 -.48651E-01 -.48651E-01 0.00000E+00 0.00000E+00 -.10244E-01  102   1/0.00000E+00
 0.77500E+02 0.80000E+02 0.00000E+00 -.40435E-01 0.44843E-03 -.44843E-03 -.40433E-01 -.40433E-01 0.00000E+00 0.00000E+00 -.40567E-02  102   1/0.00000E+00
 0.80000E+02 0.82500E+02 0.00000E+00 -.30398E-01 0.37006E-03 -.37006E-03 -.30398E-01 -.30398E-01 0.00000E+00 0.00000E+00 -.39513E-04  102   1/0.00000E+00
 0.82500E+02 0.85000E+02 0.00000E+00 -.19102E-01 0.28361E-03 -.28361E-03 -.19102E-01 -.19102E-01 0.00000E+00 0.00000E+00 -.17482E-02  102   1/0.00000E+00
 0.85000E+02 0.87500E+02 0.00000E+00 -.70804E-02 0.19160E-03 -.19160E-03 -.70800E-02 -.70800E-02 0.00000E+00 0.00000E+00 -.20595E-02  102   1/0.00000E+00
 0.87500E+02 0.90000E+02 0.00000E+00 0.53172E-02 0.98811E-04 0.98811E-04 0.53172E-02 0.53172E-02 0.00000E+00 0.00000E+00 -.42540E-03  102   1/0.00000E+00
 0.90000E+02 0.92500E+02 0.00000E+00 0.15079E-01 0.54204E-04 0.54204E-04 0.15079E-01 0.15079E-01 0.00000E+00 0.00000E+00 -.15537E-02  102   1/0.00000E+00
 0.92500E+02 0.95000E+02 0.00000E+00 0.24571E-01 0.10295E-03 0.10295E-03 0.24569E-01 0.24569E-01 0.00000E+00 0.00000E+00 0.20091E-01  102   1/0.00000E+00
 0.95000E+02 0.97500E+02 0.00000E+00 0.35194E-01 0.19759E-03 0.19759E-03 0.35194E-01 0.35194E-01 0.00000E+00 0.00000E+00 -.64379E-03  102   1/0.00000E+00
 0.97500E+02 0.10000E+03 0.00000E+00 0.44619E-01 0.29346E-03 0.29347E-03 0.44616E-01 0.44616E-01 0.00000E+00 0.00000E+00 0.90405E-02  102   1/0.00000E+00
 0.10000E+03 0.10250E+03 0.00000E+00 0.53058E-01 0.38794E-03 0.38798E-03 0.53047E-01 0.53047E-01 0.00000E+00 0.00000E+00 0.28717E-01  102   1/0.00000E+00
 0.10250E+03 0.10500E+03 0.00000E+00 0.60631E-01 0.48085E-03 0.48085E-03 0.60630E-01 0.60630E-01 0.00000E+00 0.00000E+00 0.11149E-02  102   1/0.00000E+00
 0.10500E+03 0.10750E+03 0.00000E+00 0.67433E-01 0.57207E-03 0.57206E-03 0.67435E-01 0.67435E-01 0.00000E+00 0.00000E+00 -.29974E-02  102   1/0.00000E+00
 0.10750E+03 0.11000E+03 0.00000E+00 0.73549E-01 0.66174E-03 0.66173E-03 0.73550E-01 0.73550E-01 0.00000E+00 0.00000E+00 -.22397E-02  102   1/0.00000E+00
 0.11000E+03 0.11250E+03 0.00000E+00 0.79067E-01 0.75002E-03 0.75001E-03 0.79068E-01 0.79068E-01 0.00000E+00 0.00000E+00 -.17015E-02  102   1/0.00000E+00
 0.11250E+03 0.11500E+03 0.00000E+00 0.84062E-01 0.83709E-03 0.83710E-03 0.84060E-01 0.84060E-01 0.00000E+00 0.00000E+00 0.19849E-02  102   1/0.00000E+00
 0.11500E+03 0.11750E+03 0.00000E+00 0.88603E-01 0.92317E-03 0.92318E-03 0.88601E-01 0.88601E-01 0.00000E+00 0.00000E+00 0.22246E-02  102   1/0.00000E+00
 0.11750E+03 0.12000E+03 0.00000E+00 0.92754E-01 0.10084E-02 0.10085E-02 0.92743E-01 0.92743E-01 0.00000E+00 0.00000E+00 0.10906E-01  102   1/0.00000E+00
 0.12000E+03 0.12250E+03 0.00000E+00 0.96564E-01 0.10931E-02 0.10931E-02 0.96557E-01 0.96557E-01 0.00000E+00 0.00000E+00 0.61971E-02  102   1/0.00000E+00
 0.12250E+03 0.12500E+03 0.00000E+00 0.10008E+00 0.11772E-02 0.11773E-02 0.10006E+00 0.10006E+00 0.00000E+00 0.00000E+00 0.14604E-01  102   1/0.00000E+00
 0.12500E+03 0.12750E+03 0.00000E+00 0.10335E+00 0.12611E-02 0.12612E-02 0.10333E+00 0.10333E+00 0.00000E+00 0.00000E+00 0.12128E-01  102   1/0.00000E+00
 0.12750E+03 0.13000E+03 0.00000E+00 0.10640E+00 0.13449E-02 0.13449E-02 0.10640E+00 0.10640E+00 0.00000E+00 0.00000E+00 0.34174E-02  102   1/0.00000E+00
 0.13000E+03 0.13250E+03 0.00000E+00 0.10925E+00 0.14285E-02 0.14285E-02 0.10925E+00 0.10925E+00 0.00000E+00 0.00000E+00 -.24866E-02  102   1/0.00000E+00
 0.13250E+03 0.13500E+03 0.00000E+00 0.11194E+00 0.15123E-02 0.15123E-02 0.11194E+00 0.11194E+00 0.00000E+00 0.00000E+00 -.16145E-02  102   1/0.00000E+00
 0.13500E+03 0.13750E+03 0.00000E+00 0.11449E+00 0.15962E-02 0.15962E-02 0.11449E+00 0.11449E+00 0.00000E+00 0.00000E+00 0.80348E-03  102   1/0.00000E+00
 0.13750E+03 0.14000E+03 0.00000E+00 0.11691E+00 0.16804E-02 0.16804E-02 0.11691E+00 0.11691E+00 0.00000E+00 0.00000E+00 0.36442E-03  102   1/0.00000E+00
 0.14000E+03 0.14250E+03 0.00000E+00 0.11922E+00 0.17648E-02 0.17649E-02 0.11921E+00 0.11921E+00 0.00000E+00 0.00000E+00 0.52770E-02  102   1/0.00000E+00
 0.14250E+03 0.14500E+03 0.00000E+00 0.12143E+00 0.18497E-02 0.18498E-02 0.12142E+00 0.12142E+00 0.00000E+00 0.00000E+00 0.52545E-02  102   1/0.00000E+00
 0.14500E+03 0.14750E+03 0.00000E+00 0.12355E+00 0.19352E-02 0.19352E-02 0.12355E+00 0.12355E+00 0.00000E+00 0.00000E+00 0.11825E-02  102   1/0.00000E+00
 0.14750E+03 0.15000E+03 0.00000E+00 0.12560E+00 0.20211E-02 0.20211E-02 0.12560E+00 0.12560E+00 0.00000E+00 0.00000E+00 0.15648E-02  102   1/0.00000E+00
 0.15000E+03 0.15250E+03 0.00000E+00 0.12758E+00 0.21075E-02 0.21076E-02 0.12757E+00 0.12757E+00 0.00000E+00 0.00000E+00 0.42557E-02  102   1/0.00000E+00
 0.15250E+03 0.15500E+03 0.00000E+00 0.12950E+00 0.21945E-02 0.21947E-02 0.12947E+00 0.12947E+00 0.00000E+00 0.00000E+00 0.12199E-01  102   1/0.00000E+00
 0.15500E+03 0.15750E+03 0.00000E+00 0.13136E+00 0.22823E-02 0.22825E-02 0.13134E+00 0.13134E+00 0.00000E+00 0.00000E+00 0.77661E-02  102   1/0.00000E+00
 0.15750E+03 0.16000E+03 0.00000E+00 0.13317E+00 0.23710E-02 0.23710E-02 0.13317E+00 0.13317E+00 0.00000E+00 0.00000E+00 -.14933E-02  102   1/0.00000E+00
 0.16000E+03 0.16250E+03 0.00000E+00 0.13494E+00 0.24602E-02 0.24602E-02 0.13494E+00 0.13494E+00 0.00000E+00 0.00000E+00 -.10455E-02  102   1/0.00000E+00
 0.16250E+03 0.16500E+03 0.00000E+00 0.13667E+00 0.25501E-02 0.25501E-02 0.13667E+00 0.13667E+00 0.00000E+00 0.00000E+00 0.25629E-03  102   1/0.00000E+00
 0.16500E+03 0.16750E+03 0.00000E+00 0.13836E+00 0.26409E-02 0.26409E-02 0.13836E+00 0.13836E+00 0.00000E+00 0.00000E+00 -.65776E-03  102   1/0.00000E+00
 0.16750E+03 0.17000E+03 0.00000E+00 0.14001E+00 0.27326E-02 0.27325E-02 0.14002E+00 0.14002E+00 0.00000E+00 0.00000E+00 -.25339E-02  102   1/0.00000E+00
 0.17000E+03 0.17250E+03 0.00000E+00 0.14163E+00 0.28249E-02 0.28249E-02 0.14163E+00 0.14163E+00 0.00000E+00 0.00000E+00 -.15537E-02  102   1/0.00000E+00
 0.17250E+03 0.17500E+03 0.00000E+00 0.14323E+00 0.29179E-02 0.29180E-02 0.14322E+00 0.14322E+00 0.00000E+00 0.00000E+00 0.27082E-02  102   1/0.00000E+00
 0.17500E+03 0.17750E+03 0.00000E+00 0.14479E+00 0.30121E-02 0.30121E-02 0.14479E+00 0.14479E+00 0.00000E+00 0.00000E+00 0.86515E-03  102   1/0.00000E+00
 0.17750E+03 0.18000E+03 0.00000E+00 0.14634E+00 0.31070E-02 0.31071E-02 0.14633E+00 0.14633E+00 0.00000E+00 0.00000E+00 0.33668E-02  102   1/0.00000E+00
 0.18000E+03 0.18250E+03 0.00000E+00 0.14786E+00 0.32028E-02 0.32029E-02 0.14785E+00 0.14785E+00 0.00000E+00 0.00000E+00 0.35702E-02  102   1/0.00000E+00
 0.18250E+03 0.18500E+03 0.00000E+00 0.14935E+00 0.32997E-02 0.32997E-02 0.14935E+00 0.14935E+00 0.00000E+00 0.00000E+00 0.10869E-02  102   1/0.00000E+00
 0.18500E+03 0.18750E+03 0.00000E+00 0.15083E+00 0.33971E-02 0.33974E-02 0.15080E+00 0.15080E+00 0.00000E+00 0.00000E+00 0.82146E-02  102   1/0.00000E+00
 0.18750E+03 0.19000E+03 0.00000E+00 0.15228E+00 0.34958E-02 0.34960E-02 0.15226E+00 0.15226E+00 0.00000E+00 0.00000E+00 0.54553E-02  102   1/0.00000E+00
 0.19000E+03 0.19250E+03 0.00000E+00 0.15372E+00 0.35955E-02 0.35955E-02 0.15372E+00 0.15372E+00 0.00000E+00 0.00000E+00 -.83751E-04  102   1/0.00000E+00
 0.19250E+03 0.19500E+03 0.00000E+00 0.15514E+00 0.36961E-02 0.36960E-02 0.15515E+00 0.15515E+00 0.00000E+00 0.00000E+00 -.14335E-02  102   1/0.00000E+00
 0.19500E+03 0.19750E+03 0.00000E+00 0.15655E+00 0.37974E-02 0.37974E-02 0.15655E+00 0.15655E+00 0.00000E+00 0.00000E+00 0.90052E-04  102   1/0.00000E+00
 0.19750E+03 0.20000E+03 0.00000E+00 0.15793E+00 0.38999E-02 0.38998E-02 0.15794E+00 0.15794E+00 0.00000E+00 0.00000E+00 -.20279E-02  102   1/0.00000E+00
         102
 DY AFB                                                                          
Plot1@Experiment:pseudodata@ExtraLabel:pp #rightarrow Z; #sqrt{s} = 13 TeV@Title: @XTitle: M(ll) @YTitle: AFB
 Minv_min    Minv_max    dummy          data      +- uncor     +- tot     th orig         th mod   therr+         therr-     pull    iset       iplot
 0.45000E+02 0.47500E+02 0.00000E+00 -.19706E-01 0.60555E-03 -.60555E-03 -.16588E-01 -.16588E-01 0.00000E+00 0.00000E+00 -.51495E+01  102   1/0.00000E+00
 0.47500E+02 0.50000E+02 0.00000E+00 -.24828E-01 0.60786E-03 -.60786E-03 -.26698E-01 -.26698E-01 0.00000E+00 0.00000E+00 0.30758E+01  102   1/0.00000E+00
 0.50000E+02 0.52500E+02 0.00000E+00 -.30072E-01 0.61931E-03 -.61931E-03 -.24497E-01 -.24497E-01 0.00000E+00 0.00000E+00 -.90027E+01  102   1/0.00000E+00
 0.52500E+02 0.55000E+02 0.00000E+00 -.35462E-01 0.63420E-03 -.63420E-03 -.33733E-01 -.33733E-01 0.00000E+00 0.00000E+00 -.27270E+01  102   1/0.00000E+00
 0.55000E+02 0.57500E+02 0.00000E+00 -.40909E-01 0.64927E-03 -.64927E-03 -.39808E-01 -.39808E-01 0.00000E+00 0.00000E+00 -.16962E+01  102   1/0.00000E+00
 0.57500E+02 0.60000E+02 0.00000E+00 -.46229E-01 0.66203E-03 -.66203E-03 -.41937E-01 -.41937E-01 0.00000E+00 0.00000E+00 -.64828E+01  102   1/0.00000E+00
 0.60000E+02 0.62500E+02 0.00000E+00 -.51131E-01 0.67022E-03 -.67022E-03 -.53321E-01 -.53321E-01 0.00000E+00 0.00000E+00 0.32682E+01  102   1/0.00000E+00
 0.62500E+02 0.65000E+02 0.00000E+00 -.55232E-01 0.67168E-03 -.67168E-03 -.53686E-01 -.53686E-01 0.00000E+00 0.00000E+00 -.23015E+01  102   1/0.00000E+00
 0.65000E+02 0.67500E+02 0.00000E+00 -.58074E-01 0.66430E-03 -.66430E-03 -.55774E-01 -.55774E-01 0.00000E+00 0.00000E+00 -.34618E+01  102   1/0.00000E+00
 0.67500E+02 0.70000E+02 0.00000E+00 -.59177E-01 0.64619E-03 -.64619E-03 -.54798E-01 -.54798E-01 0.00000E+00 0.00000E+00 -.67762E+01  102   1/0.00000E+00
 0.70000E+02 0.72500E+02 0.00000E+00 -.58117E-01 0.61591E-03 -.61591E-03 -.58129E-01 -.58129E-01 0.00000E+00 0.00000E+00 0.19670E-01  102   1/0.00000E+00
 0.72500E+02 0.75000E+02 0.00000E+00 -.54623E-01 0.57267E-03 -.57267E-03 -.52950E-01 -.52950E-01 0.00000E+00 0.00000E+00 -.29215E+01  102   1/0.00000E+00
 0.75000E+02 0.77500E+02 0.00000E+00 -.48656E-01 0.51653E-03 -.51653E-03 -.46744E-01 -.46744E-01 0.00000E+00 0.00000E+00 -.37023E+01  102   1/0.00000E+00
 0.77500E+02 0.80000E+02 0.00000E+00 -.40435E-01 0.44843E-03 -.44843E-03 -.40124E-01 -.40124E-01 0.00000E+00 0.00000E+00 -.69436E+00  102   1/0.00000E+00
 0.80000E+02 0.82500E+02 0.00000E+00 -.30398E-01 0.37006E-03 -.37006E-03 -.31091E-01 -.31091E-01 0.00000E+00 0.00000E+00 0.18730E+01  102   1/0.00000E+00
 0.82500E+02 0.85000E+02 0.00000E+00 -.19102E-01 0.28361E-03 -.28361E-03 -.18676E-01 -.18676E-01 0.00000E+00 0.00000E+00 -.15010E+01  102   1/0.00000E+00
 0.85000E+02 0.87500E+02 0.00000E+00 -.70804E-02 0.19160E-03 -.19160E-03 -.74077E-02 -.74077E-02 0.00000E+00 0.00000E+00 0.17083E+01  102   1/0.00000E+00
 0.87500E+02 0.90000E+02 0.00000E+00 0.53172E-02 0.96874E-04 0.98811E-04 0.51107E-02 0.51107E-02 0.00000E+00 0.00000E+00 0.21313E+01  102   1/0.00000E+00
 0.90000E+02 0.92500E+02 0.00000E+00 0.15079E-01 0.53745E-04 0.54204E-04 0.14825E-01 0.14825E-01 0.00000E+00 0.00000E+00 0.47277E+01  102   1/0.00000E+00
 0.92500E+02 0.95000E+02 0.00000E+00 0.24571E-01 0.10269E-03 0.10295E-03 0.24446E-01 0.24446E-01 0.00000E+00 0.00000E+00 0.12189E+01  102   1/0.00000E+00
 0.95000E+02 0.97500E+02 0.00000E+00 0.35194E-01 0.19582E-03 0.19759E-03 0.34566E-01 0.34566E-01 0.00000E+00 0.00000E+00 0.32076E+01  102   1/0.00000E+00
 0.97500E+02 0.10000E+03 0.00000E+00 0.44619E-01 0.28684E-03 0.29347E-03 0.42626E-01 0.42626E-01 0.00000E+00 0.00000E+00 0.69468E+01  102   1/0.00000E+00
 0.10000E+03 0.10250E+03 0.00000E+00 0.53058E-01 0.38724E-03 0.38798E-03 0.52857E-01 0.52857E-01 0.00000E+00 0.00000E+00 0.52034E+00  102   1/0.00000E+00
 0.10250E+03 0.10500E+03 0.00000E+00 0.60631E-01 0.47772E-03 0.48085E-03 0.59844E-01 0.59844E-01 0.00000E+00 0.00000E+00 0.16466E+01  102   1/0.00000E+00
 0.10500E+03 0.10750E+03 0.00000E+00 0.67433E-01 0.56713E-03 0.57206E-03 0.66276E-01 0.66276E-01 0.00000E+00 0.00000E+00 0.20395E+01  102   1/0.00000E+00
 0.10750E+03 0.11000E+03 0.00000E+00 0.73549E-01 0.66015E-03 0.66173E-03 0.73199E-01 0.73199E-01 0.00000E+00 0.00000E+00 0.52997E+00  102   1/0.00000E+00
 0.11000E+03 0.11250E+03 0.00000E+00 0.79067E-01 0.74636E-03 0.75001E-03 0.78300E-01 0.78300E-01 0.00000E+00 0.00000E+00 0.10279E+01  102   1/0.00000E+00
 0.11250E+03 0.11500E+03 0.00000E+00 0.84062E-01 0.83109E-03 0.83710E-03 0.82859E-01 0.82859E-01 0.00000E+00 0.00000E+00 0.14470E+01  102   1/0.00000E+00
 0.11500E+03 0.11750E+03 0.00000E+00 0.88603E-01 0.91382E-03 0.92318E-03 0.86816E-01 0.86816E-01 0.00000E+00 0.00000E+00 0.19554E+01  102   1/0.00000E+00
 0.11750E+03 0.12000E+03 0.00000E+00 0.92754E-01 0.10016E-02 0.10085E-02 0.91484E-01 0.91484E-01 0.00000E+00 0.00000E+00 0.12685E+01  102   1/0.00000E+00
 0.12000E+03 0.12250E+03 0.00000E+00 0.96564E-01 0.10851E-02 0.10931E-02 0.95156E-01 0.95156E-01 0.00000E+00 0.00000E+00 0.12974E+01  102   1/0.00000E+00
 0.12250E+03 0.12500E+03 0.00000E+00 0.10008E+00 0.11717E-02 0.11773E-02 0.99128E-01 0.99128E-01 0.00000E+00 0.00000E+00 0.81265E+00  102   1/0.00000E+00
 0.12500E+03 0.12750E+03 0.00000E+00 0.10335E+00 0.12478E-02 0.12612E-02 0.10117E+00 0.10117E+00 0.00000E+00 0.00000E+00 0.17453E+01  102   1/0.00000E+00
 0.12750E+03 0.13000E+03 0.00000E+00 0.10640E+00 0.13414E-02 0.13449E-02 0.10584E+00 0.10584E+00 0.00000E+00 0.00000E+00 0.41714E+00  102   1/0.00000E+00
 0.13000E+03 0.13250E+03 0.00000E+00 0.10925E+00 0.14158E-02 0.14285E-02 0.10732E+00 0.10732E+00 0.00000E+00 0.00000E+00 0.13644E+01  102   1/0.00000E+00
 0.13250E+03 0.13500E+03 0.00000E+00 0.11194E+00 0.15083E-02 0.15123E-02 0.11136E+00 0.11136E+00 0.00000E+00 0.00000E+00 0.38723E+00  102   1/0.00000E+00
 0.13500E+03 0.13750E+03 0.00000E+00 0.11449E+00 0.15860E-02 0.15962E-02 0.11303E+00 0.11303E+00 0.00000E+00 0.00000E+00 0.92063E+00  102   1/0.00000E+00
 0.13750E+03 0.14000E+03 0.00000E+00 0.11691E+00 0.16674E-02 0.16804E-02 0.11510E+00 0.11510E+00 0.00000E+00 0.00000E+00 0.10845E+01  102   1/0.00000E+00
 0.14000E+03 0.14250E+03 0.00000E+00 0.11922E+00 0.17532E-02 0.17649E-02 0.11765E+00 0.11765E+00 0.00000E+00 0.00000E+00 0.89496E+00  102   1/0.00000E+00
 0.14250E+03 0.14500E+03 0.00000E+00 0.12143E+00 0.18205E-02 0.18498E-02 0.11762E+00 0.11762E+00 0.00000E+00 0.00000E+00 0.20947E+01  102   1/0.00000E+00
 0.14500E+03 0.14750E+03 0.00000E+00 0.12355E+00 0.19330E-02 0.19352E-02 0.12327E+00 0.12327E+00 0.00000E+00 0.00000E+00 0.14280E+00  102   1/0.00000E+00
 0.14750E+03 0.15000E+03 0.00000E+00 0.12560E+00 0.20219E-02 0.20211E-02 0.12569E+00 0.12569E+00 0.00000E+00 0.00000E+00 -.46316E-01  102   1/0.00000E+00
 0.15000E+03 0.15250E+03 0.00000E+00 0.12758E+00 0.20836E-02 0.21076E-02 0.12469E+00 0.12469E+00 0.00000E+00 0.00000E+00 0.13874E+01  102   1/0.00000E+00
 0.15250E+03 0.15500E+03 0.00000E+00 0.12950E+00 0.21748E-02 0.21947E-02 0.12716E+00 0.12716E+00 0.00000E+00 0.00000E+00 0.10756E+01  102   1/0.00000E+00
 0.15500E+03 0.15750E+03 0.00000E+00 0.13136E+00 0.22656E-02 0.22825E-02 0.12942E+00 0.12942E+00 0.00000E+00 0.00000E+00 0.85490E+00  102   1/0.00000E+00
 0.15750E+03 0.16000E+03 0.00000E+00 0.13317E+00 0.23602E-02 0.23710E-02 0.13196E+00 0.13196E+00 0.00000E+00 0.00000E+00 0.51071E+00  102   1/0.00000E+00
 0.16000E+03 0.16250E+03 0.00000E+00 0.13494E+00 0.24202E-02 0.24602E-02 0.13059E+00 0.13059E+00 0.00000E+00 0.00000E+00 0.17978E+01  102   1/0.00000E+00
 0.16250E+03 0.16500E+03 0.00000E+00 0.13667E+00 0.25084E-02 0.25501E-02 0.13224E+00 0.13224E+00 0.00000E+00 0.00000E+00 0.17677E+01  102   1/0.00000E+00
 0.16500E+03 0.16750E+03 0.00000E+00 0.13836E+00 0.26405E-02 0.26409E-02 0.13832E+00 0.13832E+00 0.00000E+00 0.00000E+00 0.16575E-01  102   1/0.00000E+00
 0.16750E+03 0.17000E+03 0.00000E+00 0.14001E+00 0.27086E-02 0.27325E-02 0.13757E+00 0.13757E+00 0.00000E+00 0.00000E+00 0.90017E+00  102   1/0.00000E+00
 0.17000E+03 0.17250E+03 0.00000E+00 0.14163E+00 0.27957E-02 0.28249E-02 0.13872E+00 0.13872E+00 0.00000E+00 0.00000E+00 0.10403E+01  102   1/0.00000E+00
 0.17250E+03 0.17500E+03 0.00000E+00 0.14323E+00 0.28962E-02 0.29180E-02 0.14110E+00 0.14110E+00 0.00000E+00 0.00000E+00 0.73494E+00  102   1/0.00000E+00
 0.17500E+03 0.17750E+03 0.00000E+00 0.14479E+00 0.29707E-02 0.30121E-02 0.14084E+00 0.14084E+00 0.00000E+00 0.00000E+00 0.13302E+01  102   1/0.00000E+00
 0.17750E+03 0.18000E+03 0.00000E+00 0.14634E+00 0.30718E-02 0.31071E-02 0.14303E+00 0.14303E+00 0.00000E+00 0.00000E+00 0.10764E+01  102   1/0.00000E+00
 0.18000E+03 0.18250E+03 0.00000E+00 0.14786E+00 0.31772E-02 0.32029E-02 0.14549E+00 0.14549E+00 0.00000E+00 0.00000E+00 0.74460E+00  102   1/0.00000E+00
 0.18250E+03 0.18500E+03 0.00000E+00 0.14935E+00 0.32583E-02 0.32997E-02 0.14563E+00 0.14563E+00 0.00000E+00 0.00000E+00 0.11429E+01  102   1/0.00000E+00
 0.18500E+03 0.18750E+03 0.00000E+00 0.15083E+00 0.33720E-02 0.33974E-02 0.14858E+00 0.14858E+00 0.00000E+00 0.00000E+00 0.66631E+00  102   1/0.00000E+00
 0.18750E+03 0.19000E+03 0.00000E+00 0.15228E+00 0.34748E-02 0.34960E-02 0.15044E+00 0.15044E+00 0.00000E+00 0.00000E+00 0.53071E+00  102   1/0.00000E+00
 0.19000E+03 0.19250E+03 0.00000E+00 0.15372E+00 0.35875E-02 0.35955E-02 0.15303E+00 0.15303E+00 0.00000E+00 0.00000E+00 0.19131E+00  102   1/0.00000E+00
 0.19250E+03 0.19500E+03 0.00000E+00 0.15514E+00 0.36819E-02 0.36960E-02 0.15396E+00 0.15396E+00 0.00000E+00 0.00000E+00 0.32089E+00  102   1/0.00000E+00
 0.19500E+03 0.19750E+03 0.00000E+00 0.15655E+00 0.37378E-02 0.37974E-02 0.15168E+00 0.15168E+00 0.00000E+00 0.00000E+00 0.13040E+01  102   1/0.00000E+00
 0.19750E+03 0.20000E+03 0.00000E+00 0.15793E+00 0.39067E-02 0.38998E-02 0.15849E+00 0.15849E+00 0.00000E+00 0.00000E+00 -.14269E+00  102   1/0.00000E+00
