          17
     5128307
 BABAR                                                                           
Plot1@Experiment:BABAR@ExtraLabel:e^{+}e^{-} #rightarrow  #gamma/Z #rightarrow pi^{#pm}X @XTitle: Z @YTitle: 1/#sigma d#sigma/dz @Title:Q^{2} = 111.0916@Ylog @YminR:0.001@YmaxR:200
 x           Q2          y              data      +- uncor     +- tot     th orig         th mod   therr+         therr-     pull    iset       iplot
 0.10310E+00 0.11109E+03 0.10000E-01 0.31525E+02 0.41855E+00 0.53741E+00 0.29995E+02 0.32161E+02 0.00000E+00 0.00000E+00 -.15194E+01      5128307   1/0.10310E+00
 0.11230E+00 0.11109E+03 0.10000E-01 0.28259E+02 0.35851E+00 0.47306E+00 0.26396E+02 0.28303E+02 0.00000E+00 0.00000E+00 -.12256E+00      5128307   1/0.11230E+00
 0.12153E+00 0.11109E+03 0.10000E-01 0.25329E+02 0.30323E+00 0.41174E+00 0.23353E+02 0.25040E+02 0.00000E+00 0.00000E+00 0.95218E+00      5128307   1/0.12153E+00
 0.13081E+00 0.11109E+03 0.10000E-01 0.22659E+02 0.25187E+00 0.35302E+00 0.20759E+02 0.22259E+02 0.00000E+00 0.00000E+00 0.15887E+01      5128307   1/0.13081E+00
 0.14011E+00 0.11109E+03 0.10000E-01 0.20294E+02 0.23664E+00 0.32657E+00 0.18530E+02 0.19869E+02 0.00000E+00 0.00000E+00 0.17980E+01      5128307   1/0.14011E+00
 0.14944E+00 0.11109E+03 0.10000E-01 0.18219E+02 0.21084E+00 0.29217E+00 0.16602E+02 0.17801E+02 0.00000E+00 0.00000E+00 0.19806E+01      5128307   1/0.14944E+00
 0.15878E+00 0.11109E+03 0.10000E-01 0.16383E+02 0.19098E+00 0.26400E+00 0.14923E+02 0.16001E+02 0.00000E+00 0.00000E+00 0.20021E+01      5128307   1/0.15878E+00
 0.16815E+00 0.11109E+03 0.10000E-01 0.14757E+02 0.17151E+00 0.23720E+00 0.13453E+02 0.14425E+02 0.00000E+00 0.00000E+00 0.19377E+01      5128307   1/0.16815E+00
 0.17752E+00 0.11109E+03 0.10000E-01 0.13298E+02 0.15670E+00 0.21525E+00 0.12160E+02 0.13038E+02 0.00000E+00 0.00000E+00 0.16634E+01      5128307   1/0.17752E+00
 0.18691E+00 0.11109E+03 0.10000E-01 0.12022E+02 0.14715E+00 0.19911E+00 0.11016E+02 0.11811E+02 0.00000E+00 0.00000E+00 0.14294E+01      5128307   1/0.18691E+00
 0.20100E+00 0.11109E+03 0.10000E-01 0.10357E+02 0.13253E+00 0.17613E+00 0.95337E+01 0.10222E+02 0.00000E+00 0.00000E+00 0.10151E+01      5128307   1/0.20100E+00
 0.21983E+00 0.11109E+03 0.10000E-01 0.85102E+01 0.11397E+00 0.14825E+00 0.79111E+01 0.84824E+01 0.00000E+00 0.00000E+00 0.24336E+00      5128307   1/0.21983E+00
 0.23867E+00 0.11109E+03 0.10000E-01 0.70635E+01 0.99629E-01 0.12709E+00 0.66001E+01 0.70768E+01 0.00000E+00 0.00000E+00 -.13280E+00      5128307   1/0.23867E+00
 0.25754E+00 0.11109E+03 0.10000E-01 0.58599E+01 0.90607E-01 0.11183E+00 0.55312E+01 0.59307E+01 0.00000E+00 0.00000E+00 -.78184E+00      5128307   1/0.25754E+00
 0.27642E+00 0.11109E+03 0.10000E-01 0.49027E+01 0.81038E-01 0.97963E-01 0.46519E+01 0.49879E+01 0.00000E+00 0.00000E+00 -.10513E+01      5128307   1/0.27642E+00
 0.29531E+00 0.11109E+03 0.10000E-01 0.41273E+01 0.71176E-01 0.85064E-01 0.39236E+01 0.42070E+01 0.00000E+00 0.00000E+00 -.11190E+01      5128307   1/0.29531E+00
 0.31422E+00 0.11109E+03 0.10000E-01 0.34854E+01 0.65639E-01 0.76955E-01 0.33171E+01 0.35567E+01 0.00000E+00 0.00000E+00 -.10854E+01      5128307   1/0.31422E+00
 0.33313E+00 0.11109E+03 0.10000E-01 0.29553E+01 0.60558E-01 0.69940E-01 0.28107E+01 0.30137E+01 0.00000E+00 0.00000E+00 -.96436E+00      5128307   1/0.33313E+00
 0.35205E+00 0.11109E+03 0.10000E-01 0.25104E+01 0.50490E-01 0.58535E-01 0.23858E+01 0.25581E+01 0.00000E+00 0.00000E+00 -.94422E+00      5128307   1/0.35205E+00
 0.37097E+00 0.11109E+03 0.10000E-01 0.21346E+01 0.45456E-01 0.52218E-01 0.20273E+01 0.21738E+01 0.00000E+00 0.00000E+00 -.86229E+00      5128307   1/0.37097E+00
 0.38990E+00 0.11109E+03 0.10000E-01 0.18118E+01 0.40600E-01 0.46140E-01 0.17266E+01 0.18513E+01 0.00000E+00 0.00000E+00 -.97301E+00      5128307   1/0.38990E+00
 0.40883E+00 0.11109E+03 0.10000E-01 0.15527E+01 0.35454E-01 0.40324E-01 0.14733E+01 0.15797E+01 0.00000E+00 0.00000E+00 -.76342E+00      5128307   1/0.40883E+00
 0.42777E+00 0.11109E+03 0.10000E-01 0.13253E+01 0.35450E-01 0.39531E-01 0.12577E+01 0.13485E+01 0.00000E+00 0.00000E+00 -.65368E+00      5128307   1/0.42777E+00
 0.44671E+00 0.11109E+03 0.10000E-01 0.11403E+01 0.30312E-01 0.34002E-01 0.10755E+01 0.11532E+01 0.00000E+00 0.00000E+00 -.42345E+00      5128307   1/0.44671E+00
 0.46565E+00 0.11109E+03 0.10000E-01 0.98182E+00 0.25307E-01 0.28584E-01 0.92198E+00 0.98857E+00 0.00000E+00 0.00000E+00 -.26673E+00      5128307   1/0.46565E+00
 0.48460E+00 0.11109E+03 0.10000E-01 0.84975E+00 0.23812E-01 0.26855E-01 0.79209E+00 0.84930E+00 0.00000E+00 0.00000E+00 0.18812E-01      5128307   1/0.48460E+00
 0.50355E+00 0.11109E+03 0.10000E-01 0.73566E+00 0.21167E-01 0.23956E-01 0.68126E+00 0.73047E+00 0.00000E+00 0.00000E+00 0.24546E+00      5128307   1/0.50355E+00
 0.52250E+00 0.11109E+03 0.10000E-01 0.64008E+00 0.18552E-01 0.21175E-01 0.58667E+00 0.62904E+00 0.00000E+00 0.00000E+00 0.59501E+00      5128307   1/0.52250E+00
 0.54145E+00 0.11109E+03 0.10000E-01 0.55296E+00 0.16622E-01 0.18925E-01 0.50639E+00 0.54297E+00 0.00000E+00 0.00000E+00 0.60136E+00      5128307   1/0.54145E+00
 0.56040E+00 0.11109E+03 0.10000E-01 0.48011E+00 0.14579E-01 0.16647E-01 0.43800E+00 0.46963E+00 0.00000E+00 0.00000E+00 0.71878E+00      5128307   1/0.56040E+00
 0.59357E+00 0.11109E+03 0.10000E-01 0.37244E+00 0.11772E-01 0.13344E-01 0.34116E+00 0.36579E+00 0.00000E+00 0.00000E+00 0.56409E+00      5128307   1/0.59357E+00
 0.64097E+00 0.11109E+03 0.10000E-01 0.26214E+00 0.88264E-02 0.99621E-02 0.24009E+00 0.25743E+00 0.00000E+00 0.00000E+00 0.53357E+00      5128307   1/0.64097E+00
 0.68837E+00 0.11109E+03 0.10000E-01 0.18459E+00 0.69123E-02 0.77648E-02 0.16862E+00 0.18080E+00 0.00000E+00 0.00000E+00 0.54794E+00      5128307   1/0.68837E+00
 0.73577E+00 0.11109E+03 0.10000E-01 0.12973E+00 0.49871E-02 0.56505E-02 0.11698E+00 0.12543E+00 0.00000E+00 0.00000E+00 0.86115E+00      5128307   1/0.73577E+00
 0.78318E+00 0.11109E+03 0.10000E-01 0.88060E-01 0.39078E-02 0.44331E-02 0.78869E-01 0.84565E-01 0.00000E+00 0.00000E+00 0.89425E+00      5128307   1/0.78318E+00
 0.83060E+00 0.11109E+03 0.10000E-01 0.56418E-01 0.25531E-02 0.28928E-02 0.50308E-01 0.53942E-01 0.00000E+00 0.00000E+00 0.96985E+00      5128307   1/0.83060E+00
 0.87801E+00 0.11109E+03 0.10000E-01 0.35905E-01 0.17254E-02 0.21283E-02 0.28881E-01 0.30966E-01 0.00000E+00 0.00000E+00 0.28623E+01      5128307   1/0.87801E+00
     3935750
 BELLE2020                                                                       
Plot1@Experiment:BELLE20@ExtraLabel:e^{+}e^{-} #rightarrow  #gamma/Z #rightarrow #pi^{#pm}X @XTitle: Z @YTitle:  d#sigma/dz @Title:Q^{2} = 111.9364 @Ylog @Ymin:0.01 @Ymax:120
 x           Q2          y              data      +- uncor     +- tot     th orig         th mod   therr+         therr-     pull    iset       iplot
 0.21250E+00 0.11194E+03 0.10000E-01 0.27840E+02 0.40814E+00 0.61757E+00 0.25510E+02 0.28016E+02 0.00000E+00 0.00000E+00 -.43193E+00      3935750   1/0.21250E+00
 0.23750E+00 0.11194E+03 0.10000E-01 0.21400E+02 0.24656E+00 0.41720E+00 0.20027E+02 0.21922E+02 0.00000E+00 0.00000E+00 -.21160E+01      3935750   1/0.23750E+00
 0.26250E+00 0.11194E+03 0.10000E-01 0.16750E+02 0.50369E-01 0.25359E+00 0.15853E+02 0.17305E+02 0.00000E+00 0.00000E+00 -.11026E+02      3935750   1/0.26250E+00
 0.28750E+00 0.11194E+03 0.10000E-01 0.13290E+02 0.82019E-02 0.19298E+00 0.12626E+02 0.13756E+02 0.00000E+00 0.00000E+00 -.56778E+02      3935750   1/0.28750E+00
 0.31250E+00 0.11194E+03 0.10000E-01 0.10690E+02 0.17709E-01 0.15266E+00 0.10103E+02 0.10990E+02 0.00000E+00 0.00000E+00 -.16959E+02      3935750   1/0.31250E+00
 0.33750E+00 0.11194E+03 0.10000E-01 0.87020E+01 0.15542E-01 0.12212E+00 0.81170E+01 0.88257E+01 0.00000E+00 0.00000E+00 -.79600E+01      3935750   1/0.33750E+00
 0.36250E+00 0.11194E+03 0.10000E-01 0.71280E+01 0.25897E-02 0.97003E-01 0.65387E+01 0.71067E+01 0.00000E+00 0.00000E+00 0.82301E+01      3935750   1/0.36250E+00
 0.38750E+00 0.11194E+03 0.10000E-01 0.58250E+01 0.12077E-01 0.79739E-01 0.52846E+01 0.57452E+01 0.00000E+00 0.00000E+00 0.66098E+01      3935750   1/0.38750E+00
 0.41250E+00 0.11194E+03 0.10000E-01 0.47050E+01 0.92354E-02 0.65621E-01 0.42859E+01 0.46657E+01 0.00000E+00 0.00000E+00 0.42534E+01      3935750   1/0.41250E+00
 0.43750E+00 0.11194E+03 0.10000E-01 0.38340E+01 0.47149E-02 0.55296E-01 0.34794E+01 0.38018E+01 0.00000E+00 0.00000E+00 0.68194E+01      3935750   1/0.43750E+00
 0.46250E+00 0.11194E+03 0.10000E-01 0.31290E+01 0.30453E-02 0.47972E-01 0.28363E+01 0.31167E+01 0.00000E+00 0.00000E+00 0.40503E+01      3935750   1/0.46250E+00
 0.48750E+00 0.11194E+03 0.10000E-01 0.25690E+01 0.17459E-02 0.39448E-01 0.23212E+01 0.25520E+01 0.00000E+00 0.00000E+00 0.97409E+01      3935750   1/0.48750E+00
 0.51250E+00 0.11194E+03 0.10000E-01 0.21170E+01 0.15402E-02 0.34172E-01 0.19030E+01 0.21030E+01 0.00000E+00 0.00000E+00 0.91012E+01      3935750   1/0.51250E+00
 0.53750E+00 0.11194E+03 0.10000E-01 0.17450E+01 0.15918E-02 0.27792E-01 0.15655E+01 0.17280E+01 0.00000E+00 0.00000E+00 0.10689E+02      3935750   1/0.53750E+00
 0.56250E+00 0.11194E+03 0.10000E-01 0.14420E+01 0.19010E-02 0.23410E-01 0.12926E+01 0.14292E+01 0.00000E+00 0.00000E+00 0.67518E+01      3935750   1/0.56250E+00
 0.58750E+00 0.11194E+03 0.10000E-01 0.11910E+01 0.14831E-02 0.18909E-01 0.10704E+01 0.11808E+01 0.00000E+00 0.00000E+00 0.69011E+01      3935750   1/0.58750E+00
 0.61250E+00 0.11194E+03 0.10000E-01 0.98680E+00 0.11680E-02 0.16401E-01 0.88879E+00 0.98457E+00 0.00000E+00 0.00000E+00 0.19067E+01      3935750   1/0.61250E+00
 0.63750E+00 0.11194E+03 0.10000E-01 0.82020E+00 0.11089E-02 0.13280E-01 0.73858E+00 0.81604E+00 0.00000E+00 0.00000E+00 0.37513E+01      3935750   1/0.63750E+00
 0.66250E+00 0.11194E+03 0.10000E-01 0.67950E+00 0.11727E-02 0.11141E-01 0.61354E+00 0.67836E+00 0.00000E+00 0.00000E+00 0.97168E+00      3935750   1/0.66250E+00
 0.68750E+00 0.11194E+03 0.10000E-01 0.56390E+00 0.10632E-02 0.90931E-02 0.50883E+00 0.56166E+00 0.00000E+00 0.00000E+00 0.21115E+01      3935750   1/0.68750E+00
 0.71250E+00 0.11194E+03 0.10000E-01 0.46790E+00 0.89665E-03 0.74713E-02 0.42064E+00 0.46401E+00 0.00000E+00 0.00000E+00 0.43332E+01      3935750   1/0.71250E+00
 0.73750E+00 0.11194E+03 0.10000E-01 0.38630E+00 0.77948E-03 0.66079E-02 0.34588E+00 0.38426E+00 0.00000E+00 0.00000E+00 0.26228E+01      3935750   1/0.73750E+00
 0.76250E+00 0.11194E+03 0.10000E-01 0.31560E+00 0.68302E-03 0.49426E-02 0.28214E+00 0.31075E+00 0.00000E+00 0.00000E+00 0.70985E+01      3935750   1/0.76250E+00
 0.78750E+00 0.11194E+03 0.10000E-01 0.25480E+00 0.61270E-03 0.37768E-02 0.22753E+00 0.24930E+00 0.00000E+00 0.00000E+00 0.89848E+01      3935750   1/0.78750E+00
 0.81250E+00 0.11194E+03 0.10000E-01 0.20300E+00 0.58055E-03 0.32852E-02 0.18059E+00 0.19946E+00 0.00000E+00 0.00000E+00 0.60976E+01      3935750   1/0.81250E+00
 0.83750E+00 0.11194E+03 0.10000E-01 0.15730E+00 0.53171E-03 0.29009E-02 0.14019E+00 0.15683E+00 0.00000E+00 0.00000E+00 0.88669E+00      3935750   1/0.83750E+00
 0.86250E+00 0.11194E+03 0.10000E-01 0.11870E+00 0.45850E-03 0.23027E-02 0.10548E+00 0.11863E+00 0.00000E+00 0.00000E+00 0.14935E+00      3935750   1/0.86250E+00
 0.88750E+00 0.11194E+03 0.10000E-01 0.85510E-01 0.41333E-03 0.16884E-02 0.75826E-01 0.85340E-01 0.00000E+00 0.00000E+00 0.41210E+00      3935750   1/0.88750E+00
     5127864
 ALEPH_{TOT}                                                                     
Plot1@Experiment:ALEPH@ExtraLabel:e^{+}e^{-} #rightarrow  #gamma/Z #rightarrow #pi^{#pm}X @XTitle: Z @YTitle: 1/#sigma d#sigma/dz @Title:Q^{2} = 8317.44@Xlog@Ylog@Ymin:0.005@Ymax:1000@YminR:0.8@YmaxR:1.25
 x           Q2          y              data      +- uncor     +- tot     th orig         th mod   therr+         therr-     pull    iset       iplot
 0.47100E-01 0.83174E+04 0.10000E+00 0.10418E+03 0.36270E+01 0.38116E+01 0.99069E+02 0.99069E+02 0.00000E+00 0.00000E+00 0.14093E+01      5127864   1/0.47100E-01
 0.52090E-01 0.83174E+04 0.10000E+00 0.90106E+02 0.28012E+01 0.29382E+01 0.85834E+02 0.85834E+02 0.00000E+00 0.00000E+00 0.15248E+01      5127864   1/0.52090E-01
 0.57082E-01 0.83174E+04 0.10000E+00 0.79074E+02 0.24567E+01 0.25866E+01 0.75027E+02 0.75027E+02 0.00000E+00 0.00000E+00 0.16472E+01      5127864   1/0.57082E-01
 0.61976E-01 0.83174E+04 0.10000E+00 0.69445E+02 0.21305E+01 0.22322E+01 0.66241E+02 0.66241E+02 0.00000E+00 0.00000E+00 0.15036E+01      5127864   1/0.61976E-01
 0.66970E-01 0.83174E+04 0.10000E+00 0.61414E+02 0.18807E+01 0.19658E+01 0.58716E+02 0.58716E+02 0.00000E+00 0.00000E+00 0.14347E+01      5127864   1/0.66970E-01
 0.71965E-01 0.83174E+04 0.10000E+00 0.55320E+02 0.16669E+01 0.17599E+01 0.52345E+02 0.52345E+02 0.00000E+00 0.00000E+00 0.17846E+01      5127864   1/0.71965E-01
 0.76961E-01 0.83174E+04 0.10000E+00 0.49950E+02 0.14952E+01 0.15904E+01 0.46904E+02 0.46904E+02 0.00000E+00 0.00000E+00 0.20368E+01      5127864   1/0.76961E-01
 0.81957E-01 0.83174E+04 0.10000E+00 0.44361E+02 0.13473E+01 0.14142E+01 0.42219E+02 0.42219E+02 0.00000E+00 0.00000E+00 0.15897E+01      5127864   1/0.81957E-01
 0.87054E-01 0.83174E+04 0.10000E+00 0.40265E+02 0.12156E+01 0.12837E+01 0.38081E+02 0.38081E+02 0.00000E+00 0.00000E+00 0.17966E+01      5127864   1/0.87054E-01
 0.94250E-01 0.83174E+04 0.10000E+00 0.35399E+02 0.10475E+01 0.11182E+01 0.33131E+02 0.33131E+02 0.00000E+00 0.00000E+00 0.21646E+01      5127864   1/0.94250E-01
 0.10405E+00 0.83174E+04 0.10000E+00 0.29523E+02 0.87909E+00 0.93590E+00 0.27701E+02 0.27701E+02 0.00000E+00 0.00000E+00 0.20728E+01      5127864   1/0.10405E+00
 0.11404E+00 0.83174E+04 0.10000E+00 0.24919E+02 0.74561E+00 0.79556E+00 0.23322E+02 0.23322E+02 0.00000E+00 0.00000E+00 0.21415E+01      5127864   1/0.11404E+00
 0.12404E+00 0.83174E+04 0.10000E+00 0.21066E+02 0.63290E+00 0.67190E+00 0.19817E+02 0.19817E+02 0.00000E+00 0.00000E+00 0.19747E+01      5127864   1/0.12404E+00
 0.13403E+00 0.83174E+04 0.10000E+00 0.18165E+02 0.54530E+00 0.58265E+00 0.16971E+02 0.16971E+02 0.00000E+00 0.00000E+00 0.21899E+01      5127864   1/0.13403E+00
 0.14403E+00 0.83174E+04 0.10000E+00 0.15463E+02 0.47593E+00 0.50212E+00 0.14633E+02 0.14633E+02 0.00000E+00 0.00000E+00 0.17443E+01      5127864   1/0.14403E+00
 0.15403E+00 0.83174E+04 0.10000E+00 0.13643E+02 0.41597E+00 0.44590E+00 0.12693E+02 0.12693E+02 0.00000E+00 0.00000E+00 0.22840E+01      5127864   1/0.15403E+00
 0.16903E+00 0.83174E+04 0.10000E+00 0.11002E+02 0.33435E+00 0.35488E+00 0.10353E+02 0.10353E+02 0.00000E+00 0.00000E+00 0.19411E+01      5127864   1/0.16903E+00
 0.18902E+00 0.83174E+04 0.10000E+00 0.84851E+01 0.26400E+00 0.27927E+00 0.80079E+01 0.80079E+01 0.00000E+00 0.00000E+00 0.18075E+01      5127864   1/0.18902E+00
 0.22202E+00 0.83174E+04 0.10000E+00 0.56215E+01 0.17887E+00 0.18630E+00 0.53932E+01 0.53932E+01 0.00000E+00 0.00000E+00 0.12763E+01      5127864   1/0.22202E+00
 0.27202E+00 0.83174E+04 0.10000E+00 0.31812E+01 0.10687E+00 0.10951E+00 0.31020E+01 0.31020E+01 0.00000E+00 0.00000E+00 0.74082E+00      5127864   1/0.27202E+00
 0.34201E+00 0.83174E+04 0.10000E+00 0.15631E+01 0.54338E-01 0.56142E-01 0.15115E+01 0.15115E+01 0.00000E+00 0.00000E+00 0.94981E+00      5127864   1/0.34201E+00
 0.47601E+00 0.83174E+04 0.10000E+00 0.44951E+00 0.16652E-01 0.17546E-01 0.42561E+00 0.42561E+00 0.00000E+00 0.00000E+00 0.14354E+01      5127864   1/0.47601E+00
 0.67401E+00 0.83174E+04 0.10000E+00 0.76701E-01 0.38452E-02 0.37570E-02 0.78836E-01 0.78836E-01 0.00000E+00 0.00000E+00 -.55534E+00      5127864   1/0.67401E+00
     2294775
 DELPHI_{TOT}                                                                    
Plot1@Experiment:DELPHI@ExtraLabel:e^{+}e^{-} #rightarrow  #gamma/Z #rightarrow #pi^{#pm}X @XTitle: Z @YTitle: 1/#sigma d#sigma/dz @Title:Q^{2} = 8317.44@Xlog@Ylog@YminR:0.5@YmaxR:1.5 @Ymin:0.005@Ymax:1000
 x           Q2          y              data      +- uncor     +- tot     th orig         th mod   therr+         therr-     pull    iset       iplot
 0.22687E-01 0.83174E+04 0.10000E+00 0.25290E+03 0.47363E+01 0.48761E+01 0.24530E+03 0.24530E+03 0.00000E+00 0.00000E+00 0.16042E+01      2294775   1/0.22687E-01
 0.27693E-01 0.83174E+04 0.10000E+00 0.20583E+03 0.43584E+01 0.45710E+01 0.19580E+03 0.19580E+03 0.00000E+00 0.00000E+00 0.23008E+01      2294775   1/0.27693E-01
 0.32710E-01 0.83174E+04 0.10000E+00 0.16892E+03 0.26755E+01 0.28063E+01 0.16020E+03 0.16020E+03 0.00000E+00 0.00000E+00 0.32573E+01      2294775   1/0.32710E-01
 0.37625E-01 0.83174E+04 0.10000E+00 0.14128E+03 0.24797E+01 0.25986E+01 0.13412E+03 0.13412E+03 0.00000E+00 0.00000E+00 0.28873E+01      2294775   1/0.37625E-01
 0.45061E-01 0.83174E+04 0.10000E+00 0.11088E+03 0.21526E+01 0.22577E+01 0.10535E+03 0.10535E+03 0.00000E+00 0.00000E+00 0.25694E+01      2294775   1/0.45061E-01
 0.55129E-01 0.83174E+04 0.10000E+00 0.83989E+02 0.19786E+01 0.20954E+01 0.79006E+02 0.79006E+02 0.00000E+00 0.00000E+00 0.25183E+01      2294775   1/0.55129E-01
 0.65094E-01 0.83174E+04 0.10000E+00 0.65874E+02 0.12303E+01 0.13144E+01 0.61392E+02 0.61392E+02 0.00000E+00 0.00000E+00 0.36428E+01      2294775   1/0.65094E-01
 0.75063E-01 0.83174E+04 0.10000E+00 0.52562E+02 0.11502E+01 0.12326E+01 0.48874E+02 0.48874E+02 0.00000E+00 0.00000E+00 0.32062E+01      2294775   1/0.75063E-01
 0.85034E-01 0.83174E+04 0.10000E+00 0.42728E+02 0.96785E+00 0.10389E+01 0.39652E+02 0.39652E+02 0.00000E+00 0.00000E+00 0.31783E+01      2294775   1/0.85034E-01
 0.95006E-01 0.83174E+04 0.10000E+00 0.35194E+02 0.82586E+00 0.88602E+00 0.32663E+02 0.32663E+02 0.00000E+00 0.00000E+00 0.30646E+01      2294775   1/0.95006E-01
 0.11002E+00 0.83174E+04 0.10000E+00 0.27193E+02 0.68263E+00 0.74138E+00 0.24963E+02 0.24963E+02 0.00000E+00 0.00000E+00 0.32659E+01      2294775   1/0.11002E+00
 0.12997E+00 0.83174E+04 0.10000E+00 0.19641E+02 0.54335E+00 0.58895E+00 0.18059E+02 0.18059E+02 0.00000E+00 0.00000E+00 0.29118E+01      2294775   1/0.12997E+00
 0.14992E+00 0.83174E+04 0.10000E+00 0.14645E+02 0.44551E+00 0.48322E+00 0.13448E+02 0.13448E+02 0.00000E+00 0.00000E+00 0.26878E+01      2294775   1/0.14992E+00
 0.16998E+00 0.83174E+04 0.10000E+00 0.11238E+02 0.36437E+00 0.39822E+00 0.10223E+02 0.10223E+02 0.00000E+00 0.00000E+00 0.27854E+01      2294775   1/0.16998E+00
 0.19005E+00 0.83174E+04 0.10000E+00 0.85602E+01 0.31307E+00 0.33748E+00 0.79066E+01 0.79066E+01 0.00000E+00 0.00000E+00 0.20878E+01      2294775   1/0.19005E+00
 0.23050E+00 0.83174E+04 0.10000E+00 0.54451E+01 0.19161E+00 0.21239E+00 0.48940E+01 0.48940E+01 0.00000E+00 0.00000E+00 0.28761E+01      2294775   1/0.23050E+00
 0.28072E+00 0.83174E+04 0.10000E+00 0.31566E+01 0.12055E+00 0.13369E+00 0.28287E+01 0.28287E+01 0.00000E+00 0.00000E+00 0.27199E+01      2294775   1/0.28072E+00
 0.34979E+00 0.83174E+04 0.10000E+00 0.16695E+01 0.64991E-01 0.76404E-01 0.13993E+01 0.13993E+01 0.00000E+00 0.00000E+00 0.41573E+01      2294775   1/0.34979E+00
 0.44957E+00 0.83174E+04 0.10000E+00 0.67946E+00 0.30911E-01 0.37617E-01 0.54063E+00 0.54063E+00 0.00000E+00 0.00000E+00 0.44912E+01      2294775   1/0.44957E+00
 0.55045E+00 0.83174E+04 0.10000E+00 0.30689E+00 0.16910E-01 0.21721E-01 0.22282E+00 0.22282E+00 0.00000E+00 0.00000E+00 0.49718E+01      2294775   1/0.55045E+00
 0.70066E+00 0.83174E+04 0.10000E+00 0.97585E-01 0.10129E-01 0.14246E-01 0.62583E-01 0.62583E-01 0.00000E+00 0.00000E+00 0.34555E+01      2294775   1/0.70066E+00
     3540363
 OPAL_{TOT}                                                                      
Plot1@Experiment:OPAL@ExtraLabel:e^{+}e^{-} #rightarrow  #gamma/Z #rightarrow #pi^{#pm}X @XTitle: Z @YTitle: 1/#sigma d#sigma/dz @Title:Q^{2} = 8317.44 @Xlog@Ylog @Ymin:0.005@Ymax:1000@YminR:0.3@YmaxR:1.9
 x           Q2          y              data      +- uncor     +- tot     th orig         th mod   therr+         therr-     pull    iset       iplot
 0.45498E-01 0.83174E+04 0.10000E+00 0.10850E+03 0.92564E+01 0.96567E+01 0.10395E+03 0.10395E+03 0.00000E+00 0.00000E+00 0.49120E+00      3540363   1/0.45498E-01
 0.47687E-01 0.83174E+04 0.10000E+00 0.10345E+03 0.34459E+01 0.36584E+01 0.97362E+02 0.97362E+02 0.00000E+00 0.00000E+00 0.17677E+01      3540363   1/0.47687E-01
 0.50094E-01 0.83174E+04 0.10000E+00 0.96077E+02 0.17478E+01 0.18388E+01 0.90796E+02 0.90796E+02 0.00000E+00 0.00000E+00 0.30218E+01      3540363   1/0.50094E-01
 0.52721E-01 0.83174E+04 0.10000E+00 0.88797E+02 0.12532E+01 0.13152E+01 0.84348E+02 0.84348E+02 0.00000E+00 0.00000E+00 0.35501E+01      3540363   1/0.52721E-01
 0.55348E-01 0.83174E+04 0.10000E+00 0.81887E+02 0.11939E+01 0.12424E+01 0.78545E+02 0.78545E+02 0.00000E+00 0.00000E+00 0.27994E+01      3540363   1/0.55348E-01
 0.58195E-01 0.83174E+04 0.10000E+00 0.76350E+02 0.11206E+01 0.11704E+01 0.72888E+02 0.72888E+02 0.00000E+00 0.00000E+00 0.30892E+01      3540363   1/0.58195E-01
 0.61261E-01 0.83174E+04 0.10000E+00 0.70769E+02 0.11940E+01 0.12462E+01 0.67429E+02 0.67429E+02 0.00000E+00 0.00000E+00 0.27975E+01      3540363   1/0.61261E-01
 0.64328E-01 0.83174E+04 0.10000E+00 0.64826E+02 0.10331E+01 0.10687E+01 0.62536E+02 0.62536E+02 0.00000E+00 0.00000E+00 0.22162E+01      3540363   1/0.64328E-01
 0.67614E-01 0.83174E+04 0.10000E+00 0.60619E+02 0.90107E+00 0.94104E+00 0.57836E+02 0.57836E+02 0.00000E+00 0.00000E+00 0.30893E+01      3540363   1/0.67614E-01
 0.71119E-01 0.83174E+04 0.10000E+00 0.55730E+02 0.82429E+00 0.85755E+00 0.53354E+02 0.53354E+02 0.00000E+00 0.00000E+00 0.28823E+01      3540363   1/0.71119E-01
 0.74844E-01 0.83174E+04 0.10000E+00 0.50887E+02 0.73141E+00 0.75545E+00 0.49109E+02 0.49109E+02 0.00000E+00 0.00000E+00 0.24312E+01      3540363   1/0.74844E-01
 0.78569E-01 0.83174E+04 0.10000E+00 0.47232E+02 0.72755E+00 0.75539E+00 0.45321E+02 0.45321E+02 0.00000E+00 0.00000E+00 0.26269E+01      3540363   1/0.78569E-01
 0.82513E-01 0.83174E+04 0.10000E+00 0.43578E+02 0.66797E+00 0.69504E+00 0.41738E+02 0.41738E+02 0.00000E+00 0.00000E+00 0.27545E+01      3540363   1/0.82513E-01
 0.86896E-01 0.83174E+04 0.10000E+00 0.40107E+02 0.58596E+00 0.61217E+00 0.38200E+02 0.38200E+02 0.00000E+00 0.00000E+00 0.32547E+01      3540363   1/0.86896E-01
 0.98294E-01 0.83174E+04 0.10000E+00 0.32164E+02 0.41447E+00 0.43281E+00 0.30729E+02 0.30729E+02 0.00000E+00 0.00000E+00 0.34615E+01      3540363   1/0.98294E-01
 0.12000E+00 0.83174E+04 0.10000E+00 0.21804E+02 0.32242E+00 0.33208E+00 0.21145E+02 0.21145E+02 0.00000E+00 0.00000E+00 0.20448E+01      3540363   1/0.12000E+00
 0.14652E+00 0.83174E+04 0.10000E+00 0.14550E+02 0.22577E+00 0.23257E+00 0.14116E+02 0.14116E+02 0.00000E+00 0.00000E+00 0.19193E+01      3540363   1/0.14652E+00
 0.17875E+00 0.83174E+04 0.10000E+00 0.93585E+01 0.15213E+00 0.15587E+00 0.91195E+01 0.91195E+01 0.00000E+00 0.00000E+00 0.15707E+01      3540363   1/0.17875E+00
 0.21822E+00 0.83174E+04 0.10000E+00 0.56823E+01 0.11448E+00 0.11537E+00 0.56359E+01 0.56359E+01 0.00000E+00 0.00000E+00 0.40534E+00      3540363   1/0.21822E+00
 0.26625E+00 0.83174E+04 0.10000E+00 0.32697E+01 0.78594E-01 0.77926E-01 0.32996E+01 0.32996E+01 0.00000E+00 0.00000E+00 -.37956E+00      3540363   1/0.26625E+00
 0.32501E+00 0.83174E+04 0.10000E+00 0.17602E+01 0.60262E-01 0.59283E-01 0.17916E+01 0.17916E+01 0.00000E+00 0.00000E+00 -.52096E+00      3540363   1/0.32501E+00
 0.39650E+00 0.83174E+04 0.10000E+00 0.93939E+00 0.58802E-01 0.62025E-01 0.88838E+00 0.88838E+00 0.00000E+00 0.00000E+00 0.86742E+00      3540363   1/0.39650E+00
 0.52216E+00 0.83174E+04 0.10000E+00 0.26448E+00 0.20140E-01 0.18802E-01 0.28389E+00 0.28389E+00 0.00000E+00 0.00000E+00 -.96340E+00      3540363   1/0.52216E+00
 0.74496E+00 0.83174E+04 0.10000E+00 0.27360E-01 0.15034E-01 0.10197E-01 0.41812E-01 0.41812E-01 0.00000E+00 0.00000E+00 -.96127E+00      3540363   1/0.74496E+00
     9836195
 SLD_{TOT}                                                                       
Plot1@Experiment:SLD@ExtraLabel:e^{+}e^{-} #rightarrow  #gamma/Z #rightarrow #pi^{#pm} @XTitle: Z @YTitle: 1/#sigma d#sigma/dz @Title:Q^{2} = 8317.44 @Xlog@Ylog@YminR:0.5@YmaxR:1.6 @Ymin:0.002@Ymax:1000
 x           Q2          y              data      +- uncor     +- tot     th orig         th mod   therr+         therr-     pull    iset       iplot
 0.24791E-01 0.83320E+04 0.10000E+00 0.23138E+03 0.13525E+01 0.27063E+01 0.22237E+03 0.23413E+03 0.00000E+00 0.00000E+00 -.20306E+01      9836195   1/0.24791E-01
 0.30256E-01 0.83320E+04 0.10000E+00 0.18596E+03 0.94260E+00 0.21067E+01 0.17626E+03 0.18558E+03 0.00000E+00 0.00000E+00 0.40600E+00      9836195   1/0.30256E-01
 0.35732E-01 0.83320E+04 0.10000E+00 0.15116E+03 0.77258E+00 0.17146E+01 0.14336E+03 0.15094E+03 0.00000E+00 0.00000E+00 0.28609E+00      9836195   1/0.35732E-01
 0.41215E-01 0.83320E+04 0.10000E+00 0.12595E+03 0.93721E+00 0.16005E+01 0.11894E+03 0.12523E+03 0.00000E+00 0.00000E+00 0.76508E+00      9836195   1/0.41215E-01
 0.46601E-01 0.83320E+04 0.10000E+00 0.10673E+03 0.11091E+01 0.15859E+01 0.10056E+03 0.10588E+03 0.00000E+00 0.00000E+00 0.77245E+00      9836195   1/0.46601E-01
 0.52190E-01 0.83320E+04 0.10000E+00 0.90557E+02 0.13047E+01 0.16486E+01 0.85600E+02 0.90125E+02 0.00000E+00 0.00000E+00 0.33071E+00      9836195   1/0.52190E-01
 0.57682E-01 0.83320E+04 0.10000E+00 0.77490E+02 0.92003E+00 0.12358E+01 0.73866E+02 0.77772E+02 0.00000E+00 0.00000E+00 -.30615E+00      9836195   1/0.57682E-01
 0.63075E-01 0.83320E+04 0.10000E+00 0.67470E+02 0.72737E+00 0.10152E+01 0.64474E+02 0.67883E+02 0.00000E+00 0.00000E+00 -.56742E+00      9836195   1/0.63075E-01
 0.68569E-01 0.83320E+04 0.10000E+00 0.59460E+02 0.76129E+00 0.99510E+00 0.56564E+02 0.59555E+02 0.00000E+00 0.00000E+00 -.12537E+00      9836195   1/0.68569E-01
 0.74064E-01 0.83320E+04 0.10000E+00 0.52615E+02 0.62013E+00 0.83670E+00 0.49958E+02 0.52599E+02 0.00000E+00 0.00000E+00 0.25409E-01      9836195   1/0.74064E-01
 0.79559E-01 0.83320E+04 0.10000E+00 0.46795E+02 0.52909E+00 0.72597E+00 0.44383E+02 0.46729E+02 0.00000E+00 0.00000E+00 0.12408E+00      9836195   1/0.79559E-01
 0.85055E-01 0.83320E+04 0.10000E+00 0.41727E+02 0.46620E+00 0.64205E+00 0.39634E+02 0.41730E+02 0.00000E+00 0.00000E+00 -.50862E-02      9836195   1/0.85055E-01
 0.93151E-01 0.83320E+04 0.10000E+00 0.35279E+02 0.37535E+00 0.52605E+00 0.33828E+02 0.35616E+02 0.00000E+00 0.00000E+00 -.89847E+00      9836195   1/0.93151E-01
 0.10405E+00 0.83320E+04 0.10000E+00 0.28903E+02 0.30582E+00 0.42968E+00 0.27700E+02 0.29164E+02 0.00000E+00 0.00000E+00 -.85620E+00      9836195   1/0.10405E+00
 0.11504E+00 0.83320E+04 0.10000E+00 0.23889E+02 0.26738E+00 0.36609E+00 0.22936E+02 0.24148E+02 0.00000E+00 0.00000E+00 -.97232E+00      9836195   1/0.11504E+00
 0.13104E+00 0.83320E+04 0.10000E+00 0.18695E+02 0.19671E+00 0.27834E+00 0.17764E+02 0.18703E+02 0.00000E+00 0.00000E+00 -.41900E-01      9836195   1/0.13104E+00
 0.15303E+00 0.83320E+04 0.10000E+00 0.13853E+02 0.14656E+00 0.20905E+00 0.12871E+02 0.13551E+02 0.00000E+00 0.00000E+00 0.20590E+01      9836195   1/0.15303E+00
 0.17503E+00 0.83320E+04 0.10000E+00 0.10162E+02 0.11884E+00 0.16134E+00 0.95688E+01 0.10075E+02 0.00000E+00 0.00000E+00 0.73090E+00      9836195   1/0.17503E+00
 0.19702E+00 0.83320E+04 0.10000E+00 0.78129E+01 0.80172E-01 0.11562E+00 0.72545E+01 0.76380E+01 0.00000E+00 0.00000E+00 0.21820E+01      9836195   1/0.19702E+00
 0.21892E+00 0.83320E+04 0.10000E+00 0.60766E+01 0.70219E-01 0.96699E-01 0.55898E+01 0.58854E+01 0.00000E+00 0.00000E+00 0.27231E+01      9836195   1/0.21892E+00
 0.24102E+00 0.83320E+04 0.10000E+00 0.46744E+01 0.62008E-01 0.80720E-01 0.43474E+01 0.45772E+01 0.00000E+00 0.00000E+00 0.15670E+01      9836195   1/0.24102E+00
 0.26292E+00 0.83320E+04 0.10000E+00 0.36322E+01 0.53568E-01 0.66938E-01 0.34195E+01 0.36003E+01 0.00000E+00 0.00000E+00 0.59649E+00      9836195   1/0.26292E+00
 0.28492E+00 0.83320E+04 0.10000E+00 0.28862E+01 0.45880E-01 0.56243E-01 0.27063E+01 0.28493E+01 0.00000E+00 0.00000E+00 0.80266E+00      9836195   1/0.28492E+00
 0.30682E+00 0.83320E+04 0.10000E+00 0.22921E+01 0.39844E-01 0.47650E-01 0.21557E+01 0.22697E+01 0.00000E+00 0.00000E+00 0.56255E+00      9836195   1/0.30682E+00
 0.33381E+00 0.83320E+04 0.10000E+00 0.17491E+01 0.37813E-01 0.43624E-01 0.16399E+01 0.17266E+01 0.00000E+00 0.00000E+00 0.59372E+00      9836195   1/0.33381E+00
 0.36661E+00 0.83320E+04 0.10000E+00 0.12750E+01 0.31280E-01 0.35646E-01 0.11851E+01 0.12477E+01 0.00000E+00 0.00000E+00 0.87337E+00      9836195   1/0.36661E+00
 0.39971E+00 0.83320E+04 0.10000E+00 0.92103E+00 0.25750E-01 0.28721E-01 0.86157E+00 0.90713E+00 0.00000E+00 0.00000E+00 0.53983E+00      9836195   1/0.39971E+00
 0.43251E+00 0.83320E+04 0.10000E+00 0.68002E+00 0.21516E-01 0.23796E-01 0.63277E+00 0.66623E+00 0.00000E+00 0.00000E+00 0.64100E+00      9836195   1/0.43251E+00
 0.46511E+00 0.83320E+04 0.10000E+00 0.49901E+00 0.18230E-01 0.19746E-01 0.46932E+00 0.49414E+00 0.00000E+00 0.00000E+00 0.26726E+00      9836195   1/0.46511E+00
 0.50351E+00 0.83320E+04 0.10000E+00 0.33801E+00 0.14008E-01 0.14541E-01 0.33371E+00 0.35136E+00 0.00000E+00 0.00000E+00 -.95309E+00      9836195   1/0.50351E+00
 0.54701E+00 0.83320E+04 0.10000E+00 0.22600E+00 0.11520E-01 0.11624E-01 0.22939E+00 0.24152E+00 0.00000E+00 0.00000E+00 -.13472E+01      9836195   1/0.54701E+00
 0.60831E+00 0.83320E+04 0.10000E+00 0.13000E+00 0.73551E-02 0.71897E-02 0.13698E+00 0.14422E+00 0.00000E+00 0.00000E+00 -.19331E+01      9836195   1/0.60831E+00
 0.70471E+00 0.83320E+04 0.10000E+00 0.52600E-01 0.51766E-02 0.47304E-02 0.60380E-01 0.63573E-01 0.00000E+00 0.00000E+00 -.21196E+01      9836195   1/0.70471E+00
 0.83831E+00 0.83320E+04 0.10000E+00 0.11300E-01 0.27030E-02 0.22232E-02 0.15040E-01 0.15835E-01 0.00000E+00 0.00000E+00 -.16778E+01      9836195   1/0.83831E+00
     1316051
 TASSO_{12}                                                                      
Plot1@Experiment:TASSO@ExtraLabel:e^{+}e^{-} #rightarrow  #gamma/Z #rightarrow #pi^{#pm}X @XTitle: Z @YTitle:   d#sigma/dz @Title:Q^{2} = 144 @Xlog@Ylog
 x           Q2          y              data      +- uncor     +- tot     th orig         th mod   therr+         therr-     pull    iset       iplot
 0.78546E-01 0.14400E+03 0.10000E+00 0.10242E+03 0.19406E+02 0.27417E+02 0.11616E+03 0.10472E+03 0.00000E+00 0.00000E+00 -.11823E+00      1316051   1/0.78546E-01
 0.94590E-01 0.14400E+03 0.10000E+00 0.85440E+02 0.15816E+02 0.23056E+02 0.89213E+02 0.80426E+02 0.00000E+00 0.00000E+00 0.31705E+00      1316051   1/0.94590E-01
 0.13536E+00 0.14400E+03 0.10000E+00 0.42638E+02 0.11909E+02 0.13890E+02 0.50303E+02 0.45348E+02 0.00000E+00 0.00000E+00 -.22754E+00      1316051   1/0.13536E+00
 0.21792E+00 0.14400E+03 0.10000E+00 0.10862E+02 0.73378E+01 0.58496E+01 0.19827E+02 0.17874E+02 0.00000E+00 0.00000E+00 -.95559E+00      1316051   1/0.21792E+00
      545109
 TASSO_{14}                                                                      
Plot1@Experiment:TASSO@ExtraLabel:e^{+}e^{-} #rightarrow  #gamma/Z #rightarrow #pi^{#pm}X @XTitle: Z @YTitle: d#sigma/dz @Title:Q^{2} = 196 @Xlog@Ylog@Ymin:0.05@Ymax:1000
 x           Q2          y              data      +- uncor     +- tot     th orig         th mod   therr+         therr-     pull    iset       iplot
 0.81077E-01 0.19600E+03 0.10000E+00 0.83067E+02 0.40447E+01 0.81373E+01 0.83053E+02 0.82532E+02 0.00000E+00 0.00000E+00 0.13233E+00       545109   1/0.81077E-01
 0.94987E-01 0.19600E+03 0.10000E+00 0.62368E+02 0.33851E+01 0.62412E+01 0.65873E+02 0.65460E+02 0.00000E+00 0.00000E+00 -.91332E+00       545109   1/0.94987E-01
 0.10899E+00 0.19600E+03 0.10000E+00 0.57395E+02 0.33584E+01 0.59979E+01 0.53171E+02 0.52838E+02 0.00000E+00 0.00000E+00 0.13568E+01       545109   1/0.10899E+00
 0.13012E+00 0.19600E+03 0.10000E+00 0.38821E+02 0.21457E+01 0.39250E+01 0.39573E+02 0.39325E+02 0.00000E+00 0.00000E+00 -.23483E+00       545109   1/0.13012E+00
 0.15841E+00 0.19600E+03 0.10000E+00 0.27873E+02 0.28132E+01 0.36851E+01 0.27687E+02 0.27514E+02 0.00000E+00 0.00000E+00 0.12778E+00       545109   1/0.15841E+00
 0.20100E+00 0.19600E+03 0.10000E+00 0.16462E+02 0.19363E+01 0.23592E+01 0.17106E+02 0.16999E+02 0.00000E+00 0.00000E+00 -.27753E+00       545109   1/0.20100E+00
 0.25792E+00 0.19600E+03 0.10000E+00 0.81445E+01 0.10668E+01 0.12023E+01 0.95930E+01 0.95329E+01 0.00000E+00 0.00000E+00 -.13014E+01       545109   1/0.25792E+00
 0.32918E+00 0.19600E+03 0.10000E+00 0.63117E+01 0.68204E+00 0.93964E+00 0.49337E+01 0.49028E+01 0.00000E+00 0.00000E+00 0.20657E+01       545109   1/0.32918E+00
 0.51467E+00 0.19600E+03 0.10000E+00 0.70053E+00 0.25394E+00 0.21843E+00 0.10228E+01 0.10164E+01 0.00000E+00 0.00000E+00 -.12438E+01       545109   1/0.51467E+00
     5996116
 TASSO_{22}                                                                      
Plot1@Experiment:TASSO@ExtraLabel:e^{+}e^{-} #rightarrow  #gamma/Z #rightarrow #pi^{#pm}X @XTitle: Z @YTitle: d#sigma/dz @Title:Q^{2} = 484 @Xlog@Ylog @Ymin:0.05@Ymax:100
 x           Q2          y              data      +- uncor     +- tot     th orig         th mod   therr+         therr-     pull    iset       iplot
 0.82802E-01 0.48400E+03 0.10000E+00 0.29167E+02 0.22764E+01 0.28018E+01 0.33783E+02 0.30395E+02 0.00000E+00 0.00000E+00 -.53949E+00      5996116   1/0.82802E-01
 0.10081E+00 0.48400E+03 0.10000E+00 0.22288E+02 0.29237E+01 0.31075E+01 0.24791E+02 0.22304E+02 0.00000E+00 0.00000E+00 -.53852E-02      5996116   1/0.10081E+00
 0.12791E+00 0.48400E+03 0.10000E+00 0.12160E+02 0.19295E+01 0.18266E+01 0.16464E+02 0.14812E+02 0.00000E+00 0.00000E+00 -.13745E+01      5996116   1/0.12791E+00
 0.16413E+00 0.48400E+03 0.10000E+00 0.91576E+01 0.10491E+01 0.11484E+01 0.10221E+02 0.91958E+01 0.00000E+00 0.00000E+00 -.36468E-01      5996116   1/0.16413E+00
 0.20948E+00 0.48400E+03 0.10000E+00 0.58408E+01 0.78474E+00 0.85469E+00 0.60441E+01 0.54379E+01 0.00000E+00 0.00000E+00 0.51340E+00      5996116   1/0.20948E+00
 0.30935E+00 0.48400E+03 0.10000E+00 0.19817E+01 0.46469E+00 0.45773E+00 0.22066E+01 0.19853E+01 0.00000E+00 0.00000E+00 -.76872E-02      5996116   1/0.30935E+00
 0.37294E+00 0.48400E+03 0.10000E+00 0.71542E+00 0.25979E+00 0.20318E+00 0.12301E+01 0.11068E+01 0.00000E+00 0.00000E+00 -.15064E+01      5996116   1/0.37294E+00
 0.54560E+00 0.48400E+03 0.10000E+00 0.22006E+00 0.75373E-01 0.67458E-01 0.28685E+00 0.25808E+00 0.00000E+00 0.00000E+00 -.50436E+00      5996116   1/0.54560E+00
     9905239
 TASSO_{34}                                                                      
Plot1@Experiment:TASSO@ExtraLabel:e^{+}e^{-} #rightarrow  #gamma/Z #rightarrow #pi^{#pm}X @XTitle: Z @YTitle: 1/#sigma d#sigma/dz @Title:Q^{2} = 1156@Xlog@Ylog @Ymin:0.005@Ymax:1000
 x           Q2          y              data      +- uncor     +- tot     th orig         th mod   therr+         therr-     pull    iset       iplot
 0.79329E-01 0.11560E+04 0.10000E+00 0.43334E+02 0.29520E+01 0.38322E+01 0.47648E+02 0.46268E+02 0.00000E+00 0.00000E+00 -.99371E+00      9905239   1/0.79329E-01
 0.10233E+00 0.11560E+04 0.10000E+00 0.30399E+02 0.17346E+01 0.24971E+01 0.31443E+02 0.30531E+02 0.00000E+00 0.00000E+00 -.76571E-01      9905239   1/0.10233E+00
 0.13026E+00 0.11560E+04 0.10000E+00 0.19339E+02 0.11311E+01 0.16004E+01 0.20366E+02 0.19776E+02 0.00000E+00 0.00000E+00 -.38644E+00      9905239   1/0.13026E+00
 0.18219E+00 0.11560E+04 0.10000E+00 0.91093E+01 0.10633E+01 0.11405E+01 0.10277E+02 0.99796E+01 0.00000E+00 0.00000E+00 -.81848E+00      9905239   1/0.18219E+00
 0.20417E+00 0.11560E+04 0.10000E+00 0.77063E+01 0.71107E+00 0.83940E+00 0.79390E+01 0.77089E+01 0.00000E+00 0.00000E+00 -.37287E-02      9905239   1/0.20417E+00
 0.23714E+00 0.11560E+04 0.10000E+00 0.50030E+01 0.42029E+00 0.50030E+00 0.55167E+01 0.53569E+01 0.00000E+00 0.00000E+00 -.84195E+00      9905239   1/0.23714E+00
 0.29711E+00 0.11560E+04 0.10000E+00 0.28511E+01 0.19469E+00 0.25572E+00 0.29912E+01 0.29045E+01 0.00000E+00 0.00000E+00 -.27429E+00      9905239   1/0.29711E+00
 0.43408E+00 0.11560E+04 0.10000E+00 0.91016E+00 0.50208E-01 0.75414E-01 0.84821E+00 0.82363E+00 0.00000E+00 0.00000E+00 0.17234E+01      9905239   1/0.43408E+00
 0.73005E+00 0.11560E+04 0.10000E+00 0.11001E+00 0.16426E-01 0.21062E-01 0.74192E-01 0.72042E-01 0.00000E+00 0.00000E+00 0.23113E+01      9905239   1/0.73005E+00
     4585304
 TASSO_{44}                                                                      
Plot1@Experiment:TASSO@ExtraLabel:e^{+}e^{-} #rightarrow  #gamma/Z #rightarrow #pi^{#pm}X @XTitle: Z @YTitle: 1/#sigma d#sigma/dz @Title:Q^{2} = 1936@Xlog@Ylog @Ymin:0.005@Ymax:1000
 x           Q2          y              data      +- uncor     +- tot     th orig         th mod   therr+         therr-     pull    iset       iplot
 0.81150E-01 0.19360E+04 0.10000E+00 0.34005E+02 0.59567E+01 0.55076E+01 0.46103E+02 0.45447E+02 0.00000E+00 0.00000E+00 -.19209E+01      4585304   1/0.81150E-01
 0.10320E+00 0.19360E+04 0.10000E+00 0.25549E+02 0.44008E+01 0.42908E+01 0.30807E+02 0.30369E+02 0.00000E+00 0.00000E+00 -.10954E+01      4585304   1/0.10320E+00
 0.15213E+00 0.19360E+04 0.10000E+00 0.12911E+02 0.21388E+01 0.21464E+01 0.14740E+02 0.14530E+02 0.00000E+00 0.00000E+00 -.75689E+00      4585304   1/0.15213E+00
 0.21609E+00 0.19360E+04 0.10000E+00 0.64028E+01 0.51238E+00 0.63071E+00 0.67178E+01 0.66222E+01 0.00000E+00 0.00000E+00 -.42833E+00      4585304   1/0.21609E+00
 0.34506E+00 0.19360E+04 0.10000E+00 0.21004E+01 0.18520E+00 0.23642E+00 0.18003E+01 0.17747E+01 0.00000E+00 0.00000E+00 0.17584E+01      4585304   1/0.34506E+00
 0.68203E+00 0.19360E+04 0.10000E+00 0.20001E+00 0.28691E-01 0.41763E-01 0.10289E+00 0.10143E+00 0.00000E+00 0.00000E+00 0.34359E+01      4585304   1/0.68203E+00
     2831510
 TPC_{TOT}                                                                       
Plot1@Experiment:TPC@ExtraLabel:e^{+}e^{-} #rightarrow  #gamma/Z #rightarrow #pi^{#pm}X @XTitle: Z @YTitle: 1/#sigma d#sigma/dz @Title:Q^{2} = 841.0@Xlog@Ylog @Ymin:0.005@Ymax:100
 x           Q2          y              data      +- uncor     +- tot     th orig         th mod   therr+         therr-     pull    iset       iplot
 0.95489E-01 0.84100E+03 0.10000E+00 0.36185E+02 0.18871E+01 0.19098E+01 0.35330E+02 0.35330E+02 0.00000E+00 0.00000E+00 0.45344E+00      2831510   1/0.95489E-01
 0.10544E+00 0.84100E+03 0.10000E+00 0.30026E+02 0.15036E+01 0.15063E+01 0.29916E+02 0.29916E+02 0.00000E+00 0.00000E+00 0.73014E-01      2831510   1/0.10544E+00
 0.17027E+00 0.84100E+03 0.10000E+00 0.12500E+02 0.50172E+00 0.51082E+00 0.12059E+02 0.12059E+02 0.00000E+00 0.00000E+00 0.87959E+00      2831510   1/0.17027E+00
 0.19025E+00 0.84100E+03 0.10000E+00 0.10784E+02 0.42256E+00 0.45058E+00 0.94844E+01 0.94844E+01 0.00000E+00 0.00000E+00 0.30753E+01      2831510   1/0.19025E+00
 0.21022E+00 0.84100E+03 0.10000E+00 0.79584E+01 0.35101E+00 0.36038E+00 0.75499E+01 0.75499E+01 0.00000E+00 0.00000E+00 0.11638E+01      2831510   1/0.21022E+00
 0.23520E+00 0.84100E+03 0.10000E+00 0.61352E+01 0.25200E+00 0.26022E+00 0.57538E+01 0.57538E+01 0.00000E+00 0.00000E+00 0.15135E+01      2831510   1/0.23520E+00
 0.27517E+00 0.84100E+03 0.10000E+00 0.40925E+01 0.13524E+00 0.14009E+00 0.38143E+01 0.38143E+01 0.00000E+00 0.00000E+00 0.20573E+01      2831510   1/0.27517E+00
 0.32514E+00 0.84100E+03 0.10000E+00 0.26112E+01 0.94892E-01 0.10004E+00 0.23491E+01 0.23491E+01 0.00000E+00 0.00000E+00 0.27614E+01      2831510   1/0.32514E+00
 0.37512E+00 0.84100E+03 0.10000E+00 0.15815E+01 0.68713E-01 0.71024E-01 0.14803E+01 0.14803E+01 0.00000E+00 0.00000E+00 0.14734E+01      2831510   1/0.37512E+00
 0.45010E+00 0.84100E+03 0.10000E+00 0.87420E+00 0.35566E-01 0.38009E-01 0.76542E+00 0.76542E+00 0.00000E+00 0.00000E+00 0.30585E+01      2831510   1/0.45010E+00
 0.55008E+00 0.84100E+03 0.10000E+00 0.37006E+00 0.20927E-01 0.22003E-01 0.33474E+00 0.33474E+00 0.00000E+00 0.00000E+00 0.16878E+01      2831510   1/0.55008E+00
 0.65007E+00 0.84100E+03 0.10000E+00 0.19002E+00 0.13375E-01 0.15002E-01 0.15104E+00 0.15104E+00 0.00000E+00 0.00000E+00 0.29146E+01      2831510   1/0.65007E+00
 0.80006E+00 0.84100E+03 0.10000E+00 0.46603E-01 0.65376E-02 0.70005E-02 0.40644E-01 0.40644E-01 0.00000E+00 0.00000E+00 0.91158E+00      2831510   1/0.80006E+00
     3635489
 DELPHI b_{tag}                                                                  
Plot1@Experiment:DELPHI_b_tag@ExtraLabel:e^{+}e^{-} #rightarrow  #gamma/Z #rightarrow #pi^{#pm}X @XTitle: Z @YTitle: 1/#sigma d#sigma/dz @Title:Q^{2} = 8317.44@Xlog@Ylog@YminR:0.4@YmaxR:1.6 @Ymin:0.002@Ymax:1000
 x           Q2          y              data      +- uncor     +- tot     th orig         th mod   therr+         therr-     pull    iset       iplot
 0.22687E-01 0.83174E+04 0.10000E+00 0.29151E+03 0.35595E+01 0.59097E+01 0.28660E+03 0.29418E+03 0.00000E+00 0.00000E+00 -.74956E+00      3635489   1/0.22687E-01
 0.27693E-01 0.83174E+04 0.10000E+00 0.23882E+03 0.32572E+01 0.55796E+01 0.23216E+03 0.23933E+03 0.00000E+00 0.00000E+00 -.15719E+00      3635489   1/0.27693E-01
 0.32710E-01 0.83174E+04 0.10000E+00 0.19603E+03 0.29897E+01 0.40854E+01 0.19175E+03 0.19616E+03 0.00000E+00 0.00000E+00 -.42379E-01      3635489   1/0.32710E-01
 0.37625E-01 0.83174E+04 0.10000E+00 0.16448E+03 0.28554E+01 0.38565E+01 0.16141E+03 0.16554E+03 0.00000E+00 0.00000E+00 -.37174E+00      3635489   1/0.37625E-01
 0.45061E-01 0.83174E+04 0.10000E+00 0.12651E+03 0.20162E+01 0.29426E+01 0.12716E+03 0.13070E+03 0.00000E+00 0.00000E+00 -.20773E+01      3635489   1/0.45061E-01
 0.55129E-01 0.83174E+04 0.10000E+00 0.97736E+02 0.17560E+01 0.27893E+01 0.94992E+02 0.98417E+02 0.00000E+00 0.00000E+00 -.38788E+00      3635489   1/0.55129E-01
 0.65094E-01 0.83174E+04 0.10000E+00 0.76419E+02 0.11157E+01 0.18180E+01 0.73039E+02 0.75260E+02 0.00000E+00 0.00000E+00 0.10393E+01      3635489   1/0.65094E-01
 0.75063E-01 0.83174E+04 0.10000E+00 0.59877E+02 0.89237E+00 0.15335E+01 0.57232E+02 0.59165E+02 0.00000E+00 0.00000E+00 0.79781E+00      3635489   1/0.75063E-01
 0.85034E-01 0.83174E+04 0.10000E+00 0.47866E+02 0.75633E+00 0.12686E+01 0.45504E+02 0.47071E+02 0.00000E+00 0.00000E+00 0.10508E+01      3635489   1/0.85034E-01
 0.95006E-01 0.83174E+04 0.10000E+00 0.38917E+02 0.66372E+00 0.11044E+01 0.36606E+02 0.37944E+02 0.00000E+00 0.00000E+00 0.14662E+01      3635489   1/0.95006E-01
 0.11002E+00 0.83174E+04 0.10000E+00 0.28128E+02 0.42336E+00 0.76427E+00 0.26844E+02 0.27830E+02 0.00000E+00 0.00000E+00 0.70314E+00      3635489   1/0.11002E+00
 0.12997E+00 0.83174E+04 0.10000E+00 0.18811E+02 0.34583E+00 0.57930E+00 0.18238E+02 0.18971E+02 0.00000E+00 0.00000E+00 -.46487E+00      3635489   1/0.12997E+00
 0.14992E+00 0.83174E+04 0.10000E+00 0.13049E+02 0.29673E+00 0.46951E+00 0.12679E+02 0.13254E+02 0.00000E+00 0.00000E+00 -.69038E+00      3635489   1/0.14992E+00
 0.16998E+00 0.83174E+04 0.10000E+00 0.91671E+01 0.25711E+00 0.37088E+00 0.89672E+01 0.93920E+01 0.00000E+00 0.00000E+00 -.87461E+00      3635489   1/0.16998E+00
 0.19005E+00 0.83174E+04 0.10000E+00 0.66448E+01 0.19762E+00 0.30719E+00 0.64446E+01 0.68149E+01 0.00000E+00 0.00000E+00 -.86088E+00      3635489   1/0.19005E+00
 0.23050E+00 0.83174E+04 0.10000E+00 0.36939E+01 0.79509E-01 0.15566E+00 0.34655E+01 0.36692E+01 0.00000E+00 0.00000E+00 0.31074E+00      3635489   1/0.23050E+00
 0.28072E+00 0.83174E+04 0.10000E+00 0.18652E+01 0.61520E-01 0.10399E+00 0.17318E+01 0.18569E+01 0.00000E+00 0.00000E+00 0.13349E+00      3635489   1/0.28072E+00
 0.34979E+00 0.83174E+04 0.10000E+00 0.84728E+00 0.39905E-01 0.58386E-01 0.75014E+00 0.80847E+00 0.00000E+00 0.00000E+00 0.97270E+00      3635489   1/0.34979E+00
 0.44957E+00 0.83174E+04 0.10000E+00 0.28683E+00 0.22139E-01 0.30128E-01 0.25993E+00 0.28842E+00 0.00000E+00 0.00000E+00 -.71734E-01      3635489   1/0.44957E+00
 0.55045E+00 0.83174E+04 0.10000E+00 0.11491E+00 0.14107E-01 0.20439E-01 0.89778E-01 0.10615E+00 0.00000E+00 0.00000E+00 0.62101E+00      3635489   1/0.55045E+00
 0.70066E+00 0.83174E+04 0.10000E+00 0.36936E-01 0.82497E-02 0.15954E-01 0.13432E-01 0.18332E-01 0.00000E+00 0.00000E+00 0.22551E+01      3635489   1/0.70066E+00
     3764103
 SLD b_{tag}                                                                     
Plot1@Experiment:SLD_b_tag@ExtraLabel:e^{+}e^{-} #rightarrow  #gamma/Z #rightarrow #pi^{#pm}X @XTitle: Z @YTitle: 1/#sigma d#sigma/dz @Title:Q^{2} = 8332.0384@Xlog@Ylog@YminR:0@YmaxR:2.1 @Ymin:0.00002@Ymax:1200
 x           Q2          y              data      +- uncor     +- tot     th orig         th mod   therr+         therr-     pull    iset       iplot
 0.24791E-01 0.83320E+04 0.10000E+00 0.26373E+03 0.33123E+01 0.42444E+01 0.26162E+03 0.26371E+03 0.00000E+00 0.00000E+00 0.70798E-02      3764103   1/0.24791E-01
 0.30256E-01 0.83320E+04 0.10000E+00 0.21531E+03 0.26810E+01 0.34644E+01 0.21010E+03 0.21178E+03 0.00000E+00 0.00000E+00 0.13168E+01      3764103   1/0.30256E-01
 0.35732E-01 0.83320E+04 0.10000E+00 0.17585E+03 0.22846E+01 0.29020E+01 0.17222E+03 0.17360E+03 0.00000E+00 0.00000E+00 0.98550E+00      3764103   1/0.35732E-01
 0.41215E-01 0.83320E+04 0.10000E+00 0.14581E+03 0.18898E+01 0.23992E+01 0.14344E+03 0.14459E+03 0.00000E+00 0.00000E+00 0.64314E+00      3764103   1/0.41215E-01
 0.46601E-01 0.83320E+04 0.10000E+00 0.12166E+03 0.17016E+01 0.20935E+01 0.12136E+03 0.12233E+03 0.00000E+00 0.00000E+00 -.39142E+00      3764103   1/0.46601E-01
 0.52190E-01 0.83320E+04 0.10000E+00 0.10348E+03 0.14999E+01 0.18244E+01 0.10311E+03 0.10394E+03 0.00000E+00 0.00000E+00 -.30558E+00      3764103   1/0.52190E-01
 0.57682E-01 0.83320E+04 0.10000E+00 0.89367E+02 0.13562E+01 0.16290E+01 0.88619E+02 0.89327E+02 0.00000E+00 0.00000E+00 0.29092E-01      3764103   1/0.57682E-01
 0.63075E-01 0.83320E+04 0.10000E+00 0.75560E+02 0.12222E+01 0.14278E+01 0.76904E+02 0.77518E+02 0.00000E+00 0.00000E+00 -.16022E+01      3764103   1/0.63075E-01
 0.68569E-01 0.83320E+04 0.10000E+00 0.66036E+02 0.11289E+01 0.13012E+01 0.66959E+02 0.67493E+02 0.00000E+00 0.00000E+00 -.12908E+01      3764103   1/0.68569E-01
 0.74064E-01 0.83320E+04 0.10000E+00 0.59441E+02 0.10335E+01 0.11987E+01 0.58605E+02 0.59073E+02 0.00000E+00 0.00000E+00 0.35621E+00      3764103   1/0.74064E-01
 0.79559E-01 0.83320E+04 0.10000E+00 0.52149E+02 0.96491E+00 0.11019E+01 0.51526E+02 0.51938E+02 0.00000E+00 0.00000E+00 0.21900E+00      3764103   1/0.79559E-01
 0.85055E-01 0.83320E+04 0.10000E+00 0.45890E+02 0.89656E+00 0.10108E+01 0.45481E+02 0.45844E+02 0.00000E+00 0.00000E+00 0.51133E-01      3764103   1/0.85055E-01
 0.93151E-01 0.83320E+04 0.10000E+00 0.38311E+02 0.64845E+00 0.75481E+00 0.38087E+02 0.38391E+02 0.00000E+00 0.00000E+00 -.12399E+00      3764103   1/0.93151E-01
 0.10405E+00 0.83320E+04 0.10000E+00 0.30583E+02 0.57757E+00 0.65592E+00 0.30301E+02 0.30543E+02 0.00000E+00 0.00000E+00 0.69918E-01      3764103   1/0.10405E+00
 0.11504E+00 0.83320E+04 0.10000E+00 0.24349E+02 0.50962E+00 0.56531E+00 0.24295E+02 0.24489E+02 0.00000E+00 0.00000E+00 -.27569E+00      3764103   1/0.11504E+00
 0.13104E+00 0.83320E+04 0.10000E+00 0.18215E+02 0.35674E+00 0.40355E+00 0.17877E+02 0.18020E+02 0.00000E+00 0.00000E+00 0.54764E+00      3764103   1/0.13104E+00
 0.15303E+00 0.83320E+04 0.10000E+00 0.12272E+02 0.27693E+00 0.30577E+00 0.12000E+02 0.12096E+02 0.00000E+00 0.00000E+00 0.63641E+00      3764103   1/0.15303E+00
 0.17503E+00 0.83320E+04 0.10000E+00 0.82513E+01 0.21988E+00 0.23500E+00 0.82398E+01 0.83056E+01 0.00000E+00 0.00000E+00 -.24713E+00      3764103   1/0.17503E+00
 0.19702E+00 0.83320E+04 0.10000E+00 0.58307E+01 0.17904E+00 0.18923E+00 0.57670E+01 0.58130E+01 0.00000E+00 0.00000E+00 0.98650E-01      3764103   1/0.19702E+00
 0.21892E+00 0.83320E+04 0.10000E+00 0.41404E+01 0.14954E+00 0.15562E+00 0.41140E+01 0.41469E+01 0.00000E+00 0.00000E+00 -.43385E-01      3764103   1/0.21892E+00
 0.24102E+00 0.83320E+04 0.10000E+00 0.29842E+01 0.12786E+00 0.13144E+00 0.29773E+01 0.30011E+01 0.00000E+00 0.00000E+00 -.13177E+00      3764103   1/0.24102E+00
 0.26292E+00 0.83320E+04 0.10000E+00 0.23032E+01 0.10737E+00 0.11239E+00 0.21941E+01 0.22117E+01 0.00000E+00 0.00000E+00 0.85217E+00      3764103   1/0.26292E+00
 0.28492E+00 0.83320E+04 0.10000E+00 0.16421E+01 0.93942E-01 0.95429E-01 0.16399E+01 0.16530E+01 0.00000E+00 0.00000E+00 -.11585E+00      3764103   1/0.28492E+00
 0.30682E+00 0.83320E+04 0.10000E+00 0.13651E+01 0.81178E-01 0.86093E-01 0.12450E+01 0.12549E+01 0.00000E+00 0.00000E+00 0.13571E+01      3764103   1/0.30682E+00
 0.33381E+00 0.83320E+04 0.10000E+00 0.88604E+00 0.63539E-01 0.63623E-01 0.90119E+00 0.90839E+00 0.00000E+00 0.00000E+00 -.35178E+00      3764103   1/0.33381E+00
 0.36661E+00 0.83320E+04 0.10000E+00 0.63102E+00 0.51657E-01 0.52383E-01 0.62269E+00 0.62766E+00 0.00000E+00 0.00000E+00 0.65081E-01      3764103   1/0.36661E+00
 0.39971E+00 0.83320E+04 0.10000E+00 0.49001E+00 0.44326E-01 0.47256E-01 0.43582E+00 0.43930E+00 0.00000E+00 0.00000E+00 0.11441E+01      3764103   1/0.39971E+00
 0.43251E+00 0.83320E+04 0.10000E+00 0.27601E+00 0.40254E-01 0.38101E-01 0.30971E+00 0.31218E+00 0.00000E+00 0.00000E+00 -.89872E+00      3764103   1/0.43251E+00
 0.46511E+00 0.83320E+04 0.10000E+00 0.18700E+00 0.35909E-01 0.33054E-01 0.22142E+00 0.22319E+00 0.00000E+00 0.00000E+00 -.10077E+01      3764103   1/0.46511E+00
 0.50351E+00 0.83320E+04 0.10000E+00 0.11100E+00 0.28914E-01 0.25025E-01 0.14847E+00 0.14966E+00 0.00000E+00 0.00000E+00 -.13369E+01      3764103   1/0.50351E+00
 0.54701E+00 0.83320E+04 0.10000E+00 0.45001E-01 0.27345E-01 0.19006E-01 0.93209E-01 0.93953E-01 0.00000E+00 0.00000E+00 -.17902E+01      3764103   1/0.54701E+00
 0.60831E+00 0.83320E+04 0.10000E+00 0.39000E-01 0.10884E-01 0.10008E-01 0.46197E-01 0.46565E-01 0.00000E+00 0.00000E+00 -.69508E+00      3764103   1/0.60831E+00
 0.70471E+00 0.83320E+04 0.10000E+00 0.11000E-01 0.53580E-02 0.50013E-02 0.12631E-01 0.12732E-01 0.00000E+00 0.00000E+00 -.32328E+00      3764103   1/0.70471E+00
 0.83831E+00 0.83320E+04 0.10000E+00 0.30000E-02 0.10978E-02 0.20002E-02 0.90384E-03 0.91106E-03 0.00000E+00 0.00000E+00 0.19029E+01      3764103   1/0.83831E+00
     2700037
 SLD c_{tagged}                                                                  
Plot1@Experiment:SLD_c_tag@ExtraLabel:e^{+}e^{-} #rightarrow  #gamma/Z #rightarrow #pi^{#pm}X @XTitle: Z @YTitle: 1/#sigma d#sigma/dz @Title:Q^{2} = 8332.0384 @Xlog@Ylog@YminR:-2@YmaxR:4 @Ymin:0.000005@Ymax:1200
 x           Q2          y              data      +- uncor     +- tot     th orig         th mod   therr+         therr-     pull    iset       iplot
 0.24791E-01 0.83320E+04 0.10000E+00 0.23642E+03 0.82620E+01 0.84016E+01 0.24829E+03 0.24941E+03 0.00000E+00 0.00000E+00 -.15725E+01      2700037   1/0.24791E-01
 0.30256E-01 0.83320E+04 0.10000E+00 0.19842E+03 0.61536E+01 0.65404E+01 0.19345E+03 0.19432E+03 0.00000E+00 0.00000E+00 0.66638E+00      2700037   1/0.30256E-01
 0.35732E-01 0.83320E+04 0.10000E+00 0.15638E+03 0.60027E+01 0.62220E+01 0.15536E+03 0.15606E+03 0.00000E+00 0.00000E+00 0.52277E-01      2700037   1/0.35732E-01
 0.41215E-01 0.83320E+04 0.10000E+00 0.13287E+03 0.42265E+01 0.45121E+01 0.12766E+03 0.12823E+03 0.00000E+00 0.00000E+00 0.10972E+01      2700037   1/0.41215E-01
 0.46601E-01 0.83320E+04 0.10000E+00 0.10954E+03 0.34685E+01 0.36747E+01 0.10711E+03 0.10759E+03 0.00000E+00 0.00000E+00 0.56182E+00      2700037   1/0.46601E-01
 0.52190E-01 0.83320E+04 0.10000E+00 0.93061E+02 0.28662E+01 0.30504E+01 0.90591E+02 0.90999E+02 0.00000E+00 0.00000E+00 0.71937E+00      2700037   1/0.52190E-01
 0.57682E-01 0.83320E+04 0.10000E+00 0.77670E+02 0.24851E+01 0.26021E+01 0.77766E+02 0.78117E+02 0.00000E+00 0.00000E+00 -.17971E+00      2700037   1/0.57682E-01
 0.63075E-01 0.83320E+04 0.10000E+00 0.68311E+02 0.21610E+01 0.22774E+01 0.67583E+02 0.67888E+02 0.00000E+00 0.00000E+00 0.19569E+00      2700037   1/0.63075E-01
 0.68569E-01 0.83320E+04 0.10000E+00 0.60120E+02 0.19546E+01 0.20616E+01 0.59066E+02 0.59332E+02 0.00000E+00 0.00000E+00 0.40311E+00      2700037   1/0.68569E-01
 0.74064E-01 0.83320E+04 0.10000E+00 0.51805E+02 0.18148E+01 0.18842E+01 0.51993E+02 0.52227E+02 0.00000E+00 0.00000E+00 -.23278E+00      2700037   1/0.74064E-01
 0.79559E-01 0.83320E+04 0.10000E+00 0.45314E+02 0.16848E+01 0.17316E+01 0.46051E+02 0.46259E+02 0.00000E+00 0.00000E+00 -.56097E+00      2700037   1/0.79559E-01
 0.85055E-01 0.83320E+04 0.10000E+00 0.40066E+02 0.15692E+01 0.16019E+01 0.41011E+02 0.41196E+02 0.00000E+00 0.00000E+00 -.72021E+00      2700037   1/0.85055E-01
 0.93151E-01 0.83320E+04 0.10000E+00 0.33518E+02 0.11431E+01 0.11697E+01 0.34875E+02 0.35032E+02 0.00000E+00 0.00000E+00 -.13241E+01      2700037   1/0.93151E-01
 0.10405E+00 0.83320E+04 0.10000E+00 0.27462E+02 0.10077E+01 0.10278E+01 0.28426E+02 0.28554E+02 0.00000E+00 0.00000E+00 -.10842E+01      2700037   1/0.10405E+00
 0.11504E+00 0.83320E+04 0.10000E+00 0.22928E+02 0.87985E+00 0.90001E+00 0.23434E+02 0.23539E+02 0.00000E+00 0.00000E+00 -.69450E+00      2700037   1/0.11504E+00
 0.13104E+00 0.83320E+04 0.10000E+00 0.18735E+02 0.61826E+00 0.65743E+00 0.18034E+02 0.18115E+02 0.00000E+00 0.00000E+00 0.10033E+01      2700037   1/0.13104E+00
 0.15303E+00 0.83320E+04 0.10000E+00 0.13723E+02 0.48571E+00 0.51859E+00 0.12945E+02 0.13003E+02 0.00000E+00 0.00000E+00 0.14821E+01      2700037   1/0.15303E+00
 0.17503E+00 0.83320E+04 0.10000E+00 0.10182E+02 0.39666E+00 0.42251E+00 0.95269E+01 0.95699E+01 0.00000E+00 0.00000E+00 0.15421E+01      2700037   1/0.17503E+00
 0.19702E+00 0.83320E+04 0.10000E+00 0.75309E+01 0.33120E+00 0.34828E+00 0.71443E+01 0.71766E+01 0.00000E+00 0.00000E+00 0.10699E+01      2700037   1/0.19702E+00
 0.21892E+00 0.83320E+04 0.10000E+00 0.57606E+01 0.28188E+00 0.29569E+00 0.54414E+01 0.54659E+01 0.00000E+00 0.00000E+00 0.10453E+01      2700037   1/0.21892E+00
 0.24102E+00 0.83320E+04 0.10000E+00 0.43814E+01 0.22956E+00 0.23907E+00 0.41802E+01 0.41991E+01 0.00000E+00 0.00000E+00 0.79402E+00      2700037   1/0.24102E+00
 0.26292E+00 0.83320E+04 0.10000E+00 0.33582E+01 0.19860E+00 0.20479E+00 0.32457E+01 0.32603E+01 0.00000E+00 0.00000E+00 0.49293E+00      2700037   1/0.26292E+00
 0.28492E+00 0.83320E+04 0.10000E+00 0.24871E+01 0.17259E+00 0.17281E+00 0.25334E+01 0.25448E+01 0.00000E+00 0.00000E+00 -.33405E+00      2700037   1/0.28492E+00
 0.30682E+00 0.83320E+04 0.10000E+00 0.19471E+01 0.14956E+00 0.14928E+00 0.19882E+01 0.19972E+01 0.00000E+00 0.00000E+00 -.33486E+00      2700037   1/0.30682E+00
 0.33381E+00 0.83320E+04 0.10000E+00 0.14361E+01 0.10968E+00 0.10896E+00 0.14811E+01 0.14877E+01 0.00000E+00 0.00000E+00 -.47123E+00      2700037   1/0.33381E+00
 0.36661E+00 0.83320E+04 0.10000E+00 0.81703E+00 0.98074E-01 0.87386E-01 0.10382E+01 0.10429E+01 0.00000E+00 0.00000E+00 -.23027E+01      2700037   1/0.36661E+00
 0.39971E+00 0.83320E+04 0.10000E+00 0.61402E+00 0.80438E-01 0.74256E-01 0.72545E+00 0.72872E+00 0.00000E+00 0.00000E+00 -.14260E+01      2700037   1/0.39971E+00
 0.43251E+00 0.83320E+04 0.10000E+00 0.38601E+00 0.72145E-01 0.63120E-01 0.50618E+00 0.50846E+00 0.00000E+00 0.00000E+00 -.16973E+01      2700037   1/0.43251E+00
 0.46511E+00 0.83320E+04 0.10000E+00 0.42901E+00 0.55236E-01 0.61152E-01 0.35175E+00 0.35334E+00 0.00000E+00 0.00000E+00 0.13699E+01      2700037   1/0.46511E+00
 0.50351E+00 0.83320E+04 0.10000E+00 0.20600E+00 0.45079E-01 0.43050E-01 0.22639E+00 0.22741E+00 0.00000E+00 0.00000E+00 -.47494E+00      2700037   1/0.50351E+00
 0.54701E+00 0.83320E+04 0.10000E+00 0.14200E+00 0.35951E-01 0.37028E-01 0.13406E+00 0.13466E+00 0.00000E+00 0.00000E+00 0.20419E+00      2700037   1/0.54701E+00
 0.60831E+00 0.83320E+04 0.10000E+00 0.66001E-01 0.20119E-01 0.21011E-01 0.60575E-01 0.60848E-01 0.00000E+00 0.00000E+00 0.25613E+00      2700037   1/0.60831E+00
 0.70471E+00 0.83320E+04 0.10000E+00 0.30000E-02 0.21570E-01 0.10000E-01 0.13958E-01 0.14021E-01 0.00000E+00 0.00000E+00 -.51093E+00      2700037   1/0.70471E+00
 0.83831E+00 0.83320E+04 0.10000E+00 0.30000E-02 0.29699E-02 0.60001E-02 0.73504E-03 0.73835E-03 0.00000E+00 0.00000E+00 0.76152E+00      2700037   1/0.83831E+00
     5538997
 DELPHI light_{tag}                                                              
Plot1@Experiment:DELPHI_uds_tag@ExtraLabel:e^{+}e^{-} #rightarrow  #gamma/Z #rightarrow #pi^{#pm}X @XTitle: Z @YTitle: 1/#sigma d#sigma/dz @Title:Q^{2} = 8317.44@Xlog@Ylog@YminR:0.5@YmaxR:1.5 @Ymin:0.002@Ymax:1000
 x           Q2          y              data      +- uncor     +- tot     th orig         th mod   therr+         therr-     pull    iset       iplot
 0.22687E-01 0.83174E+04 0.10000E+00 0.27826E+03 0.25063E+01 0.47036E+01 0.22177E+03 0.27568E+03 0.00000E+00 0.00000E+00 0.10293E+01      5538997   1/0.22687E-01
 0.27693E-01 0.83174E+04 0.10000E+00 0.22785E+03 0.25471E+01 0.46362E+01 0.17692E+03 0.22736E+03 0.00000E+00 0.00000E+00 0.19376E+00      5538997   1/0.27693E-01
 0.32710E-01 0.83174E+04 0.10000E+00 0.18889E+03 0.13633E+01 0.24396E+01 0.14477E+03 0.17056E+03 0.00000E+00 0.00000E+00 0.13440E+02      5538997   1/0.32710E-01
 0.37625E-01 0.83174E+04 0.10000E+00 0.16041E+03 0.13527E+01 0.24019E+01 0.12130E+03 0.14610E+03 0.00000E+00 0.00000E+00 0.10575E+02      5538997   1/0.37625E-01
 0.45061E-01 0.83174E+04 0.10000E+00 0.12802E+03 0.11054E+01 0.18756E+01 0.95517E+02 0.11385E+03 0.00000E+00 0.00000E+00 0.12821E+02      5538997   1/0.45061E-01
 0.55129E-01 0.83174E+04 0.10000E+00 0.97781E+02 0.90155E+00 0.15182E+01 0.72028E+02 0.86498E+02 0.00000E+00 0.00000E+00 0.12516E+02      5538997   1/0.55129E-01
 0.65094E-01 0.83174E+04 0.10000E+00 0.77972E+02 0.81531E+00 0.13558E+01 0.56396E+02 0.68822E+02 0.00000E+00 0.00000E+00 0.11222E+02      5538997   1/0.65094E-01
 0.75063E-01 0.83174E+04 0.10000E+00 0.63437E+02 0.73288E+00 0.12263E+01 0.45315E+02 0.56416E+02 0.00000E+00 0.00000E+00 0.95803E+01      5538997   1/0.75063E-01
 0.85034E-01 0.83174E+04 0.10000E+00 0.52748E+02 0.68936E+00 0.11297E+01 0.37158E+02 0.46951E+02 0.00000E+00 0.00000E+00 0.84091E+01      5538997   1/0.85034E-01
 0.95006E-01 0.83174E+04 0.10000E+00 0.44164E+02 0.64948E+00 0.10651E+01 0.30969E+02 0.40142E+02 0.00000E+00 0.00000E+00 0.61928E+01      5538997   1/0.95006E-01
 0.11002E+00 0.83174E+04 0.10000E+00 0.35308E+02 0.56556E+00 0.93600E+00 0.24120E+02 0.31939E+02 0.00000E+00 0.00000E+00 0.59578E+01      5538997   1/0.11002E+00
 0.12997E+00 0.83174E+04 0.10000E+00 0.26501E+02 0.48754E+00 0.77676E+00 0.17915E+02 0.23994E+02 0.00000E+00 0.00000E+00 0.51428E+01      5538997   1/0.12997E+00
 0.14992E+00 0.83174E+04 0.10000E+00 0.20570E+02 0.40941E+00 0.64823E+00 0.13698E+02 0.18596E+02 0.00000E+00 0.00000E+00 0.48204E+01      5538997   1/0.14992E+00
 0.16998E+00 0.83174E+04 0.10000E+00 0.16405E+02 0.34224E+00 0.55066E+00 0.10680E+02 0.14778E+02 0.00000E+00 0.00000E+00 0.47547E+01      5538997   1/0.16998E+00
 0.19005E+00 0.83174E+04 0.10000E+00 0.13121E+02 0.27830E+00 0.45021E+00 0.84589E+01 0.11778E+02 0.00000E+00 0.00000E+00 0.48236E+01      5538997   1/0.19005E+00
 0.23050E+00 0.83174E+04 0.10000E+00 0.88837E+01 0.20723E+00 0.34045E+00 0.54532E+01 0.78111E+01 0.00000E+00 0.00000E+00 0.51756E+01      5538997   1/0.23050E+00
 0.28072E+00 0.83174E+04 0.10000E+00 0.56183E+01 0.13225E+00 0.23253E+00 0.32723E+01 0.48906E+01 0.00000E+00 0.00000E+00 0.55020E+01      5538997   1/0.28072E+00
 0.34979E+00 0.83174E+04 0.10000E+00 0.32240E+01 0.78908E-01 0.15803E+00 0.16759E+01 0.27380E+01 0.00000E+00 0.00000E+00 0.61600E+01      5538997   1/0.34979E+00
 0.44957E+00 0.83174E+04 0.10000E+00 0.14775E+01 0.40093E-01 0.11263E+00 0.67580E+00 0.14608E+01 0.00000E+00 0.00000E+00 0.41694E+00      5538997   1/0.44957E+00
 0.55045E+00 0.83174E+04 0.10000E+00 0.69678E+00 0.22631E-01 0.98844E-01 0.29712E+00 0.10045E+01 0.00000E+00 0.00000E+00 -.13598E+02      5538997   1/0.55045E+00
 0.70066E+00 0.83174E+04 0.10000E+00 0.24168E+00 0.16176E-01 0.95710E-01 0.93609E-01 0.73298E+00 0.00000E+00 0.00000E+00 -.30371E+02      5538997   1/0.70066E+00
     8307429
 SLD light_{tag}                                                                 
Plot1@Experiment:SLD_uds_tag@ExtraLabel:e^{+}e^{-} #rightarrow  #gamma/Z #rightarrow #pi^{#pm}X @XTitle: Z @YTitle: 1/#sigma d#sigma/dz @Title:Q^{2} = 8332.0384@Xlog@Ylog@YminR:0.5@YmaxR:1.6 @Ymin:0.005@Ymax:1000
 x           Q2          y              data      +- uncor     +- tot     th orig         th mod   therr+         therr-     pull    iset       iplot
 0.24791E-01 0.83320E+04 0.10000E+00 0.21768E+03 0.35325E+01 0.37254E+01 0.20098E+03 0.20098E+03 0.00000E+00 0.00000E+00 0.47251E+01      8307429   1/0.24791E-01
 0.30256E-01 0.83320E+04 0.10000E+00 0.17209E+03 0.26575E+01 0.28021E+01 0.15926E+03 0.15926E+03 0.00000E+00 0.00000E+00 0.48273E+01      8307429   1/0.30256E-01
 0.35732E-01 0.83320E+04 0.10000E+00 0.14092E+03 0.22416E+01 0.23712E+01 0.12961E+03 0.12961E+03 0.00000E+00 0.00000E+00 0.50483E+01      8307429   1/0.35732E-01
 0.41215E-01 0.83320E+04 0.10000E+00 0.11672E+03 0.18019E+01 0.19039E+01 0.10768E+03 0.10768E+03 0.00000E+00 0.00000E+00 0.50169E+01      8307429   1/0.41215E-01
 0.46601E-01 0.83320E+04 0.10000E+00 0.10012E+03 0.14664E+01 0.15648E+01 0.91236E+02 0.91236E+02 0.00000E+00 0.00000E+00 0.60569E+01      8307429   1/0.46601E-01
 0.52190E-01 0.83320E+04 0.10000E+00 0.85548E+02 0.12331E+01 0.13173E+01 0.77896E+02 0.77896E+02 0.00000E+00 0.00000E+00 0.62054E+01      8307429   1/0.52190E-01
 0.57682E-01 0.83320E+04 0.10000E+00 0.72953E+02 0.10907E+01 0.11518E+01 0.67462E+02 0.67462E+02 0.00000E+00 0.00000E+00 0.50342E+01      8307429   1/0.57682E-01
 0.63075E-01 0.83320E+04 0.10000E+00 0.64587E+02 0.96038E+00 0.10211E+01 0.59128E+02 0.59128E+02 0.00000E+00 0.00000E+00 0.56836E+01      8307429   1/0.63075E-01
 0.68569E-01 0.83320E+04 0.10000E+00 0.56877E+02 0.86468E+00 0.91812E+00 0.52122E+02 0.52122E+02 0.00000E+00 0.00000E+00 0.54995E+01      8307429   1/0.68569E-01
 0.74064E-01 0.83320E+04 0.10000E+00 0.50884E+02 0.78165E+00 0.83383E+00 0.46275E+02 0.46275E+02 0.00000E+00 0.00000E+00 0.58958E+01      8307429   1/0.74064E-01
 0.79559E-01 0.83320E+04 0.10000E+00 0.45374E+02 0.71448E+00 0.76061E+00 0.41344E+02 0.41344E+02 0.00000E+00 0.00000E+00 0.56408E+01      8307429   1/0.79559E-01
 0.85055E-01 0.83320E+04 0.10000E+00 0.40737E+02 0.65136E+00 0.69279E+00 0.37143E+02 0.37143E+02 0.00000E+00 0.00000E+00 0.55164E+01      8307429   1/0.85055E-01
 0.93151E-01 0.83320E+04 0.10000E+00 0.34619E+02 0.50047E+00 0.52917E+00 0.32001E+02 0.32001E+02 0.00000E+00 0.00000E+00 0.52299E+01      8307429   1/0.93151E-01
 0.10405E+00 0.83320E+04 0.10000E+00 0.29003E+02 0.42758E+00 0.45467E+00 0.26560E+02 0.26560E+02 0.00000E+00 0.00000E+00 0.57126E+01      8307429   1/0.10405E+00
 0.11504E+00 0.83320E+04 0.10000E+00 0.24199E+02 0.37204E+00 0.39335E+00 0.22307E+02 0.22307E+02 0.00000E+00 0.00000E+00 0.50842E+01      8307429   1/0.11504E+00
 0.13104E+00 0.83320E+04 0.10000E+00 0.18975E+02 0.27602E+00 0.29057E+00 0.17648E+02 0.17648E+02 0.00000E+00 0.00000E+00 0.48077E+01      8307429   1/0.13104E+00
 0.15303E+00 0.83320E+04 0.10000E+00 0.14523E+02 0.20864E+00 0.22361E+00 0.13163E+02 0.13163E+02 0.00000E+00 0.00000E+00 0.65173E+01      8307429   1/0.15303E+00
 0.17503E+00 0.83320E+04 0.10000E+00 0.11062E+02 0.16717E+00 0.17844E+00 0.10059E+02 0.10059E+02 0.00000E+00 0.00000E+00 0.59979E+01      8307429   1/0.17503E+00
 0.19702E+00 0.83320E+04 0.10000E+00 0.86711E+01 0.13823E+00 0.14806E+00 0.78209E+01 0.78209E+01 0.00000E+00 0.00000E+00 0.61505E+01      8307429   1/0.19702E+00
 0.21892E+00 0.83320E+04 0.10000E+00 0.67907E+01 0.11347E+00 0.12089E+00 0.61628E+01 0.61628E+01 0.00000E+00 0.00000E+00 0.55336E+01      8307429   1/0.21892E+00
 0.24102E+00 0.83320E+04 0.10000E+00 0.53414E+01 0.94872E-01 0.10040E+00 0.48874E+01 0.48874E+01 0.00000E+00 0.00000E+00 0.47853E+01      8307429   1/0.24102E+00
 0.26292E+00 0.83320E+04 0.10000E+00 0.42143E+01 0.80451E-01 0.84296E-01 0.39094E+01 0.39094E+01 0.00000E+00 0.00000E+00 0.37903E+01      8307429   1/0.26292E+00
 0.28492E+00 0.83320E+04 0.10000E+00 0.34522E+01 0.68625E-01 0.72720E-01 0.31386E+01 0.31386E+01 0.00000E+00 0.00000E+00 0.45697E+01      8307429   1/0.28492E+00
 0.30682E+00 0.83320E+04 0.10000E+00 0.27271E+01 0.59587E-01 0.62290E-01 0.25305E+01 0.25305E+01 0.00000E+00 0.00000E+00 0.32994E+01      8307429   1/0.30682E+00
 0.33381E+00 0.83320E+04 0.10000E+00 0.21381E+01 0.44605E-01 0.47131E-01 0.19504E+01 0.19504E+01 0.00000E+00 0.00000E+00 0.42086E+01      8307429   1/0.33381E+00
 0.36661E+00 0.83320E+04 0.10000E+00 0.16521E+01 0.36400E-01 0.39611E-01 0.14287E+01 0.14287E+01 0.00000E+00 0.00000E+00 0.61370E+01      8307429   1/0.36661E+00
 0.39971E+00 0.83320E+04 0.10000E+00 0.11640E+01 0.31309E-01 0.33114E-01 0.10530E+01 0.10530E+01 0.00000E+00 0.00000E+00 0.35474E+01      8307429   1/0.39971E+00
 0.43251E+00 0.83320E+04 0.10000E+00 0.87402E+00 0.26757E-01 0.28380E-01 0.78452E+00 0.78452E+00 0.00000E+00 0.00000E+00 0.33450E+01      8307429   1/0.43251E+00
 0.46511E+00 0.83320E+04 0.10000E+00 0.62201E+00 0.24140E-01 0.24793E-01 0.59149E+00 0.59149E+00 0.00000E+00 0.00000E+00 0.12644E+01      8307429   1/0.46511E+00
 0.50351E+00 0.83320E+04 0.10000E+00 0.44101E+00 0.19259E-01 0.19505E-01 0.43045E+00 0.43045E+00 0.00000E+00 0.00000E+00 0.54838E+00      8307429   1/0.50351E+00
 0.54701E+00 0.83320E+04 0.10000E+00 0.30000E+00 0.17414E-01 0.17263E-01 0.30511E+00 0.30511E+00 0.00000E+00 0.00000E+00 -.29334E+00      8307429   1/0.54701E+00
 0.60831E+00 0.83320E+04 0.10000E+00 0.17800E+00 0.10535E-01 0.10157E-01 0.19105E+00 0.19105E+00 0.00000E+00 0.00000E+00 -.12383E+01      8307429   1/0.60831E+00
 0.70471E+00 0.83320E+04 0.10000E+00 0.81001E-01 0.74570E-02 0.70468E-02 0.90566E-01 0.90566E-01 0.00000E+00 0.00000E+00 -.12827E+01      8307429   1/0.70471E+00
 0.83831E+00 0.83320E+04 0.10000E+00 0.16000E-01 0.36923E-02 0.30043E-02 0.24134E-01 0.24134E-01 0.00000E+00 0.00000E+00 -.22028E+01      8307429   1/0.83831E+00
