    1   'ABp'    0.788330    0.016229
    2   'ACp'    0.856420    0.017945
    3   'ASp'    0.285820    0.097314
    4   'Ag'    0.448410    0.038367
    5   'Aup'    1.127640    0.050424
    6   'BBp'   -0.690550    0.046378
    7   'BCp'   -1.139000    0.047321
    8   'BSp'    1.398900    0.584570
    9   'Bg'   -0.104340    0.391720
   10   'Bup'   -1.018400    0.046996
   11   'CBp'    3.938300    0.228480
   12   'CCp'    4.324800    0.165860
   13   'CSp'    9.667000    1.066700
   14   'Cg'    9.552200    3.407900
   15   'Cup'    1.637000    0.029057
   16   'DBp'    9.128600    1.298600
   17   'DCp'    0.000000    0.000000
   18   'DSp'    0.000000    0.000000
   19   'Dg'    0.000000    0.000000
   20   'Dup'    4.374200    0.602140
   21   'EBp'    8.461300    0.720390
   22   'ECp'    0.000000    0.000000
   23   'ESp'    0.000000    0.000000
   24   'Eg'    0.000000    0.000000
   25   'Eup'    4.581500    0.316880
   26   'ZERO'    0.000000    0.000000
