    1   'ABp'    0.700230    0.015502
    2   'ACp'    0.742510    0.014670
    3   'ASp'    0.321900    0.065982
    4   'Ag'    0.577640    0.030153
    5   'Aup'    1.112900    0.024817
    6   'BBp'   -0.432020    0.050529
    7   'BCp'   -0.855820    0.043079
    8   'BSp'    1.264900    0.560290
    9   'Bg'    0.758320    0.330330
   10   'Bup'   -0.615160    0.065898
   11   'CBp'    4.074900    0.252330
   12   'CCp'    4.876500    0.214390
   13   'CSp'    9.877700    0.962830
   14   'Cg'   18.201000    3.440600
   15   'Cup'    1.744000    0.050931
   16   'DBp'   12.069000    1.993700
   17   'DCp'    0.000000    0.000000
   18   'DSp'    0.000000    0.000000
   19   'Dg'    0.000000    0.000000
   20   'Dup'    8.373900    1.451000
   21   'EBp'    8.182300    0.451660
   22   'ECp'    0.000000    0.000000
   23   'ESp'    0.000000    0.000000
   24   'Eg'    0.000000    0.000000
   25   'Eup'    5.448020    0.369710
   26   'ZERO'    0.000000    0.000000
