    1   'ABp'    0.790417    0.016182
    2   'ACp'    0.861928    0.018278
    3   'ASp'    0.285550    0.093624
    4   'Ag'    0.444162    0.037644
    5   'Aup'    1.280012    0.049212
    6   'BBp'   -0.692242    0.046010
    7   'BCp'   -1.149710    0.045820
    8   'BSp'    1.375889    0.556655
    9   'Bg'   -0.131475    0.370445
   10   'Bup'   -1.020184    0.047770
   11   'CBp'    3.934635    0.226717
   12   'CCp'    4.274592    0.163144
   13   'CSp'    9.511309    1.014379
   14   'Cg'    9.246599    3.156390
   15   'Cup'    1.636882    0.028990
   16   'DBp'    9.182627    1.313614
   17   'DCp'    0.000000    0.000000
   18   'DSp'    0.000000    0.000000
   19   'Dg'    0.000000    0.000000
   20   'Dup'    4.447147    0.619092
   21   'EBp'    8.503160    0.683473
   22   'ECp'    0.000000    0.000000
   23   'ESp'    0.000000    0.000000
   24   'Eg'    0.000000    0.000000
   25   'Eup'    4.609030    0.322248
   26   'ZERO'    0.000000    0.000000
