    1   'Adbar'    0.106259    0.005766
    2   'Adv'    1.000000    0.000000
    3   'As'    0.072144    0.000000
    4   'Auv'    1.000000    0.000000
    5   'BG_g_A'    1.000000    0.000000
    6   'BG_g_B'    0.007047    0.055671
    7   'BG_g_C'    6.261373    0.288764
    8   'BG_g_F'    0.066203    0.026176
    9   'BG_g_G'    0.000000    0.000000
   10   'BG_g_H'    0.000000    0.000000
   11   'Bdbar'   -0.165877    0.006165
   12   'Bdv'    0.872864    0.073681
   13   'Buv'    0.644245    0.028091
   14   'Cdbar'   12.706929    2.980987
   15   'Cdv'    4.606563    0.346214
   16   'Cubar'    7.355235    0.766391
   17   'Cuv'    4.862204    0.074188
   18   'Ddbar'    0.000000    0.000000
   19   'Ddv'    0.000000    0.000000
   20   'Dubar'   10.114850    2.415937
   21   'Duv'    0.000000    0.000000
   22   'Edbar'    0.000000    0.000000
   23   'Edv'    0.000000    0.000000
   24   'Eubar'    0.000000    0.000000
   25   'Euv'   15.826695    2.027392
   26   'ZERO'    0.000000    0.000000
   27   'mbt'    3.978144    0.097463    3.000000    9.000000
   28   'mch'    1.232343    0.031213    1.000000    2.000000
