    1   'Adbar'    0.085400    0.024100
    2   'Adv'    1.000000    0.000000
    3   'Ag'    1.000000    0.000000
    4   'Auv'    1.000000    0.000000
    5   'Bdbar'   -0.335400    0.003100
    6   'Bdv'    0.988200    0.010800
    7   'Bg'   -0.500900    0.006000
    8   'Buv'    0.739200    0.002100
    9   'Cdbar'   23.826600    0.991700
   10   'Cdv'    4.698300    0.074200
   11   'Cg'    4.488500    0.194400
   12   'Cubar'   10.960700    0.274900
   13   'Cuv'    4.584500    0.017000
   14   'Ddbar'   35.036800    4.530200
   15   'Dubar'   17.293500    0.280800
   16   'Euv'    2.783900    0.063300
   17   'Fdbar'    0.074400    0.001100
   18   'Fg'    0.215600    0.000500
   19   'Fuv'    0.341600    0.002700
   20   'Gg'    0.011900    0.001000
   21   'Guv'    0.047000    0.004000
   22   'ZERO'    0.000000    0.000000
   23   'fs'    0.400000    0.000000
