    1   'Adbar'    0.161319    0.002219
    2   'Adv'    1.000000    0.000000
    3   'Ag'    1.000000    0.000000
    4   'Agp'    0.073913    0.014701
    5   'Aubar'    0.000000    0.000000
    6   'Auv'    1.000000    0.000000
    7   'Bdbar'   -0.127274    0.001613
    8   'Bdv'    1.030191    0.022056
    9   'Bg'   -0.062597    0.019446
   10   'Bgp'   -0.382488    0.006120
   11   'Bubar'    0.000000    0.000000
   12   'Buv'    0.810778    0.004978
   13   'Cdbar'    9.588456    0.600305
   14   'Cdv'    4.846835    0.120616
   15   'Cg'    5.553810    0.122877
   16   'Cgp'   25.000000    0.000000
   17   'Cubar'    7.043386    0.208289
   18   'Cuv'    4.823190    0.027504
   19   'Dubar'    1.513449    0.290000
   20   'Duv'    0.000000    0.000000
   21   'Euv'    9.906509    0.254179
   22   'ZERO'    0.000000    0.000000
   23   'fs'    0.400000    0.000000
