           2
     8554280
 DY AFB                                                                          
Plot1@Experiment:pseudodata@ExtraLabel:pp #rightarrow Z; #sqrt{s} = 13 TeV@Title: @XTitle: M(ll) @YTitle: AFB
 Minv_min    Minv_max    dummy          data      +- uncor     +- tot     th orig         th mod   therr+         therr-     pull    iset       iplot
 0.45000E+02 0.47500E+02 0.00000E+00 -.19706E-01 0.60555E-03 -.60555E-03 -.18025E-01 -.18025E-01 0.00000E+00 0.00000E+00 -.27757E+01      8554280   1/0.00000E+00
 0.47500E+02 0.50000E+02 0.00000E+00 -.24828E-01 0.60786E-03 -.60786E-03 -.22636E-01 -.22636E-01 0.00000E+00 0.00000E+00 -.36057E+01      8554280   1/0.00000E+00
 0.50000E+02 0.52500E+02 0.00000E+00 -.30072E-01 0.61931E-03 -.61931E-03 -.27335E-01 -.27335E-01 0.00000E+00 0.00000E+00 -.44193E+01      8554280   1/0.00000E+00
 0.52500E+02 0.55000E+02 0.00000E+00 -.35462E-01 0.63420E-03 -.63420E-03 -.32131E-01 -.32131E-01 0.00000E+00 0.00000E+00 -.52516E+01      8554280   1/0.00000E+00
 0.55000E+02 0.57500E+02 0.00000E+00 -.40909E-01 0.64927E-03 -.64927E-03 -.36969E-01 -.36969E-01 0.00000E+00 0.00000E+00 -.60679E+01      8554280   1/0.00000E+00
 0.57500E+02 0.60000E+02 0.00000E+00 -.46229E-01 0.66203E-03 -.66203E-03 -.41660E-01 -.41660E-01 0.00000E+00 0.00000E+00 -.69010E+01      8554280   1/0.00000E+00
 0.60000E+02 0.62500E+02 0.00000E+00 -.51131E-01 0.67022E-03 -.67022E-03 -.45957E-01 -.45957E-01 0.00000E+00 0.00000E+00 -.77192E+01      8554280   1/0.00000E+00
 0.62500E+02 0.65000E+02 0.00000E+00 -.55232E-01 0.67168E-03 -.67168E-03 -.49524E-01 -.49524E-01 0.00000E+00 0.00000E+00 -.84987E+01      8554280   1/0.00000E+00
 0.65000E+02 0.67500E+02 0.00000E+00 -.58074E-01 0.66430E-03 -.66430E-03 -.51941E-01 -.51941E-01 0.00000E+00 0.00000E+00 -.92317E+01      8554280   1/0.00000E+00
 0.67500E+02 0.70000E+02 0.00000E+00 -.59177E-01 0.64619E-03 -.64619E-03 -.52813E-01 -.52813E-01 0.00000E+00 0.00000E+00 -.98490E+01      8554280   1/0.00000E+00
 0.70000E+02 0.72500E+02 0.00000E+00 -.58117E-01 0.61591E-03 -.61591E-03 -.51750E-01 -.51750E-01 0.00000E+00 0.00000E+00 -.10337E+02      8554280   1/0.00000E+00
 0.72500E+02 0.75000E+02 0.00000E+00 -.54623E-01 0.57267E-03 -.57267E-03 -.48541E-01 -.48541E-01 0.00000E+00 0.00000E+00 -.10621E+02      8554280   1/0.00000E+00
 0.75000E+02 0.77500E+02 0.00000E+00 -.48656E-01 0.51653E-03 -.51653E-03 -.43157E-01 -.43157E-01 0.00000E+00 0.00000E+00 -.10645E+02      8554280   1/0.00000E+00
 0.77500E+02 0.80000E+02 0.00000E+00 -.40435E-01 0.44843E-03 -.44843E-03 -.35823E-01 -.35823E-01 0.00000E+00 0.00000E+00 -.10285E+02      8554280   1/0.00000E+00
 0.80000E+02 0.82500E+02 0.00000E+00 -.30398E-01 0.37006E-03 -.37006E-03 -.26925E-01 -.26925E-01 0.00000E+00 0.00000E+00 -.93848E+01      8554280   1/0.00000E+00
 0.82500E+02 0.85000E+02 0.00000E+00 -.19102E-01 0.28361E-03 -.28361E-03 -.16959E-01 -.16959E-01 0.00000E+00 0.00000E+00 -.75564E+01      8554280   1/0.00000E+00
 0.85000E+02 0.87500E+02 0.00000E+00 -.70804E-02 0.19160E-03 -.19160E-03 -.63957E-02 -.63957E-02 0.00000E+00 0.00000E+00 -.35734E+01      8554280   1/0.00000E+00
 0.87500E+02 0.90000E+02 0.00000E+00 0.53172E-02 0.90508E-04 0.98811E-04 0.44611E-02 0.44611E-02 0.00000E+00 0.00000E+00 0.94588E+01      8554280   1/0.00000E+00
 0.90000E+02 0.92500E+02 0.00000E+00 0.15079E-01 0.50306E-04 0.54204E-04 0.12988E-01 0.12988E-01 0.00000E+00 0.00000E+00 0.41561E+02      8554280   1/0.00000E+00
 0.92500E+02 0.95000E+02 0.00000E+00 0.24571E-01 0.95767E-04 0.10295E-03 0.21262E-01 0.21262E-01 0.00000E+00 0.00000E+00 0.34555E+02      8554280   1/0.00000E+00
 0.95000E+02 0.97500E+02 0.00000E+00 0.35194E-01 0.18397E-03 0.19759E-03 0.30509E-01 0.30509E-01 0.00000E+00 0.00000E+00 0.25468E+02      8554280   1/0.00000E+00
 0.97500E+02 0.10000E+03 0.00000E+00 0.44619E-01 0.27330E-03 0.29347E-03 0.38696E-01 0.38696E-01 0.00000E+00 0.00000E+00 0.21671E+02      8554280   1/0.00000E+00
 0.10000E+03 0.10250E+03 0.00000E+00 0.53058E-01 0.36131E-03 0.38798E-03 0.46013E-01 0.46013E-01 0.00000E+00 0.00000E+00 0.19499E+02      8554280   1/0.00000E+00
 0.10250E+03 0.10500E+03 0.00000E+00 0.60631E-01 0.44782E-03 0.48085E-03 0.52589E-01 0.52589E-01 0.00000E+00 0.00000E+00 0.17959E+02      8554280   1/0.00000E+00
 0.10500E+03 0.10750E+03 0.00000E+00 0.67433E-01 0.53276E-03 0.57206E-03 0.58486E-01 0.58486E-01 0.00000E+00 0.00000E+00 0.16794E+02      8554280   1/0.00000E+00
 0.10750E+03 0.11000E+03 0.00000E+00 0.73549E-01 0.61623E-03 0.66173E-03 0.63783E-01 0.63783E-01 0.00000E+00 0.00000E+00 0.15848E+02      8554280   1/0.00000E+00
 0.11000E+03 0.11250E+03 0.00000E+00 0.79067E-01 0.69841E-03 0.75001E-03 0.68561E-01 0.68561E-01 0.00000E+00 0.00000E+00 0.15043E+02      8554280   1/0.00000E+00
 0.11250E+03 0.11500E+03 0.00000E+00 0.84062E-01 0.77946E-03 0.83710E-03 0.72884E-01 0.72884E-01 0.00000E+00 0.00000E+00 0.14341E+02      8554280   1/0.00000E+00
 0.11500E+03 0.11750E+03 0.00000E+00 0.88603E-01 0.85958E-03 0.92318E-03 0.76815E-01 0.76815E-01 0.00000E+00 0.00000E+00 0.13713E+02      8554280   1/0.00000E+00
 0.11750E+03 0.12000E+03 0.00000E+00 0.92754E-01 0.93896E-03 0.10085E-02 0.80404E-01 0.80404E-01 0.00000E+00 0.00000E+00 0.13153E+02      8554280   1/0.00000E+00
 0.12000E+03 0.12250E+03 0.00000E+00 0.96564E-01 0.10177E-02 0.10931E-02 0.83710E-01 0.83710E-01 0.00000E+00 0.00000E+00 0.12630E+02      8554280   1/0.00000E+00
 0.12250E+03 0.12500E+03 0.00000E+00 0.10008E+00 0.10961E-02 0.11773E-02 0.86750E-01 0.86750E-01 0.00000E+00 0.00000E+00 0.12161E+02      8554280   1/0.00000E+00
 0.12500E+03 0.12750E+03 0.00000E+00 0.10335E+00 0.11742E-02 0.12612E-02 0.89590E-01 0.89590E-01 0.00000E+00 0.00000E+00 0.11718E+02      8554280   1/0.00000E+00
 0.12750E+03 0.13000E+03 0.00000E+00 0.10640E+00 0.12523E-02 0.13449E-02 0.92250E-01 0.92250E-01 0.00000E+00 0.00000E+00 0.11300E+02      8554280   1/0.00000E+00
 0.13000E+03 0.13250E+03 0.00000E+00 0.10925E+00 0.13302E-02 0.14285E-02 0.94736E-01 0.94736E-01 0.00000E+00 0.00000E+00 0.10911E+02      8554280   1/0.00000E+00
 0.13250E+03 0.13500E+03 0.00000E+00 0.11194E+00 0.14084E-02 0.15123E-02 0.97080E-01 0.97080E-01 0.00000E+00 0.00000E+00 0.10551E+02      8554280   1/0.00000E+00
 0.13500E+03 0.13750E+03 0.00000E+00 0.11449E+00 0.14865E-02 0.15962E-02 0.99300E-01 0.99300E-01 0.00000E+00 0.00000E+00 0.10218E+02      8554280   1/0.00000E+00
 0.13750E+03 0.14000E+03 0.00000E+00 0.11691E+00 0.15651E-02 0.16804E-02 0.10141E+00 0.10141E+00 0.00000E+00 0.00000E+00 0.99011E+01      8554280   1/0.00000E+00
 0.14000E+03 0.14250E+03 0.00000E+00 0.11922E+00 0.16439E-02 0.17649E-02 0.10343E+00 0.10343E+00 0.00000E+00 0.00000E+00 0.96069E+01      8554280   1/0.00000E+00
 0.14250E+03 0.14500E+03 0.00000E+00 0.12143E+00 0.17231E-02 0.18498E-02 0.10536E+00 0.10536E+00 0.00000E+00 0.00000E+00 0.93239E+01      8554280   1/0.00000E+00
 0.14500E+03 0.14750E+03 0.00000E+00 0.12355E+00 0.18029E-02 0.19352E-02 0.10723E+00 0.10723E+00 0.00000E+00 0.00000E+00 0.90514E+01      8554280   1/0.00000E+00
 0.14750E+03 0.15000E+03 0.00000E+00 0.12560E+00 0.18831E-02 0.20211E-02 0.10903E+00 0.10903E+00 0.00000E+00 0.00000E+00 0.87976E+01      8554280   1/0.00000E+00
 0.15000E+03 0.15250E+03 0.00000E+00 0.12758E+00 0.19639E-02 0.21076E-02 0.11077E+00 0.11077E+00 0.00000E+00 0.00000E+00 0.85587E+01      8554280   1/0.00000E+00
 0.15250E+03 0.15500E+03 0.00000E+00 0.12950E+00 0.20451E-02 0.21947E-02 0.11245E+00 0.11245E+00 0.00000E+00 0.00000E+00 0.83370E+01      8554280   1/0.00000E+00
 0.15500E+03 0.15750E+03 0.00000E+00 0.13136E+00 0.21273E-02 0.22825E-02 0.11410E+00 0.11410E+00 0.00000E+00 0.00000E+00 0.81133E+01      8554280   1/0.00000E+00
 0.15750E+03 0.16000E+03 0.00000E+00 0.13317E+00 0.22102E-02 0.23710E-02 0.11572E+00 0.11572E+00 0.00000E+00 0.00000E+00 0.78948E+01      8554280   1/0.00000E+00
 0.16000E+03 0.16250E+03 0.00000E+00 0.13494E+00 0.22937E-02 0.24602E-02 0.11729E+00 0.11729E+00 0.00000E+00 0.00000E+00 0.76954E+01      8554280   1/0.00000E+00
 0.16250E+03 0.16500E+03 0.00000E+00 0.13667E+00 0.23778E-02 0.25501E-02 0.11882E+00 0.11882E+00 0.00000E+00 0.00000E+00 0.75059E+01      8554280   1/0.00000E+00
 0.16500E+03 0.16750E+03 0.00000E+00 0.13836E+00 0.24628E-02 0.26409E-02 0.12033E+00 0.12033E+00 0.00000E+00 0.00000E+00 0.73219E+01      8554280   1/0.00000E+00
 0.16750E+03 0.17000E+03 0.00000E+00 0.14001E+00 0.25486E-02 0.27325E-02 0.12180E+00 0.12180E+00 0.00000E+00 0.00000E+00 0.71445E+01      8554280   1/0.00000E+00
 0.17000E+03 0.17250E+03 0.00000E+00 0.14163E+00 0.26352E-02 0.28249E-02 0.12324E+00 0.12324E+00 0.00000E+00 0.00000E+00 0.69770E+01      8554280   1/0.00000E+00
 0.17250E+03 0.17500E+03 0.00000E+00 0.14323E+00 0.27223E-02 0.29180E-02 0.12466E+00 0.12466E+00 0.00000E+00 0.00000E+00 0.68196E+01      8554280   1/0.00000E+00
 0.17500E+03 0.17750E+03 0.00000E+00 0.14479E+00 0.28106E-02 0.30121E-02 0.12607E+00 0.12607E+00 0.00000E+00 0.00000E+00 0.66616E+01      8554280   1/0.00000E+00
 0.17750E+03 0.18000E+03 0.00000E+00 0.14634E+00 0.28996E-02 0.31071E-02 0.12745E+00 0.12745E+00 0.00000E+00 0.00000E+00 0.65143E+01      8554280   1/0.00000E+00
 0.18000E+03 0.18250E+03 0.00000E+00 0.14786E+00 0.29895E-02 0.32029E-02 0.12882E+00 0.12882E+00 0.00000E+00 0.00000E+00 0.63706E+01      8554280   1/0.00000E+00
 0.18250E+03 0.18500E+03 0.00000E+00 0.14935E+00 0.30804E-02 0.32997E-02 0.13016E+00 0.13016E+00 0.00000E+00 0.00000E+00 0.62290E+01      8554280   1/0.00000E+00
 0.18500E+03 0.18750E+03 0.00000E+00 0.15083E+00 0.31719E-02 0.33974E-02 0.13148E+00 0.13148E+00 0.00000E+00 0.00000E+00 0.61018E+01      8554280   1/0.00000E+00
 0.18750E+03 0.19000E+03 0.00000E+00 0.15228E+00 0.32646E-02 0.34960E-02 0.13279E+00 0.13279E+00 0.00000E+00 0.00000E+00 0.59702E+01      8554280   1/0.00000E+00
 0.19000E+03 0.19250E+03 0.00000E+00 0.15372E+00 0.33583E-02 0.35955E-02 0.13411E+00 0.13411E+00 0.00000E+00 0.00000E+00 0.58405E+01      8554280   1/0.00000E+00
 0.19250E+03 0.19500E+03 0.00000E+00 0.15514E+00 0.34528E-02 0.36960E-02 0.13540E+00 0.13540E+00 0.00000E+00 0.00000E+00 0.57185E+01      8554280   1/0.00000E+00
 0.19500E+03 0.19750E+03 0.00000E+00 0.15655E+00 0.35481E-02 0.37974E-02 0.13667E+00 0.13667E+00 0.00000E+00 0.00000E+00 0.56039E+01      8554280   1/0.00000E+00
 0.19750E+03 0.20000E+03 0.00000E+00 0.15793E+00 0.36445E-02 0.38998E-02 0.13793E+00 0.13793E+00 0.00000E+00 0.00000E+00 0.54887E+01      8554280   1/0.00000E+00
     1937530
 DY AFB                                                                          
Plot1@Experiment:pseudodata@ExtraLabel:pp #rightarrow Z; #sqrt{s} = 13 TeV@Title: @XTitle: M(ll) @YTitle: AFB
 Minv_min    Minv_max    dummy          data      +- uncor     +- tot     th orig         th mod   therr+         therr-     pull    iset       iplot
 0.45000E+02 0.47500E+02 0.00000E+00 -.19706E-01 0.60555E-03 -.60555E-03 -.15301E-01 -.15301E-01 0.00000E+00 0.00000E+00 -.72742E+01      1937530   1/0.00000E+00
 0.47500E+02 0.50000E+02 0.00000E+00 -.24828E-01 0.60786E-03 -.60786E-03 -.25039E-01 -.25039E-01 0.00000E+00 0.00000E+00 0.34739E+00      1937530   1/0.00000E+00
 0.50000E+02 0.52500E+02 0.00000E+00 -.30072E-01 0.61931E-03 -.61931E-03 -.21931E-01 -.21931E-01 0.00000E+00 0.00000E+00 -.13145E+02      1937530   1/0.00000E+00
 0.52500E+02 0.55000E+02 0.00000E+00 -.35462E-01 0.63420E-03 -.63420E-03 -.30718E-01 -.30718E-01 0.00000E+00 0.00000E+00 -.74803E+01      1937530   1/0.00000E+00
 0.55000E+02 0.57500E+02 0.00000E+00 -.40909E-01 0.64927E-03 -.64927E-03 -.36256E-01 -.36256E-01 0.00000E+00 0.00000E+00 -.71666E+01      1937530   1/0.00000E+00
 0.57500E+02 0.60000E+02 0.00000E+00 -.46229E-01 0.66203E-03 -.66203E-03 -.37535E-01 -.37535E-01 0.00000E+00 0.00000E+00 -.13133E+02      1937530   1/0.00000E+00
 0.60000E+02 0.62500E+02 0.00000E+00 -.51131E-01 0.67022E-03 -.67022E-03 -.48752E-01 -.48752E-01 0.00000E+00 0.00000E+00 -.35489E+01      1937530   1/0.00000E+00
 0.62500E+02 0.65000E+02 0.00000E+00 -.55232E-01 0.67168E-03 -.67168E-03 -.48258E-01 -.48258E-01 0.00000E+00 0.00000E+00 -.10382E+02      1937530   1/0.00000E+00
 0.65000E+02 0.67500E+02 0.00000E+00 -.58074E-01 0.66430E-03 -.66430E-03 -.49880E-01 -.49880E-01 0.00000E+00 0.00000E+00 -.12335E+02      1937530   1/0.00000E+00
 0.67500E+02 0.70000E+02 0.00000E+00 -.59177E-01 0.64619E-03 -.64619E-03 -.48586E-01 -.48586E-01 0.00000E+00 0.00000E+00 -.16390E+02      1937530   1/0.00000E+00
 0.70000E+02 0.72500E+02 0.00000E+00 -.58117E-01 0.61591E-03 -.61591E-03 -.51939E-01 -.51939E-01 0.00000E+00 0.00000E+00 -.10030E+02      1937530   1/0.00000E+00
 0.72500E+02 0.75000E+02 0.00000E+00 -.54623E-01 0.57267E-03 -.57267E-03 -.47081E-01 -.47081E-01 0.00000E+00 0.00000E+00 -.13170E+02      1937530   1/0.00000E+00
 0.75000E+02 0.77500E+02 0.00000E+00 -.48656E-01 0.51653E-03 -.51653E-03 -.41372E-01 -.41372E-01 0.00000E+00 0.00000E+00 -.14101E+02      1937530   1/0.00000E+00
 0.77500E+02 0.80000E+02 0.00000E+00 -.40435E-01 0.44843E-03 -.44843E-03 -.35553E-01 -.35553E-01 0.00000E+00 0.00000E+00 -.10888E+02      1937530   1/0.00000E+00
 0.80000E+02 0.82500E+02 0.00000E+00 -.30398E-01 0.37006E-03 -.37006E-03 -.27692E-01 -.27692E-01 0.00000E+00 0.00000E+00 -.73115E+01      1937530   1/0.00000E+00
 0.82500E+02 0.85000E+02 0.00000E+00 -.19102E-01 0.28361E-03 -.28361E-03 -.16601E-01 -.16601E-01 0.00000E+00 0.00000E+00 -.88191E+01      1937530   1/0.00000E+00
 0.85000E+02 0.87500E+02 0.00000E+00 -.70804E-02 0.19160E-03 -.19160E-03 -.67791E-02 -.67791E-02 0.00000E+00 0.00000E+00 -.15723E+01      1937530   1/0.00000E+00
 0.87500E+02 0.90000E+02 0.00000E+00 0.53172E-02 0.88612E-04 0.98811E-04 0.42762E-02 0.42762E-02 0.00000E+00 0.00000E+00 0.11748E+02      1937530   1/0.00000E+00
 0.90000E+02 0.92500E+02 0.00000E+00 0.15079E-01 0.49882E-04 0.54204E-04 0.12770E-01 0.12770E-01 0.00000E+00 0.00000E+00 0.46285E+02      1937530   1/0.00000E+00
 0.92500E+02 0.95000E+02 0.00000E+00 0.24571E-01 0.95571E-04 0.10295E-03 0.21175E-01 0.21175E-01 0.00000E+00 0.00000E+00 0.35534E+02      1937530   1/0.00000E+00
 0.95000E+02 0.97500E+02 0.00000E+00 0.35194E-01 0.18226E-03 0.19759E-03 0.29944E-01 0.29944E-01 0.00000E+00 0.00000E+00 0.28806E+02      1937530   1/0.00000E+00
 0.97500E+02 0.10000E+03 0.00000E+00 0.44619E-01 0.26631E-03 0.29347E-03 0.36742E-01 0.36742E-01 0.00000E+00 0.00000E+00 0.29579E+02      1937530   1/0.00000E+00
 0.10000E+03 0.10250E+03 0.00000E+00 0.53058E-01 0.36081E-03 0.38798E-03 0.45886E-01 0.45886E-01 0.00000E+00 0.00000E+00 0.19877E+02      1937530   1/0.00000E+00
 0.10250E+03 0.10500E+03 0.00000E+00 0.60631E-01 0.44485E-03 0.48085E-03 0.51893E-01 0.51893E-01 0.00000E+00 0.00000E+00 0.19643E+02      1937530   1/0.00000E+00
 0.10500E+03 0.10750E+03 0.00000E+00 0.67433E-01 0.52801E-03 0.57206E-03 0.57448E-01 0.57448E-01 0.00000E+00 0.00000E+00 0.18912E+02      1937530   1/0.00000E+00
 0.10750E+03 0.11000E+03 0.00000E+00 0.73549E-01 0.61541E-03 0.66173E-03 0.63613E-01 0.63613E-01 0.00000E+00 0.00000E+00 0.16145E+02      1937530   1/0.00000E+00
 0.11000E+03 0.11250E+03 0.00000E+00 0.79067E-01 0.69530E-03 0.75001E-03 0.67952E-01 0.67952E-01 0.00000E+00 0.00000E+00 0.15985E+02      1937530   1/0.00000E+00
 0.11250E+03 0.11500E+03 0.00000E+00 0.84062E-01 0.77371E-03 0.83710E-03 0.71812E-01 0.71812E-01 0.00000E+00 0.00000E+00 0.15833E+02      1937530   1/0.00000E+00
 0.11500E+03 0.11750E+03 0.00000E+00 0.88603E-01 0.85026E-03 0.92318E-03 0.75159E-01 0.75159E-01 0.00000E+00 0.00000E+00 0.15812E+02      1937530   1/0.00000E+00
 0.11750E+03 0.12000E+03 0.00000E+00 0.92754E-01 0.93207E-03 0.10085E-02 0.79227E-01 0.79227E-01 0.00000E+00 0.00000E+00 0.14513E+02      1937530   1/0.00000E+00
 0.12000E+03 0.12250E+03 0.00000E+00 0.96564E-01 0.10111E-02 0.10931E-02 0.82617E-01 0.82617E-01 0.00000E+00 0.00000E+00 0.13794E+02      1937530   1/0.00000E+00
 0.12250E+03 0.12500E+03 0.00000E+00 0.10008E+00 0.10908E-02 0.11773E-02 0.85909E-01 0.85909E-01 0.00000E+00 0.00000E+00 0.12992E+02      1937530   1/0.00000E+00
 0.12500E+03 0.12750E+03 0.00000E+00 0.10335E+00 0.11608E-02 0.12612E-02 0.87545E-01 0.87545E-01 0.00000E+00 0.00000E+00 0.13616E+02      1937530   1/0.00000E+00
 0.12750E+03 0.13000E+03 0.00000E+00 0.10640E+00 0.12503E-02 0.13449E-02 0.91952E-01 0.91952E-01 0.00000E+00 0.00000E+00 0.11556E+02      1937530   1/0.00000E+00
 0.13000E+03 0.13250E+03 0.00000E+00 0.10925E+00 0.13173E-02 0.14285E-02 0.92910E-01 0.92910E-01 0.00000E+00 0.00000E+00 0.12404E+02      1937530   1/0.00000E+00
 0.13250E+03 0.13500E+03 0.00000E+00 0.11194E+00 0.14053E-02 0.15123E-02 0.96660E-01 0.96660E-01 0.00000E+00 0.00000E+00 0.10873E+02      1937530   1/0.00000E+00
 0.13500E+03 0.13750E+03 0.00000E+00 0.11449E+00 0.14761E-02 0.15962E-02 0.97911E-01 0.97911E-01 0.00000E+00 0.00000E+00 0.11231E+02      1937530   1/0.00000E+00
 0.13750E+03 0.14000E+03 0.00000E+00 0.11691E+00 0.15525E-02 0.16804E-02 0.99786E-01 0.99786E-01 0.00000E+00 0.00000E+00 0.11030E+02      1937530   1/0.00000E+00
 0.14000E+03 0.14250E+03 0.00000E+00 0.11922E+00 0.16324E-02 0.17649E-02 0.10199E+00 0.10199E+00 0.00000E+00 0.00000E+00 0.10553E+02      1937530   1/0.00000E+00
 0.14250E+03 0.14500E+03 0.00000E+00 0.12143E+00 0.16934E-02 0.18498E-02 0.10177E+00 0.10177E+00 0.00000E+00 0.00000E+00 0.11609E+02      1937530   1/0.00000E+00
 0.14500E+03 0.14750E+03 0.00000E+00 0.12355E+00 0.18027E-02 0.19352E-02 0.10721E+00 0.10721E+00 0.00000E+00 0.00000E+00 0.90624E+01      1937530   1/0.00000E+00
 0.14750E+03 0.15000E+03 0.00000E+00 0.12560E+00 0.18860E-02 0.20211E-02 0.10938E+00 0.10938E+00 0.00000E+00 0.00000E+00 0.86026E+01      1937530   1/0.00000E+00
 0.15000E+03 0.15250E+03 0.00000E+00 0.12758E+00 0.19395E-02 0.21076E-02 0.10804E+00 0.10804E+00 0.00000E+00 0.00000E+00 0.10074E+02      1937530   1/0.00000E+00
 0.15250E+03 0.15500E+03 0.00000E+00 0.12950E+00 0.20255E-02 0.21947E-02 0.11030E+00 0.11030E+00 0.00000E+00 0.00000E+00 0.94797E+01      1937530   1/0.00000E+00
 0.15500E+03 0.15750E+03 0.00000E+00 0.13136E+00 0.21104E-02 0.22825E-02 0.11230E+00 0.11230E+00 0.00000E+00 0.00000E+00 0.90299E+01      1937530   1/0.00000E+00
 0.15750E+03 0.16000E+03 0.00000E+00 0.13317E+00 0.22005E-02 0.23710E-02 0.11471E+00 0.11471E+00 0.00000E+00 0.00000E+00 0.83891E+01      1937530   1/0.00000E+00
 0.16000E+03 0.16250E+03 0.00000E+00 0.13494E+00 0.22514E-02 0.24602E-02 0.11300E+00 0.11300E+00 0.00000E+00 0.00000E+00 0.97437E+01      1937530   1/0.00000E+00
 0.16250E+03 0.16500E+03 0.00000E+00 0.13667E+00 0.23349E-02 0.25501E-02 0.11458E+00 0.11458E+00 0.00000E+00 0.00000E+00 0.94605E+01      1937530   1/0.00000E+00
 0.16500E+03 0.16750E+03 0.00000E+00 0.13836E+00 0.24668E-02 0.26409E-02 0.12071E+00 0.12071E+00 0.00000E+00 0.00000E+00 0.71535E+01      1937530   1/0.00000E+00
 0.16750E+03 0.17000E+03 0.00000E+00 0.14001E+00 0.25249E-02 0.27325E-02 0.11955E+00 0.11955E+00 0.00000E+00 0.00000E+00 0.81041E+01      1937530   1/0.00000E+00
 0.17000E+03 0.17250E+03 0.00000E+00 0.14163E+00 0.26059E-02 0.28249E-02 0.12052E+00 0.12052E+00 0.00000E+00 0.00000E+00 0.81012E+01      1937530   1/0.00000E+00
 0.17250E+03 0.17500E+03 0.00000E+00 0.14323E+00 0.27009E-02 0.29180E-02 0.12271E+00 0.12271E+00 0.00000E+00 0.00000E+00 0.75980E+01      1937530   1/0.00000E+00
 0.17500E+03 0.17750E+03 0.00000E+00 0.14479E+00 0.27674E-02 0.30121E-02 0.12222E+00 0.12222E+00 0.00000E+00 0.00000E+00 0.81557E+01      1937530   1/0.00000E+00
 0.17750E+03 0.18000E+03 0.00000E+00 0.14634E+00 0.28660E-02 0.31071E-02 0.12451E+00 0.12451E+00 0.00000E+00 0.00000E+00 0.76152E+01      1937530   1/0.00000E+00
 0.18000E+03 0.18250E+03 0.00000E+00 0.14786E+00 0.29660E-02 0.32029E-02 0.12680E+00 0.12680E+00 0.00000E+00 0.00000E+00 0.71013E+01      1937530   1/0.00000E+00
 0.18250E+03 0.18500E+03 0.00000E+00 0.14935E+00 0.30381E-02 0.32997E-02 0.12661E+00 0.12661E+00 0.00000E+00 0.00000E+00 0.74855E+01      1937530   1/0.00000E+00
 0.18500E+03 0.18750E+03 0.00000E+00 0.15083E+00 0.31466E-02 0.33974E-02 0.12939E+00 0.12939E+00 0.00000E+00 0.00000E+00 0.68151E+01      1937530   1/0.00000E+00
 0.18750E+03 0.19000E+03 0.00000E+00 0.15228E+00 0.32457E-02 0.34960E-02 0.13126E+00 0.13126E+00 0.00000E+00 0.00000E+00 0.64772E+01      1937530   1/0.00000E+00
 0.19000E+03 0.19250E+03 0.00000E+00 0.15372E+00 0.33557E-02 0.35955E-02 0.13390E+00 0.13390E+00 0.00000E+00 0.00000E+00 0.59077E+01      1937530   1/0.00000E+00
 0.19250E+03 0.19500E+03 0.00000E+00 0.15514E+00 0.34404E-02 0.36960E-02 0.13443E+00 0.13443E+00 0.00000E+00 0.00000E+00 0.60203E+01      1937530   1/0.00000E+00
 0.19500E+03 0.19750E+03 0.00000E+00 0.15655E+00 0.34873E-02 0.37974E-02 0.13203E+00 0.13203E+00 0.00000E+00 0.00000E+00 0.70312E+01      1937530   1/0.00000E+00
 0.19750E+03 0.20000E+03 0.00000E+00 0.15793E+00 0.36546E-02 0.38998E-02 0.13870E+00 0.13870E+00 0.00000E+00 0.00000E+00 0.52632E+01      1937530   1/0.00000E+00
