    1   'Ag'    1.000000    0.000000
    2   'As'   11.205120    1.163082
    3   'Av'    1.000000    0.000000
    4   'ZERO'    0.000000    0.000000
    5   'delBg'    0.062563    0.216121
    6   'delBs'    0.187886    0.194976
    7   'delBv'    0.089768    0.072660
    8   'delCg'    7.136352    0.032379
    9   'delCs'    0.203828    1.158116
   10   'delCv'    0.959627    0.052738
   11   'delDg'    0.000000    0.000000
   12   'delDs'    0.000000    0.000000
   13   'delDv'    0.000000    0.000000
   14   'delEg'    0.000000    0.000000
   15   'delEs'    0.509006    0.544678
   16   'delEv'   -0.833414    0.150989
   17   'delFs'   -0.108320    0.439326
   18   'delFv'   -0.914130    0.076763
   19   'delGs'    0.000000    0.000000
   20   'delGv'    0.000000    0.000000
   21   'gifl'    0.000000    0.000000
   22   'sifl'    1.000000    0.000000
   23   'vifl'    2.000000    0.000000
