    1   'Ag'    1.000000    0.000000
    2   'As'   12.287695    0.879258
    3   'Av'    1.000000    0.000000
    4   'ZERO'    0.000000    0.000000
    5   'delBg'   -0.010442    0.200721
    6   'delBs'    0.198818    0.127543
    7   'delBv'    0.107504    0.085594
    8   'delCg'    5.513608    0.867721
    9   'delCs'   -0.269534    0.490189
   10   'delCv'    0.936550    0.044977
   11   'delDg'    0.000000    0.000000
   12   'delDs'    0.000000    0.000000
   13   'delDv'    0.000000    0.000000
   14   'delEg'    0.000000    0.000000
   15   'delEs'    0.163527    0.238779
   16   'delEv'   -0.765995    0.172279
   17   'delFs'   -0.332110    0.143764
   18   'delFv'   -0.885630    0.088648
   19   'delGs'    0.000000    0.000000
   20   'delGv'    0.000000    0.000000
   21   'gifl'    0.000000    0.000000
   22   'sifl'    1.000000    0.000000
   23   'vifl'    2.000000    0.000000
