    1   'Adbar'    0.161320    0.000222
    2   'Adv'    1.000000    0.000000
    3   'Ag'    1.000000    0.000000
    4   'Agp'    0.073913    0.001470
    5   'Aubar'    0.000000    0.000000
    6   'Auv'    1.000000    0.000000
    7   'Bdbar'   -0.127274    0.000161
    8   'Bdv'    1.030200    0.002206
    9   'Bg'   -0.062597    0.001945
   10   'Bgp'   -0.382700    0.000612
   11   'Bubar'    0.000000    0.000000
   12   'Buv'    0.810778    0.000498
   13   'Cdbar'    9.590000    0.060031
   14   'Cdv'    4.846835    0.012062
   15   'Cg'    5.546000    0.012288
   16   'Cgp'   25.000000    0.000000
   17   'Cubar'    7.042000    0.020829
   18   'Cuv'    4.823190    0.002750
   19   'Dubar'    1.513449    0.029000
   20   'Duv'    0.000000    0.000000
   21   'Euv'    9.906509    0.025418
   22   'ZERO'    0.000000    0.000000
   23   'fs'    0.400000    0.000000
