    1   'Adbar'    0.219395    0.005613
    2   'Adv'    1.000000    0.000000
    3   'Ag'    1.000000    0.000000
    4   'Agp'    0.301661    0.830070
    5   'Auv'    1.000000    0.000000
    6   'Bdbar'   -0.079243    0.003409
    7   'Bdv'    1.276836    0.062804
    8   'Bg'    0.009480    0.360509
    9   'Bgp'   -0.347575    0.194754
   10   'Buv'    0.938680    0.014303
   11   'Cdbar'   11.008170    1.299129
   12   'Cdv'    5.658190    0.269892
   13   'Cg'    6.425601    1.450465
   14   'Cgp'   25.000000    0.000000
   15   'Cubar'    9.791902  533.877473
   16   'Cuv'    4.689506    0.091929
   17   'Dubar'   -0.518606  533.617278
   18   'Duv'    0.000000    0.000000
   19   'Euv'    5.642076    0.788827
   20   'ZERO'    0.000000    0.000000
   21   'fs'    0.400000    0.000000
