    1   'ABMP_ds_A'    0.140800    0.007600
    2   'ABMP_ds_a'   -0.173100    0.011000
    3   'ABMP_ds_b'    8.410000    0.340000
    4   'ABMP_ds_g1'   13.300000    1.700000
    5   'ABMP_dv_A'    1.000000    0.000000
    6   'ABMP_dv_a'    0.372000    0.068000
    7   'ABMP_dv_b'    4.470000    0.550000
    8   'ABMP_dv_g1'   -3.200000    0.770000
    9   'ABMP_dv_g2'   -0.610000    1.960000
   10   'ABMP_dv_g3'    0.000000    0.001000
   11   'ABMP_g_A'    1.000000    0.000000
   12   'ABMP_g_a'   -0.153400    0.009400
   13   'ABMP_g_b'    6.420000    0.830000
   14   'ABMP_g_g1'  -11.800000    3.700000
   15   'ABMP_ss_A'    0.059400    0.004200
   16   'ABMP_ss_a'   -0.344500    0.019000
   17   'ABMP_ss_b'    6.520000    0.270000
   18   'ABMP_us_A'    0.070300    0.008100
   19   'ABMP_us_a'   -0.415500    0.031000
   20   'ABMP_us_b'    7.750000    0.390000
   21   'ABMP_us_g1'    4.440000    0.950000
   22   'ABMP_us_gm1'    0.037300    0.003200
   23   'ABMP_uv_A'    1.000000    0.000000
   24   'ABMP_uv_a'    0.613000    0.033000
   25   'ABMP_uv_b'    3.443000    0.064000
   26   'ABMP_uv_g1'   -0.220000    0.330000
   27   'ABMP_uv_g2'   -2.880000    0.460000
   28   'ABMP_uv_g3'    2.670000    0.800000
   29   'DATANORM_NMC120'    1.011000    0.010000
   30   'DATANORM_NMC200'    1.022000    0.010000
   31   'DATANORM_NMC280'    1.012000    0.010000
   32   'DATANORM_NMC90'    0.993000    0.010000
   33   'DATANORM_SLAC49a'    1.001000    0.010000
   34   'DATANORM_SLAC49b'    1.010000    0.010000
   35   'DATANORM_SLAC87'    1.012000    0.010000
   36   'DATANORM_SLAC89b'    1.000000    0.010000
   37   'ZERO'    0.000000    0.000000
   38   'mbt'    3.838000    0.010000
   39   'mch'    1.252000    0.010000
