    1   'Adbar'    0.109796    0.005911
    2   'Adv'    1.000000    0.000000
    3   'Ag'    1.000000    0.000000
    4   'Agp'    0.263460    0.230748
    5   'Aubar'    0.161300    0.000000
    6   'Auv'    1.000000    0.000000
    7   'Bdbar'   -0.183093    0.005871
    8   'Bdv'    0.866302    0.082873
    9   'Bg'   -0.191360    0.088647
   10   'Bgp'   -0.324287    0.030118
   11   'Bubar'   -0.127300    0.000000
   12   'Buv'    0.669607    0.034152
   13   'Cdbar'    9.480352    1.864321
   14   'Cdv'    4.975915    0.392654
   15   'Cg'   12.568773    2.032020
   16   'Cgp'   25.000000    0.000000
   17   'Cubar'    9.821244    0.883276
   18   'Cuv'    5.163467    0.088939
   19   'Dubar'   16.648794    3.653228
   20   'Duv'    0.000000    0.000000
   21   'Euv'   13.356854    1.908042
   22   'ZERO'    0.000000    0.000000
   23   'alphas'    0.101356    0.002228
   24   'fs'    0.400000    0.000000
