    1   'Adbar'    0.109796    0.007691
    2   'Adv'    1.000000    0.000000
    3   'Ag'    1.000000    0.000000
    4   'Agp'    0.263460    0.155210
    5   'Aubar'    0.161300    0.000000
    6   'Auv'    1.000000    0.000000
    7   'Bdbar'   -0.183093    0.007197
    8   'Bdv'    0.866302    0.091904
    9   'Bg'   -0.191360    0.056767
   10   'Bgp'   -0.324287    0.034550
   11   'Bubar'   -0.127300    0.000000
   12   'Buv'    0.669607    0.037956
   13   'Cdbar'    9.480352    2.198951
   14   'Cdv'    4.975915    0.406211
   15   'Cg'   12.568773    2.234317
   16   'Cgp'   25.000000    0.000000
   17   'Cubar'    9.821244    0.876656
   18   'Cuv'    5.163467    0.100106
   19   'Dubar'   16.648794    4.511937
   20   'Duv'    0.000000    0.000000
   21   'Euv'   13.356854    2.073371
   22   'ZERO'    0.000000    0.000000
   23   'alphas'    0.101356    0.002560
   24   'fs'    0.400000    0.000000
