    1   'ADbar'    0.175617    0.010000
    2   'AUbar'    1.000000    0.000000
    3   'Adv'    1.000000    0.000000
    4   'Ag'    1.000000    0.000000
    5   'Agp'    1.045190    0.010000
    6   'Auv'    1.000000    0.000000
    7   'BDbar'   -0.172358    0.004000
    8   'Bdv'    0.805766    0.060000
    9   'Bg'   -0.014834    0.270000
   10   'Bgp'   -0.166400    0.010000
   11   'Buv'    0.713453    0.016000
   12   'CDbar'    4.885482    1.234500
   13   'CUbar'    8.055252    0.800000
   14   'Cdv'    4.079602    0.300000
   15   'Cg'    9.106839    0.320000
   16   'Cgp'   25.000000    0.000000
   17   'Cuv'    4.840721    0.060000
   18   'DUbar'   11.900269    1.000000
   19   'Euv'   13.405266    0.800000
   20   'ZERO'    0.000000    0.000000
   21   'fd'    1.000000    0.000000
   22   'fs'    0.400000    0.000000
