           4
          61
 NC cross section HERA-I H1-ZEUS combined e-p.                                   
 x           Q2          y              data      +- uncor     +- tot     th orig         th mod     pull    iset
 0.32000E-02 0.15000E+03 0.46319E+00 0.12045E+01 0.54194E-01 0.53238E-01 0.12311E+01 0.12311E+01 -.49223E+00   61
 0.50000E-02 0.15000E+03 0.29644E+00 0.11374E+01 0.48356E-01 0.50388E-01 0.10799E+01 0.10799E+01 0.11878E+01   61
 0.80000E-02 0.15000E+03 0.18528E+00 0.94902E+00 0.71185E-01 0.72631E-01 0.92689E+00 0.92689E+00 0.31081E+00   61
 0.32000E-02 0.20000E+03 0.61759E+00 0.12726E+01 0.72467E-01 0.73417E-01 0.12506E+01 0.12506E+01 0.30359E+00   61
 0.50000E-02 0.20000E+03 0.39526E+00 0.11290E+01 0.31925E-01 0.32250E-01 0.11134E+01 0.11134E+01 0.48702E+00   61
 0.80000E-02 0.20000E+03 0.24704E+00 0.93987E+00 0.26223E-01 0.25895E-01 0.95672E+00 0.95672E+00 -.64279E+00   61
 0.13000E-01 0.20000E+03 0.15202E+00 0.82642E+00 0.23144E-01 0.23491E-01 0.80921E+00 0.80921E+00 0.74357E+00   61
 0.20000E-01 0.20000E+03 0.98814E-01 0.70672E+00 0.23474E-01 0.23704E-01 0.69676E+00 0.69676E+00 0.42465E+00   61
 0.32000E-01 0.20000E+03 0.61759E-01 0.58106E+00 0.21340E-01 0.21050E-01 0.59296E+00 0.59296E+00 -.55757E+00   61
 0.50000E-01 0.20000E+03 0.39526E-01 0.49950E+00 0.17720E-01 0.17455E-01 0.51108E+00 0.51108E+00 -.65363E+00   61
 0.80000E-01 0.20000E+03 0.24704E-01 0.41878E+00 0.14542E-01 0.14080E-01 0.43885E+00 0.43885E+00 -.13801E+01   61
 0.50000E-02 0.25000E+03 0.49407E+00 0.11174E+01 0.41166E-01 0.40779E-01 0.11323E+01 0.11323E+01 -.36389E+00   61
 0.80000E-02 0.25000E+03 0.30879E+00 0.99432E+00 0.31111E-01 0.31483E-01 0.97787E+00 0.97787E+00 0.52886E+00   61
 0.13000E-01 0.25000E+03 0.19003E+00 0.84389E+00 0.26557E-01 0.26962E-01 0.82579E+00 0.82579E+00 0.68173E+00   61
 0.20000E-01 0.25000E+03 0.12352E+00 0.69690E+00 0.24103E-01 0.23826E-01 0.70876E+00 0.70876E+00 -.49197E+00   61
 0.32000E-01 0.25000E+03 0.77199E-01 0.59781E+00 0.21446E-01 0.21379E-01 0.60058E+00 0.60058E+00 -.12917E+00   61
 0.50000E-01 0.25000E+03 0.49407E-01 0.51067E+00 0.17960E-01 0.17853E-01 0.51529E+00 0.51529E+00 -.25715E+00   61
 0.80000E-01 0.25000E+03 0.30879E-01 0.42802E+00 0.15431E-01 0.15131E-01 0.44018E+00 0.44018E+00 -.78782E+00   61
 0.13000E+00 0.25000E+03 0.19003E-01 0.31660E+00 0.27085E-01 0.23972E-01 0.37107E+00 0.37107E+00 -.20112E+01   61
 0.25000E+00 0.25000E+03 0.98814E-02 0.23125E+00 0.29676E-01 0.26620E-01 0.26482E+00 0.26482E+00 -.11314E+01   61
 0.40000E+00 0.25000E+03 0.61759E-02 0.14048E+00 0.16982E-01 0.16253E-01 0.14975E+00 0.14975E+00 -.54613E+00   61
 0.50000E-02 0.30000E+03 0.59289E+00 0.11528E+01 0.80610E-01 0.81225E-01 0.11401E+01 0.11401E+01 0.15807E+00   61
 0.80000E-02 0.30000E+03 0.37055E+00 0.10013E+01 0.36165E-01 0.36365E-01 0.99317E+00 0.99317E+00 0.22451E+00   61
 0.13000E-01 0.30000E+03 0.22803E+00 0.85638E+00 0.28825E-01 0.29232E-01 0.83876E+00 0.83876E+00 0.61114E+00   61
 0.20000E-01 0.30000E+03 0.14822E+00 0.72498E+00 0.26817E-01 0.26982E-01 0.71830E+00 0.71830E+00 0.24908E+00   61
 0.32000E-01 0.30000E+03 0.92638E-01 0.59213E+00 0.23031E-01 0.22665E-01 0.60666E+00 0.60666E+00 -.63084E+00   61
 0.50000E-01 0.30000E+03 0.59289E-01 0.52111E+00 0.19985E-01 0.20047E-01 0.51864E+00 0.51864E+00 0.12368E+00   61
 0.80000E-01 0.30000E+03 0.37055E-01 0.42580E+00 0.15750E-01 0.15397E-01 0.44124E+00 0.44124E+00 -.98011E+00   61
 0.13000E+00 0.30000E+03 0.22803E-01 0.33599E+00 0.31760E-01 0.29332E-01 0.37035E+00 0.37035E+00 -.10820E+01   61
 0.25000E+00 0.30000E+03 0.11858E-01 0.28707E+00 0.31510E-01 0.33944E-01 0.26248E+00 0.26248E+00 0.78056E+00   61
 0.40000E+00 0.30000E+03 0.74111E-02 0.14566E+00 0.20114E-01 0.19955E-01 0.14727E+00 0.14727E+00 -.79622E-01   61
 0.80000E-02 0.40000E+03 0.49407E+00 0.10427E+01 0.40269E-01 0.41082E-01 0.10114E+01 0.10114E+01 0.77833E+00   61
 0.13000E-01 0.40000E+03 0.30404E+00 0.86844E+00 0.38639E-01 0.38966E-01 0.85785E+00 0.85785E+00 0.27423E+00   61
 0.20000E-01 0.40000E+03 0.19763E+00 0.71851E+00 0.31718E-01 0.31313E-01 0.73293E+00 0.73293E+00 -.45445E+00   61
 0.32000E-01 0.40000E+03 0.12352E+00 0.59137E+00 0.26259E-01 0.25572E-01 0.61608E+00 0.61608E+00 -.94103E+00   61
 0.50000E-01 0.40000E+03 0.79051E-01 0.51062E+00 0.21246E-01 0.20907E-01 0.52386E+00 0.52386E+00 -.62331E+00   61
 0.80000E-01 0.40000E+03 0.49407E-01 0.43479E+00 0.19050E-01 0.18827E-01 0.44300E+00 0.44300E+00 -.43091E+00   61
 0.13000E+00 0.40000E+03 0.30404E-01 0.37640E+00 0.16703E-01 0.16903E-01 0.36932E+00 0.36932E+00 0.42386E+00   61
 0.25000E+00 0.40000E+03 0.15810E-01 0.26775E+00 0.15366E-01 0.15720E-01 0.25897E+00 0.25897E+00 0.57107E+00   61
 0.40000E+00 0.40000E+03 0.98814E-02 0.14723E+00 0.18901E-01 0.19223E-01 0.14355E+00 0.14355E+00 0.19484E+00   61
 0.80000E-02 0.50000E+03 0.61759E+00 0.10424E+01 0.94600E-01 0.96115E-01 0.10168E+01 0.10168E+01 0.27010E+00   61
 0.13000E-01 0.50000E+03 0.38005E+00 0.99963E+00 0.60432E-01 0.66525E-01 0.87095E+00 0.87095E+00 0.21293E+01   61
 0.20000E-01 0.50000E+03 0.24704E+00 0.76291E+00 0.51078E-01 0.52009E-01 0.74395E+00 0.74395E+00 0.37127E+00   61
 0.32000E-01 0.50000E+03 0.15440E+00 0.60401E+00 0.41584E-01 0.40684E-01 0.62342E+00 0.62342E+00 -.46673E+00   61
 0.50000E-01 0.50000E+03 0.98814E-01 0.51829E+00 0.36305E-01 0.35852E-01 0.52802E+00 0.52802E+00 -.26796E+00   61
 0.80000E-01 0.50000E+03 0.61759E-01 0.39632E+00 0.37957E-01 0.34849E-01 0.44447E+00 0.44447E+00 -.12686E+01   61
 0.13000E+00 0.50000E+03 0.38005E-01 0.36279E+00 0.31095E-01 0.30776E-01 0.36868E+00 0.36868E+00 -.18944E+00   61
 0.18000E+00 0.50000E+03 0.27448E-01 0.28869E+00 0.32994E-01 0.30844E-01 0.31713E+00 0.31713E+00 -.86213E+00   61
 0.25000E+00 0.50000E+03 0.19763E-01 0.25913E+00 0.34835E-01 0.35092E-01 0.25643E+00 0.25643E+00 0.77319E-01   61
 0.40000E+00 0.50000E+03 0.12352E-01 0.14371E+00 0.27834E-01 0.28229E-01 0.14085E+00 0.14085E+00 0.10262E+00   61
 0.65000E+00 0.50000E+03 0.76011E-02 0.26951E-01 0.51469E-02 0.59387E-02 0.21299E-01 0.21299E-01 0.10982E+01   61
 0.13000E-01 0.65000E+03 0.49407E+00 0.95009E+00 0.38378E-01 0.40175E-01 0.88311E+00 0.88311E+00 0.17454E+01   61
 0.20000E-01 0.65000E+03 0.32115E+00 0.79406E+00 0.39953E-01 0.41137E-01 0.75661E+00 0.75661E+00 0.93743E+00   61
 0.32000E-01 0.65000E+03 0.20072E+00 0.64455E+00 0.36172E-01 0.36597E-01 0.63232E+00 0.63232E+00 0.33803E+00   61
 0.50000E-01 0.65000E+03 0.12846E+00 0.52504E+00 0.31606E-01 0.31300E-01 0.53323E+00 0.53323E+00 -.25922E+00   61
 0.80000E-01 0.65000E+03 0.80287E-01 0.41932E+00 0.27064E-01 0.26039E-01 0.44652E+00 0.44652E+00 -.10052E+01   61
 0.13000E+00 0.65000E+03 0.49407E-01 0.34435E+00 0.23832E-01 0.22891E-01 0.36823E+00 0.36823E+00 -.10018E+01   61
 0.18000E+00 0.65000E+03 0.35683E-01 0.33594E+00 0.36827E-01 0.38457E-01 0.31539E+00 0.31539E+00 0.55824E+00   61
 0.25000E+00 0.65000E+03 0.25692E-01 0.25917E+00 0.20294E-01 0.20575E-01 0.25371E+00 0.25371E+00 0.26871E+00   61
 0.40000E+00 0.65000E+03 0.16057E-01 0.87818E-01 0.28674E-01 0.22000E-01 0.13789E+00 0.13789E+00 -.17463E+01   61
 0.13000E-01 0.80000E+03 0.60809E+00 0.88472E+00 0.46969E-01 0.46856E-01 0.88834E+00 0.88834E+00 -.77000E-01   61
 0.20000E-01 0.80000E+03 0.39526E+00 0.80807E+00 0.43588E-01 0.44996E-01 0.76628E+00 0.76628E+00 0.95892E+00   61
 0.32000E-01 0.80000E+03 0.24704E+00 0.66179E+00 0.36858E-01 0.37600E-01 0.63987E+00 0.63987E+00 0.59482E+00   61
 0.50000E-01 0.80000E+03 0.15810E+00 0.58957E+00 0.30964E-01 0.32661E-01 0.53789E+00 0.53789E+00 0.16692E+01   61
 0.80000E-01 0.80000E+03 0.98814E-01 0.50054E+00 0.29056E-01 0.30995E-01 0.44857E+00 0.44857E+00 0.17887E+01   61
 0.13000E+00 0.80000E+03 0.60809E-01 0.36768E+00 0.27852E-01 0.27829E-01 0.36822E+00 0.36822E+00 -.19194E-01   61
 0.18000E+00 0.80000E+03 0.43917E-01 0.30287E+00 0.41080E-01 0.40148E-01 0.31431E+00 0.31431E+00 -.27833E+00   61
 0.25000E+00 0.80000E+03 0.31621E-01 0.24094E+00 0.23797E-01 0.23197E-01 0.25181E+00 0.25181E+00 -.45715E+00   61
 0.40000E+00 0.80000E+03 0.19763E-01 0.11994E+00 0.30844E-01 0.28535E-01 0.13573E+00 0.13573E+00 -.51183E+00   61
 0.65000E+00 0.80000E+03 0.12162E-01 0.15423E-01 0.45514E-02 0.38688E-02 0.19838E-01 0.19838E-01 -.96998E+00   61
 0.13000E-01 0.10000E+04 0.76011E+00 0.77733E+00 0.11294E+00 0.10386E+00 0.88641E+00 0.88641E+00 -.96581E+00   61
 0.20000E-01 0.10000E+04 0.49407E+00 0.77587E+00 0.71262E-01 0.71256E-01 0.77598E+00 0.77598E+00 -.14705E-02   61
 0.32000E-01 0.10000E+04 0.30879E+00 0.56717E+00 0.61939E-01 0.57117E-01 0.64879E+00 0.64879E+00 -.13179E+01   61
 0.50000E-01 0.10000E+04 0.19763E+00 0.57505E+00 0.53103E-01 0.54946E-01 0.54376E+00 0.54376E+00 0.58931E+00   61
 0.80000E-01 0.10000E+04 0.12352E+00 0.45311E+00 0.48018E-01 0.48126E-01 0.45147E+00 0.45147E+00 0.34057E-01   61
 0.13000E+00 0.10000E+04 0.76011E-01 0.49399E+00 0.47934E-01 0.57007E-01 0.36872E+00 0.36872E+00 0.26134E+01   61
 0.18000E+00 0.10000E+04 0.54897E-01 0.24992E+00 0.41593E-01 0.36458E-01 0.31356E+00 0.31356E+00 -.15302E+01   61
 0.25000E+00 0.10000E+04 0.39526E-01 0.31506E+00 0.42054E-01 0.48748E-01 0.25011E+00 0.25011E+00 0.15445E+01   61
 0.40000E+00 0.10000E+04 0.24704E-01 0.12390E+00 0.34337E-01 0.32732E-01 0.13362E+00 0.13362E+00 -.28315E+00   61
 0.20000E-01 0.12000E+04 0.59289E+00 0.74079E+00 0.45647E-01 0.44266E-01 0.78274E+00 0.78274E+00 -.91911E+00   61
 0.32000E-01 0.12000E+04 0.37055E+00 0.62482E+00 0.38355E-01 0.37290E-01 0.65702E+00 0.65702E+00 -.83948E+00   61
 0.50000E-01 0.12000E+04 0.23715E+00 0.55154E+00 0.30651E-01 0.30713E-01 0.54956E+00 0.54956E+00 0.64623E-01   61
 0.80000E-01 0.12000E+04 0.14822E+00 0.42376E+00 0.25799E-01 0.24813E-01 0.45462E+00 0.45462E+00 -.11965E+01   61
 0.13000E+00 0.12000E+04 0.91213E-01 0.36286E+00 0.23380E-01 0.23138E-01 0.36969E+00 0.36969E+00 -.29215E+00   61
 0.18000E+00 0.12000E+04 0.65876E-01 0.34111E+00 0.47127E-01 0.49406E-01 0.31339E+00 0.31339E+00 0.58820E+00   61
 0.25000E+00 0.12000E+04 0.47431E-01 0.26615E+00 0.18298E-01 0.18967E-01 0.24904E+00 0.24904E+00 0.93536E+00   61
 0.40000E+00 0.12000E+04 0.29644E-01 0.10445E+00 0.17873E-01 0.15319E-01 0.13208E+00 0.13208E+00 -.15455E+01   61
 0.20000E-01 0.15000E+04 0.74111E+00 0.83816E+00 0.62762E-01 0.65006E-01 0.78784E+00 0.78784E+00 0.80173E+00   61
 0.32000E-01 0.15000E+04 0.46319E+00 0.73245E+00 0.47594E-01 0.50052E-01 0.66859E+00 0.66859E+00 0.13418E+01   61
 0.50000E-01 0.15000E+04 0.29644E+00 0.57811E+00 0.37227E-01 0.37927E-01 0.55848E+00 0.55848E+00 0.52737E+00   61
 0.80000E-01 0.15000E+04 0.18528E+00 0.46891E+00 0.31752E-01 0.32090E-01 0.45988E+00 0.45988E+00 0.28434E+00   61
 0.13000E+00 0.15000E+04 0.11402E+00 0.39898E+00 0.31343E-01 0.32555E-01 0.37185E+00 0.37185E+00 0.86573E+00   61
 0.18000E+00 0.15000E+04 0.82345E-01 0.31047E+00 0.27914E-01 0.27753E-01 0.31391E+00 0.31391E+00 -.12325E+00   61
 0.25000E+00 0.15000E+04 0.59289E-01 0.24777E+00 0.26076E-01 0.26048E-01 0.24825E+00 0.24825E+00 -.18761E-01   61
 0.40000E+00 0.15000E+04 0.37055E-01 0.14464E+00 0.27145E-01 0.29131E-01 0.13046E+00 0.13046E+00 0.52221E+00   61
 0.65000E+00 0.15000E+04 0.22803E-01 0.14309E-01 0.62695E-02 0.54390E-02 0.18250E-01 0.18250E-01 -.62873E+00   61
 0.32000E-01 0.20000E+04 0.61759E+00 0.75061E+00 0.55655E-01 0.58516E-01 0.68612E+00 0.68612E+00 0.11588E+01   61
 0.50000E-01 0.20000E+04 0.39526E+00 0.55784E+00 0.45879E-01 0.45167E-01 0.57431E+00 0.57431E+00 -.35917E+00   61
 0.80000E-01 0.20000E+04 0.24704E+00 0.47925E+00 0.37951E-01 0.38354E-01 0.47003E+00 0.47003E+00 0.24290E+00   61
 0.13000E+00 0.20000E+04 0.15202E+00 0.32596E+00 0.36323E-01 0.33584E-01 0.37689E+00 0.37689E+00 -.14021E+01   61
 0.18000E+00 0.20000E+04 0.10979E+00 0.26964E+00 0.32693E-01 0.30059E-01 0.31625E+00 0.31625E+00 -.14254E+01   61
 0.25000E+00 0.20000E+04 0.79051E-01 0.25824E+00 0.30299E-01 0.30927E-01 0.24840E+00 0.24840E+00 0.32486E+00   61
 0.40000E+00 0.20000E+04 0.49407E-01 0.10405E+00 0.21111E-01 0.18747E-01 0.12893E+00 0.12893E+00 -.11782E+01   61
 0.50000E-01 0.30000E+04 0.59289E+00 0.62599E+00 0.52583E-01 0.53452E-01 0.60863E+00 0.60863E+00 0.33029E+00   61
 0.80000E-01 0.30000E+04 0.37055E+00 0.49796E+00 0.41650E-01 0.41796E-01 0.49477E+00 0.49477E+00 0.76782E-01   61
 0.13000E+00 0.30000E+04 0.22803E+00 0.42529E+00 0.39637E-01 0.41544E-01 0.39087E+00 0.39087E+00 0.86844E+00   61
 0.18000E+00 0.30000E+04 0.16469E+00 0.31957E+00 0.35587E-01 0.35301E-01 0.32442E+00 0.32442E+00 -.13639E+00   61
 0.25000E+00 0.30000E+04 0.11858E+00 0.26716E+00 0.32512E-01 0.33561E-01 0.25185E+00 0.25185E+00 0.47086E+00   61
 0.40000E+00 0.30000E+04 0.74111E-01 0.14508E+00 0.23163E-01 0.24809E-01 0.12817E+00 0.12817E+00 0.73015E+00   61
 0.80000E-01 0.50000E+04 0.61759E+00 0.63747E+00 0.44367E-01 0.47905E-01 0.55421E+00 0.55421E+00 0.18764E+01   61
 0.13000E+00 0.50000E+04 0.38005E+00 0.47882E+00 0.44891E-01 0.47660E-01 0.42838E+00 0.42838E+00 0.11235E+01   61
 0.18000E+00 0.50000E+04 0.27448E+00 0.42549E+00 0.38572E-01 0.42930E-01 0.34846E+00 0.34846E+00 0.19971E+01   61
 0.25000E+00 0.50000E+04 0.19763E+00 0.30230E+00 0.36403E-01 0.39103E-01 0.26490E+00 0.26490E+00 0.10274E+01   61
 0.40000E+00 0.50000E+04 0.12352E+00 0.12619E+00 0.25098E-01 0.24630E-01 0.13060E+00 0.13060E+00 -.17571E+00   61
 0.65000E+00 0.50000E+04 0.76011E-01 0.10009E-01 0.60915E-02 0.44796E-02 0.16705E-01 0.16705E-01 -.10992E+01   61
 0.13000E+00 0.80000E+04 0.60809E+00 0.58578E+00 0.59619E-01 0.65432E-01 0.49441E+00 0.49441E+00 0.15325E+01   61
 0.18000E+00 0.80000E+04 0.43917E+00 0.38580E+00 0.54808E-01 0.54247E-01 0.39342E+00 0.39342E+00 -.13894E+00   61
 0.25000E+00 0.80000E+04 0.31621E+00 0.30112E+00 0.46866E-01 0.47735E-01 0.29086E+00 0.29086E+00 0.21900E+00   61
 0.40000E+00 0.80000E+04 0.19763E+00 0.16062E+00 0.34093E-01 0.37110E-01 0.13769E+00 0.13769E+00 0.67248E+00   61
 0.18000E+00 0.12000E+05 0.65876E+00 0.45271E+00 0.76876E-01 0.76579E-01 0.45604E+00 0.45604E+00 -.43326E-01   61
 0.25000E+00 0.12000E+05 0.47431E+00 0.28181E+00 0.68326E-01 0.62910E-01 0.32953E+00 0.32953E+00 -.69855E+00   61
 0.40000E+00 0.12000E+05 0.29644E+00 0.93152E-01 0.45170E-01 0.34811E-01 0.14911E+00 0.14911E+00 -.12389E+01   61
 0.25000E+00 0.20000E+05 0.79051E+00 0.40565E+00 0.10807E+00 0.10894E+00 0.39936E+00 0.39936E+00 0.58179E-01   61
 0.40000E+00 0.20000E+05 0.49407E+00 0.19354E+00 0.62557E-01 0.66278E-01 0.17332E+00 0.17332E+00 0.32316E+00   61
 0.65000E+00 0.20000E+05 0.30404E+00 0.13007E-01 0.13221E-01 0.10601E-01 0.18698E-01 0.18698E-01 -.43050E+00   61
 0.40000E+00 0.30000E+05 0.74111E+00 0.24685E+00 0.10650E+00 0.11873E+00 0.19994E+00 0.19994E+00 0.44043E+00   61
 0.13000E-02 0.90000E+02 0.68410E+00 0.13719E+01 0.99201E-01 0.96234E-01 0.14224E+01 0.14224E+01 -.50939E+00   61
 0.20000E-02 0.90000E+02 0.44466E+00 0.12573E+01 0.66522E-01 0.64279E-01 0.13140E+01 0.13140E+01 -.85160E+00   61
 0.16000E-02 0.12000E+03 0.74111E+00 0.13430E+01 0.90978E-01 0.88602E-01 0.13882E+01 0.13882E+01 -.49670E+00   61
 0.20000E-02 0.12000E+03 0.59289E+00 0.13171E+01 0.67062E-01 0.65862E-01 0.13478E+01 0.13478E+01 -.45829E+00   61
 0.32000E-02 0.12000E+03 0.37055E+00 0.11922E+01 0.56046E-01 0.55683E-01 0.12020E+01 0.12020E+01 -.17481E+00   61
 0.20000E-02 0.15000E+03 0.74111E+00 0.13308E+01 0.90054E-01 0.89175E-01 0.13475E+01 0.13475E+01 -.18605E+00   61
 0.26000E-02 0.20000E+03 0.76011E+00 0.11863E+01 0.88557E-01 0.82982E-01 0.12909E+01 0.12909E+01 -.11813E+01   61
 0.33000E-02 0.25000E+03 0.74859E+00 0.11246E+01 0.93206E-01 0.86900E-01 0.12373E+01 0.12373E+01 -.12092E+01   61
 0.39000E-02 0.30000E+03 0.76011E+00 0.10710E+01 0.92572E-01 0.85559E-01 0.11955E+01 0.11955E+01 -.13456E+01   61
 0.53000E-02 0.40000E+03 0.74577E+00 0.11061E+01 0.92990E-01 0.92214E-01 0.11193E+01 0.11193E+01 -.14181E+00   61
 0.66000E-02 0.50000E+03 0.74859E+00 0.10970E+01 0.93958E-01 0.96096E-01 0.10616E+01 0.10616E+01 0.37608E+00   61
 0.85000E-02 0.65000E+03 0.75564E+00 0.97184E+00 0.55647E-01 0.54818E-01 0.99554E+00 0.99554E+00 -.42581E+00   61
 0.10500E-01 0.80000E+03 0.75287E+00 0.94162E+00 0.10357E+00 0.10369E+00 0.93990E+00 0.93990E+00 0.16657E-01   61
 0.18000E+00 0.20000E+03 0.10979E-01 0.31911E+00 0.14844E-01 0.14668E-01 0.32501E+00 0.32501E+00 -.39781E+00   61
 0.18000E+00 0.25000E+03 0.13724E-01 0.29942E+00 0.19683E-01 0.18542E-01 0.32293E+00 0.32293E+00 -.11945E+01   61
 0.18000E+00 0.30000E+03 0.16469E-01 0.30951E+00 0.15750E-01 0.15372E-01 0.32128E+00 0.32128E+00 -.74742E+00   61
 0.14000E-01 0.12000E+04 0.84698E+00 0.90216E+00 0.66797E-01 0.68610E-01 0.86434E+00 0.86434E+00 0.56619E+00   61
 0.65000E+00 0.30000E+04 0.45607E-01 0.20040E-01 0.80653E-02 0.87521E-02 0.17072E-01 0.17072E-01 0.36804E+00   61
 0.65000E+00 0.80000E+04 0.12162E+00 0.20074E-01 0.11793E-01 0.12882E-01 0.16836E-01 0.16836E-01 0.27463E+00   61
          62
 NC cross section HERA-I H1-ZEUS combined e+p.                                   
 x           Q2          y              data      +- uncor     +- tot     th orig         th mod     pull    iset
 0.57300E-04 0.35000E+01 0.67718E+00 0.10170E+01 0.47036E-01 0.47667E-01 0.10023E+01 0.10023E+01 0.31289E+00   62
 0.80000E-04 0.35000E+01 0.48503E+00 0.97900E+00 0.18114E-01 0.18261E-01 0.96985E+00 0.96985E+00 0.50517E+00   62
 0.81800E-04 0.45000E+01 0.60989E+00 0.11185E+01 0.25887E-01 0.26842E-01 0.10674E+01 0.10674E+01 0.19707E+01   62
 0.13000E-03 0.45000E+01 0.38376E+00 0.10153E+01 0.21492E-01 0.21570E-01 0.10111E+01 0.10111E+01 0.19379E+00   62
 0.13000E-03 0.65000E+01 0.55432E+00 0.11798E+01 0.19028E-01 0.19272E-01 0.11604E+01 0.11604E+01 0.10187E+01   62
 0.20000E-03 0.65000E+01 0.36031E+00 0.11184E+01 0.21767E-01 0.22137E-01 0.10960E+01 0.10960E+01 0.10305E+01   62
 0.13900E-03 0.85000E+01 0.67795E+00 0.11806E+01 0.37990E-01 0.36320E-01 0.12433E+01 0.12433E+01 -.16492E+01   62
 0.20000E-03 0.85000E+01 0.47118E+00 0.12212E+01 0.19033E-01 0.19240E-01 0.12041E+01 0.12041E+01 0.89702E+00   62
 0.80000E-04 0.35000E+01 0.43231E+00 0.95404E+00 0.21712E-01 0.21335E-01 0.97412E+00 0.97412E+00 -.92480E+00   62
 0.13000E-03 0.35000E+01 0.26604E+00 0.92219E+00 0.11552E-01 0.11716E-01 0.90732E+00 0.90732E+00 0.12870E+01   62
 0.20000E-03 0.35000E+01 0.17292E+00 0.85819E+00 0.10834E-01 0.10959E-01 0.84674E+00 0.84674E+00 0.10572E+01   62
 0.32000E-03 0.35000E+01 0.10808E+00 0.79488E+00 0.10652E-01 0.10787E-01 0.78328E+00 0.78328E+00 0.10886E+01   62
 0.50000E-03 0.35000E+01 0.69170E-01 0.75362E+00 0.11602E-01 0.11984E-01 0.72659E+00 0.72659E+00 0.23302E+01   62
 0.80000E-03 0.35000E+01 0.43231E-01 0.66267E+00 0.10469E-01 0.10349E-01 0.67110E+00 0.67110E+00 -.80547E+00   62
 0.13000E-02 0.35000E+01 0.26604E-01 0.62668E+00 0.11405E-01 0.11540E-01 0.61844E+00 0.61844E+00 0.72223E+00   62
 0.20000E-02 0.35000E+01 0.17292E-01 0.57067E+00 0.71467E-02 0.70882E-02 0.57581E+00 0.57581E+00 -.71917E+00   62
 0.80000E-02 0.35000E+01 0.43231E-02 0.46346E+00 0.76035E-02 0.75838E-02 0.46475E+00 0.46475E+00 -.16946E+00   62
 0.51200E-04 0.35000E+01 0.67496E+00 0.93664E+00 0.35554E-01 0.33123E-01 0.10214E+01 0.10214E+01 -.23844E+01   62
 0.73200E-04 0.45000E+01 0.60746E+00 0.10178E+01 0.31753E-01 0.29971E-01 0.10888E+01 0.10888E+01 -.22367E+01   62
 0.13000E-03 0.45000E+01 0.34205E+00 0.10313E+01 0.18148E-01 0.18372E-01 0.10143E+01 0.10143E+01 0.94181E+00   62
 0.20000E-03 0.45000E+01 0.22233E+00 0.96678E+00 0.12963E-01 0.13205E-01 0.94607E+00 0.94607E+00 0.15979E+01   62
 0.32000E-03 0.45000E+01 0.13896E+00 0.89755E+00 0.12396E-01 0.12697E-01 0.87219E+00 0.87219E+00 0.20453E+01   62
 0.50000E-03 0.45000E+01 0.88933E-01 0.80023E+00 0.11440E-01 0.11378E-01 0.80542E+00 0.80542E+00 -.45318E+00   62
 0.80000E-03 0.45000E+01 0.55583E-01 0.72407E+00 0.12576E-01 0.12340E-01 0.73975E+00 0.73975E+00 -.12473E+01   62
 0.13000E-02 0.45000E+01 0.34205E-01 0.66896E+00 0.12062E-01 0.11931E-01 0.67726E+00 0.67726E+00 -.68819E+00   62
 0.20000E-02 0.45000E+01 0.22233E-01 0.61822E+00 0.11043E-01 0.10914E-01 0.62658E+00 0.62658E+00 -.75725E+00   62
 0.32000E-02 0.45000E+01 0.13896E-01 0.57456E+00 0.94622E-02 0.94355E-02 0.57633E+00 0.57633E+00 -.18713E+00   62
 0.13000E-01 0.45000E+01 0.34205E-02 0.43174E+00 0.11285E-01 0.10638E-01 0.45912E+00 0.45912E+00 -.24262E+01   62
 0.95100E-04 0.65000E+01 0.67503E+00 0.10500E+01 0.47597E-01 0.43026E-01 0.12018E+01 0.12018E+01 -.31896E+01   62
 0.13000E-03 0.65000E+01 0.49407E+00 0.11225E+01 0.33731E-01 0.32549E-01 0.11714E+01 0.11714E+01 -.14502E+01   62
 0.20000E-03 0.65000E+01 0.32115E+00 0.11307E+01 0.15847E-01 0.16165E-01 0.10996E+01 0.10996E+01 0.19619E+01   62
 0.32000E-03 0.65000E+01 0.20072E+00 0.10056E+01 0.12769E-01 0.12711E-01 0.10113E+01 0.10113E+01 -.44669E+00   62
 0.50000E-03 0.65000E+01 0.12846E+00 0.93762E+00 0.14476E-01 0.14599E-01 0.92867E+00 0.92867E+00 0.61833E+00   62
 0.80000E-03 0.65000E+01 0.80287E-01 0.85666E+00 0.11853E-01 0.11971E-01 0.84664E+00 0.84664E+00 0.84481E+00   62
 0.13000E-02 0.65000E+01 0.49407E-01 0.76103E+00 0.11693E-01 0.11596E-01 0.76839E+00 0.76839E+00 -.62989E+00   62
 0.20000E-02 0.65000E+01 0.32115E-01 0.69914E+00 0.94429E-02 0.93779E-02 0.70490E+00 0.70490E+00 -.61004E+00   62
 0.32000E-02 0.65000E+01 0.20072E-01 0.64420E+00 0.10339E-01 0.10372E-01 0.64197E+00 0.64197E+00 0.21579E+00   62
 0.13000E-01 0.65000E+01 0.49407E-02 0.48491E+00 0.11409E-01 0.11198E-01 0.49442E+00 0.49442E+00 -.83366E+00   62
 0.12440E-03 0.85000E+01 0.67501E+00 0.12088E+01 0.42457E-01 0.40801E-01 0.12721E+01 0.12721E+01 -.14911E+01   62
 0.20000E-03 0.85000E+01 0.41996E+00 0.11779E+01 0.33851E-01 0.33025E-01 0.12125E+01 0.12125E+01 -.10211E+01   62
 0.32000E-03 0.85000E+01 0.26248E+00 0.11147E+01 0.15229E-01 0.15194E-01 0.11180E+01 0.11180E+01 -.21227E+00   62
 0.50000E-03 0.85000E+01 0.16798E+00 0.10220E+01 0.14323E-01 0.14300E-01 0.10240E+01 0.10240E+01 -.13837E+00   62
 0.80000E-03 0.85000E+01 0.10499E+00 0.93588E+00 0.12831E-01 0.12904E-01 0.92919E+00 0.92919E+00 0.52160E+00   62
 0.13000E-02 0.85000E+01 0.64609E-01 0.84437E+00 0.11800E-01 0.11866E-01 0.83847E+00 0.83847E+00 0.49998E+00   62
 0.20000E-02 0.85000E+01 0.41996E-01 0.77251E+00 0.13867E-01 0.13985E-01 0.76485E+00 0.76485E+00 0.55279E+00   62
 0.32000E-02 0.85000E+01 0.26247E-01 0.66425E+00 0.12857E-01 0.12418E-01 0.69194E+00 0.69194E+00 -.21537E+01   62
 0.50000E-02 0.85000E+01 0.16798E-01 0.63519E+00 0.10551E-01 0.10629E-01 0.62999E+00 0.62999E+00 0.49275E+00   62
 0.20000E-01 0.85000E+01 0.41996E-02 0.45790E+00 0.12339E-01 0.11749E-01 0.48217E+00 0.48217E+00 -.19667E+01   62
 0.80000E-03 0.12000E+02 0.14822E+00 0.10562E+01 0.11314E-01 0.11455E-01 0.10402E+01 0.10402E+01 0.14203E+01   62
 0.13000E-02 0.12000E+02 0.91213E-01 0.94095E+00 0.13711E-01 0.13805E-01 0.93246E+00 0.93246E+00 0.61941E+00   62
 0.20000E-02 0.12000E+02 0.59289E-01 0.85620E+00 0.13016E-01 0.13151E-01 0.84491E+00 0.84491E+00 0.86730E+00   62
 0.32000E-02 0.12000E+02 0.37055E-01 0.75749E+00 0.14504E-01 0.14491E-01 0.75830E+00 0.75830E+00 -.55898E-01   62
 0.50000E-02 0.12000E+02 0.23715E-01 0.68181E+00 0.11766E-01 0.11721E-01 0.68480E+00 0.68480E+00 -.25405E+00   62
 0.20000E-01 0.12000E+02 0.59289E-02 0.49243E+00 0.12249E-01 0.11883E-01 0.50876E+00 0.50876E+00 -.13330E+01   62
 0.43200E-04 0.35000E+01 0.80002E+00 0.86773E+00 0.56560E-01 0.48831E-01 0.10301E+01 0.10301E+01 -.28707E+01   62
 0.61800E-04 0.45000E+01 0.71999E+00 0.95675E+00 0.58876E-01 0.52367E-01 0.10993E+01 0.10993E+01 -.24210E+01   62
 0.80300E-04 0.65000E+01 0.79997E+00 0.10781E+01 0.55892E-01 0.51273E-01 0.12021E+01 0.12021E+01 -.22180E+01   62
 0.10500E-03 0.85000E+01 0.80000E+00 0.11775E+01 0.63852E-01 0.60374E-01 0.12700E+01 0.12700E+01 -.14483E+01   62
 0.16100E-03 0.12000E+02 0.82632E+00 0.12382E+01 0.73027E-01 0.70017E-01 0.13106E+01 0.13106E+01 -.99185E+00   62
 0.20000E-03 0.12000E+02 0.66519E+00 0.12927E+01 0.33968E-01 0.33419E-01 0.13165E+01 0.13165E+01 -.70001E+00   62
 0.32000E-03 0.12000E+02 0.41574E+00 0.12331E+01 0.23714E-01 0.23431E-01 0.12494E+01 0.12494E+01 -.68769E+00   62
 0.20000E-03 0.15000E+02 0.83149E+00 0.12704E+01 0.65361E-01 0.62351E-01 0.13483E+01 0.13483E+01 -.11922E+01   62
 0.24600E-03 0.15000E+02 0.67600E+00 0.13700E+01 0.32142E-01 0.32423E-01 0.13564E+01 0.13564E+01 0.42176E+00   62
 0.32000E-03 0.15000E+02 0.51968E+00 0.13001E+01 0.25089E-01 0.24642E-01 0.13270E+01 0.13270E+01 -.10726E+01   62
 0.26800E-03 0.18000E+02 0.74461E+00 0.13322E+01 0.68322E-01 0.66319E-01 0.13833E+01 0.13833E+01 -.74771E+00   62
 0.32800E-03 0.18000E+02 0.60840E+00 0.13749E+01 0.31908E-01 0.31923E-01 0.13742E+01 0.13742E+01 0.23574E-01   62
 0.50000E-03 0.18000E+02 0.39911E+00 0.12760E+01 0.20891E-01 0.20643E-01 0.12943E+01 0.12943E+01 -.87908E+00   62
 0.33500E-03 0.27000E+02 0.89354E+00 0.14025E+01 0.80573E-01 0.80458E-01 0.14052E+01 0.14052E+01 -.33108E-01   62
 0.41000E-03 0.27000E+02 0.73008E+00 0.14167E+01 0.37430E-01 0.37247E-01 0.14244E+01 0.14244E+01 -.20631E+00   62
 0.50000E-03 0.27000E+02 0.59867E+00 0.14185E+01 0.28684E-01 0.28844E-01 0.14091E+01 0.14091E+01 0.32695E+00   62
 0.57400E-03 0.35000E+02 0.67600E+00 0.15206E+01 0.37494E-01 0.39469E-01 0.14325E+01 0.14325E+01 0.23497E+01   62
 0.80000E-03 0.35000E+02 0.48503E+00 0.14073E+01 0.20690E-01 0.21089E-01 0.13741E+01 0.13741E+01 0.16044E+01   62
 0.13000E-02 0.45000E+02 0.38376E+00 0.13173E+01 0.17914E-01 0.18095E-01 0.13000E+01 0.13000E+01 0.96351E+00   62
 0.50000E-03 0.12000E+02 0.23715E+00 0.11531E+01 0.12365E-01 0.12382E-01 0.11513E+01 0.11513E+01 0.13868E+00   62
 0.50000E-03 0.15000E+02 0.29644E+00 0.12175E+01 0.12802E-01 0.12642E-01 0.12346E+01 0.12346E+01 -.13381E+01   62
 0.80000E-03 0.15000E+02 0.18528E+00 0.11148E+01 0.11358E-01 0.11364E-01 0.11141E+01 0.11141E+01 0.65557E-01   62
 0.13000E-02 0.15000E+02 0.11402E+00 0.98826E+00 0.10745E-01 0.10678E-01 0.99520E+00 0.99520E+00 -.64550E+00   62
 0.20000E-02 0.15000E+02 0.74111E-01 0.87518E+00 0.99706E-02 0.97430E-02 0.89820E+00 0.89820E+00 -.23090E+01   62
 0.32000E-02 0.15000E+02 0.46319E-01 0.78927E+00 0.94789E-02 0.93425E-02 0.80223E+00 0.80223E+00 -.13668E+01   62
 0.50000E-02 0.15000E+02 0.29644E-01 0.71823E+00 0.77546E-02 0.77306E-02 0.72086E+00 0.72086E+00 -.33817E+00   62
 0.80000E-02 0.15000E+02 0.18528E-01 0.63605E+00 0.71503E-02 0.70595E-02 0.64517E+00 0.64517E+00 -.12760E+01   62
 0.20000E-01 0.15000E+02 0.74111E-02 0.53197E+00 0.83853E-02 0.84737E-02 0.52585E+00 0.52585E+00 0.73051E+00   62
 0.80000E-03 0.18000E+02 0.22233E+00 0.11675E+01 0.11639E-01 0.11573E-01 0.11750E+01 0.11750E+01 -.64054E+00   62
 0.13000E-02 0.18000E+02 0.13682E+00 0.10519E+01 0.10685E-01 0.10728E-01 0.10472E+01 0.10472E+01 0.44207E+00   62
 0.20000E-02 0.18000E+02 0.88933E-01 0.94989E+00 0.99606E-02 0.10031E-01 0.94233E+00 0.94233E+00 0.75941E+00   62
 0.32000E-02 0.18000E+02 0.55583E-01 0.83642E+00 0.89300E-02 0.89103E-02 0.83852E+00 0.83852E+00 -.23508E+00   62
 0.50000E-02 0.18000E+02 0.35573E-01 0.74997E+00 0.78440E-02 0.78389E-02 0.75053E+00 0.75053E+00 -.71956E-01   62
 0.80000E-02 0.18000E+02 0.22233E-01 0.66842E+00 0.71171E-02 0.71141E-02 0.66873E+00 0.66873E+00 -.43490E-01   62
 0.20000E-01 0.18000E+02 0.88933E-02 0.53868E+00 0.11610E-01 0.11590E-01 0.53966E+00 0.53966E+00 -.84450E-01   62
 0.80000E-03 0.27000E+02 0.33350E+00 0.12980E+01 0.14091E-01 0.13987E-01 0.13086E+01 0.13086E+01 -.75307E+00   62
 0.13000E-02 0.27000E+02 0.20523E+00 0.11642E+01 0.12060E-01 0.12059E-01 0.11644E+01 0.11644E+01 -.11945E-01   62
 0.20000E-02 0.27000E+02 0.13340E+00 0.10538E+01 0.11074E-01 0.11184E-01 0.10421E+01 0.10421E+01 0.10621E+01   62
 0.32000E-02 0.27000E+02 0.83375E-01 0.92019E+00 0.99437E-02 0.99440E-02 0.92016E+00 0.92016E+00 0.29936E-02   62
 0.50000E-02 0.27000E+02 0.53360E-01 0.80568E+00 0.88162E-02 0.87104E-02 0.81685E+00 0.81685E+00 -.12664E+01   62
 0.80000E-02 0.27000E+02 0.33350E-01 0.71249E+00 0.79527E-02 0.78717E-02 0.72097E+00 0.72097E+00 -.10658E+01   62
 0.13000E-01 0.27000E+02 0.20523E-01 0.63871E+00 0.70945E-02 0.71312E-02 0.63497E+00 0.63497E+00 0.52693E+00   62
 0.32000E-01 0.27000E+02 0.83375E-02 0.52914E+00 0.11801E-01 0.12241E-01 0.50943E+00 0.50943E+00 0.16705E+01   62
 0.13000E-02 0.35000E+02 0.26604E+00 0.12341E+01 0.12168E-01 0.12132E-01 0.12384E+01 0.12384E+01 -.35500E+00   62
 0.20000E-02 0.35000E+02 0.17292E+00 0.11081E+01 0.11301E-01 0.11319E-01 0.11061E+01 0.11061E+01 0.17790E+00   62
 0.32000E-02 0.35000E+02 0.10808E+00 0.97636E+00 0.10464E-01 0.10499E-01 0.97262E+00 0.97262E+00 0.35773E+00   62
 0.50000E-02 0.35000E+02 0.69170E-01 0.85723E+00 0.89849E-02 0.89676E-02 0.85921E+00 0.85921E+00 -.22078E+00   62
 0.80000E-02 0.35000E+02 0.43231E-01 0.75147E+00 0.80565E-02 0.80329E-02 0.75410E+00 0.75410E+00 -.32566E+00   62
 0.13000E-01 0.35000E+02 0.26604E-01 0.66552E+00 0.74725E-02 0.75268E-02 0.65976E+00 0.65976E+00 0.77122E+00   62
 0.20000E-01 0.35000E+02 0.17292E-01 0.59480E+00 0.70191E-02 0.70868E-02 0.58815E+00 0.58815E+00 0.94698E+00   62
 0.80000E-01 0.35000E+02 0.43231E-02 0.44991E+00 0.19697E-01 0.20827E-01 0.42352E+00 0.42352E+00 0.13395E+01   62
 0.20000E-02 0.45000E+02 0.22233E+00 0.11626E+01 0.12199E-01 0.12161E-01 0.11671E+01 0.11671E+01 -.36319E+00   62
 0.32000E-02 0.45000E+02 0.13896E+00 0.10169E+01 0.10771E-01 0.10719E-01 0.10229E+01 0.10229E+01 -.55631E+00   62
 0.50000E-02 0.45000E+02 0.88933E-01 0.90322E+00 0.94755E-02 0.95050E-02 0.89977E+00 0.89977E+00 0.36442E+00   62
 0.80000E-02 0.45000E+02 0.55583E-01 0.78549E+00 0.83938E-02 0.83926E-02 0.78563E+00 0.78563E+00 -.16641E-01   62
 0.13000E-01 0.45000E+02 0.34205E-01 0.68346E+00 0.77453E-02 0.77478E-02 0.68319E+00 0.68319E+00 0.35047E-01   62
 0.20000E-01 0.45000E+02 0.22233E-01 0.60446E+00 0.70662E-02 0.70565E-02 0.60549E+00 0.60549E+00 -.14577E+00   62
 0.50000E-01 0.45000E+02 0.88933E-02 0.48774E+00 0.11924E-01 0.12174E-01 0.47702E+00 0.47702E+00 0.89892E+00   62
 0.20000E-02 0.60000E+02 0.29644E+00 0.12550E+01 0.13338E-01 0.13524E-01 0.12337E+01 0.12337E+01 0.16005E+01   62
 0.32000E-02 0.60000E+02 0.18528E+00 0.10883E+01 0.11552E-01 0.11627E-01 0.10794E+01 0.10794E+01 0.76601E+00   62
 0.50000E-02 0.60000E+02 0.11858E+00 0.94683E+00 0.10330E-01 0.10342E-01 0.94552E+00 0.94552E+00 0.12626E+00   62
 0.80000E-02 0.60000E+02 0.74111E-01 0.82401E+00 0.92635E-02 0.92908E-02 0.82095E+00 0.82095E+00 0.32985E+00   62
 0.13000E-01 0.60000E+02 0.45607E-01 0.71073E+00 0.86064E-02 0.86203E-02 0.70929E+00 0.70929E+00 0.16803E+00   62
 0.20000E-01 0.60000E+02 0.29644E-01 0.63530E+00 0.79482E-02 0.80554E-02 0.62465E+00 0.62465E+00 0.13401E+01   62
 0.32000E-01 0.60000E+02 0.18528E-01 0.55545E+00 0.74387E-02 0.75346E-02 0.54642E+00 0.54642E+00 0.12134E+01   62
 0.13000E+00 0.60000E+02 0.45607E-02 0.39583E+00 0.20054E-01 0.20917E-01 0.37651E+00 0.37651E+00 0.96333E+00   62
 0.32000E-02 0.90000E+02 0.27792E+00 0.11758E+01 0.14242E-01 0.14442E-01 0.11545E+01 0.11545E+01 0.14920E+01   62
 0.50000E-02 0.90000E+02 0.17787E+00 0.10350E+01 0.11868E-01 0.12116E-01 0.10077E+01 0.10077E+01 0.23017E+01   62
 0.80000E-02 0.90000E+02 0.11117E+00 0.89094E+00 0.10838E-01 0.11042E-01 0.86918E+00 0.86918E+00 0.20081E+01   62
 0.13000E-01 0.90000E+02 0.68410E-01 0.75878E+00 0.99469E-02 0.10093E-01 0.74454E+00 0.74454E+00 0.14321E+01   62
 0.20000E-01 0.90000E+02 0.44466E-01 0.65375E+00 0.86756E-02 0.87106E-02 0.65024E+00 0.65024E+00 0.40462E+00   62
 0.32000E-01 0.90000E+02 0.27792E-01 0.56072E+00 0.80923E-02 0.80657E-02 0.56317E+00 0.56317E+00 -.30227E+00   62
 0.80000E-01 0.90000E+02 0.11117E-01 0.43868E+00 0.78812E-02 0.79588E-02 0.43312E+00 0.43312E+00 0.70569E+00   62
 0.50000E-02 0.12000E+03 0.23715E+00 0.10457E+01 0.15979E-01 0.15942E-01 0.10492E+01 0.10492E+01 -.21631E+00   62
 0.80000E-02 0.12000E+03 0.14822E+00 0.90979E+00 0.12593E-01 0.12671E-01 0.90185E+00 0.90185E+00 0.63033E+00   62
 0.13000E-01 0.12000E+03 0.91213E-01 0.78001E+00 0.11406E-01 0.11528E-01 0.76843E+00 0.76843E+00 0.10154E+01   62
 0.20000E-01 0.12000E+03 0.59289E-01 0.67066E+00 0.99378E-02 0.99724E-02 0.66746E+00 0.66746E+00 0.32252E+00   62
 0.32000E-01 0.12000E+03 0.37055E-01 0.57732E+00 0.93878E-02 0.94236E-02 0.57422E+00 0.57422E+00 0.33069E+00   62
 0.50000E-01 0.12000E+03 0.23715E-01 0.48863E+00 0.83186E-02 0.81750E-02 0.50058E+00 0.50058E+00 -.14357E+01   62
 0.18000E+00 0.12000E+03 0.65876E-02 0.33329E+00 0.12862E-01 0.12968E-01 0.32992E+00 0.32992E+00 0.26194E+00   62
 0.20000E-01 0.15000E+03 0.74111E-01 0.69342E+00 0.13776E-01 0.13950E-01 0.68022E+00 0.68022E+00 0.95871E+00   62
 0.32000E-01 0.15000E+03 0.46319E-01 0.58798E+00 0.13142E-01 0.13224E-01 0.58238E+00 0.58238E+00 0.42594E+00   62
 0.50000E-01 0.15000E+03 0.29644E-01 0.51213E+00 0.11475E-01 0.11584E-01 0.50513E+00 0.50513E+00 0.61036E+00   62
 0.18000E+00 0.15000E+03 0.82345E-02 0.32506E+00 0.12208E-01 0.12132E-01 0.32770E+00 0.32770E+00 -.21617E+00   62
 0.20000E-03 0.12000E+02 0.59289E+00 0.13138E+01 0.37312E-01 0.36639E-01 0.13405E+01 0.13405E+01 -.71475E+00   62
 0.32000E-03 0.12000E+02 0.37055E+00 0.12335E+01 0.15638E-01 0.15413E-01 0.12564E+01 0.12564E+01 -.14646E+01   62
 0.32000E-03 0.15000E+02 0.46319E+00 0.13240E+01 0.23235E-01 0.22983E-01 0.13404E+01 0.13404E+01 -.70637E+00   62
 0.50000E-03 0.18000E+02 0.35573E+00 0.12772E+01 0.16692E-01 0.16434E-01 0.13012E+01 0.13012E+01 -.14368E+01   62
 0.50000E-03 0.27000E+02 0.53360E+00 0.14204E+01 0.23069E-01 0.22931E-01 0.14306E+01 0.14306E+01 -.44398E+00   62
 0.20000E-01 0.27000E+02 0.13340E-01 0.58086E+00 0.81353E-02 0.82670E-02 0.56963E+00 0.56963E+00 0.13798E+01   62
 0.80000E-03 0.35000E+02 0.43231E+00 0.13955E+01 0.18829E-01 0.18930E-01 0.13863E+01 0.13863E+01 0.49012E+00   62
 0.32000E-01 0.35000E+02 0.10808E-01 0.51947E+00 0.90517E-02 0.90122E-02 0.52202E+00 0.52202E+00 -.28215E+00   62
 0.80000E-03 0.45000E+02 0.55583E+00 0.14679E+01 0.26424E-01 0.26722E-01 0.14450E+01 0.14450E+01 0.86633E+00   62
 0.13000E-02 0.45000E+02 0.34205E+00 0.13158E+01 0.17336E-01 0.17434E-01 0.13063E+01 0.13063E+01 0.54549E+00   62
 0.32000E-01 0.45000E+02 0.13896E-01 0.53629E+00 0.84582E-02 0.84891E-02 0.53372E+00 0.53372E+00 0.30394E+00   62
 0.13000E-02 0.60000E+02 0.45607E+00 0.13936E+01 0.23680E-01 0.23926E-01 0.13735E+01 0.13735E+01 0.84558E+00   62
 0.50000E-01 0.60000E+02 0.11858E-01 0.51065E+00 0.10229E-01 0.10721E-01 0.48456E+00 0.48456E+00 0.25511E+01   62
 0.20000E-02 0.90000E+02 0.44466E+00 0.13214E+01 0.22943E-01 0.23050E-01 0.13134E+01 0.13134E+01 0.34980E+00   62
 0.50000E-01 0.90000E+02 0.17787E-01 0.49066E+00 0.85372E-02 0.84911E-02 0.49431E+00 0.49431E+00 -.42761E+00   62
 0.80000E-01 0.12000E+03 0.14822E-01 0.44268E+00 0.83160E-02 0.84207E-02 0.43533E+00 0.43533E+00 0.88454E+00   62
 0.13000E-01 0.15000E+03 0.11402E+00 0.80654E+00 0.18192E-01 0.18483E-01 0.78623E+00 0.78623E+00 0.11164E+01   62
 0.80000E-01 0.15000E+03 0.18528E-01 0.44642E+00 0.97591E-02 0.99083E-02 0.43683E+00 0.43683E+00 0.98247E+00   62
 0.32000E-02 0.15000E+03 0.51968E+00 0.12042E+01 0.27361E-01 0.27147E-01 0.12183E+01 0.12183E+01 -.51565E+00   62
 0.50000E-02 0.15000E+03 0.29644E+00 0.10577E+01 0.16580E-01 0.16334E-01 0.10788E+01 0.10788E+01 -.12750E+01   62
 0.80000E-02 0.15000E+03 0.18528E+00 0.91533E+00 0.16218E-01 0.16084E-01 0.92606E+00 0.92606E+00 -.66103E+00   62
 0.50000E-02 0.20000E+03 0.44346E+00 0.10745E+01 0.24643E-01 0.24201E-01 0.11049E+01 0.11049E+01 -.12320E+01   62
 0.80000E-02 0.20000E+03 0.24704E+00 0.93379E+00 0.12459E-01 0.12248E-01 0.95519E+00 0.95519E+00 -.17178E+01   62
 0.13000E-01 0.20000E+03 0.15202E+00 0.80557E+00 0.10114E-01 0.10092E-01 0.80807E+00 0.80807E+00 -.24713E+00   62
 0.20000E-01 0.20000E+03 0.98814E-01 0.69784E+00 0.10317E-01 0.10337E-01 0.69589E+00 0.69589E+00 0.18928E+00   62
 0.32000E-01 0.20000E+03 0.61759E-01 0.58603E+00 0.95488E-02 0.94753E-02 0.59232E+00 0.59232E+00 -.65837E+00   62
 0.50000E-01 0.20000E+03 0.39526E-01 0.52104E+00 0.83367E-02 0.84557E-02 0.51062E+00 0.51062E+00 0.12502E+01   62
 0.80000E-01 0.20000E+03 0.24704E-01 0.43126E+00 0.69572E-02 0.68720E-02 0.43853E+00 0.43853E+00 -.10449E+01   62
 0.50000E-02 0.25000E+03 0.55432E+00 0.10788E+01 0.32815E-01 0.32009E-01 0.11177E+01 0.11177E+01 -.11838E+01   62
 0.80000E-02 0.25000E+03 0.30879E+00 0.95306E+00 0.13979E-01 0.13741E-01 0.97540E+00 0.97540E+00 -.15982E+01   62
 0.13000E-01 0.25000E+03 0.19003E+00 0.82515E+00 0.11845E-01 0.11857E-01 0.82398E+00 0.82398E+00 0.99344E-01   62
 0.20000E-01 0.25000E+03 0.12352E+00 0.70062E+00 0.11186E-01 0.11108E-01 0.70738E+00 0.70738E+00 -.60483E+00   62
 0.32000E-01 0.25000E+03 0.77199E-01 0.59156E+00 0.10043E-01 0.99454E-02 0.59958E+00 0.59958E+00 -.79782E+00   62
 0.50000E-01 0.25000E+03 0.49407E-01 0.52110E+00 0.84585E-02 0.85357E-02 0.51457E+00 0.51457E+00 0.77201E+00   62
 0.80000E-01 0.25000E+03 0.30879E-01 0.43237E+00 0.72561E-02 0.71658E-02 0.43968E+00 0.43968E+00 -.10070E+01   62
 0.13000E+00 0.25000E+03 0.19003E-01 0.34153E+00 0.12254E-01 0.11414E-01 0.37076E+00 0.37076E+00 -.23851E+01   62
 0.25000E+00 0.25000E+03 0.98814E-02 0.26325E+00 0.12682E-01 0.12620E-01 0.26469E+00 0.26469E+00 -.11354E+00   62
 0.40000E+00 0.25000E+03 0.61759E-02 0.13958E+00 0.98819E-02 0.92838E-02 0.14970E+00 0.14970E+00 -.10242E+01   62
 0.50000E-02 0.30000E+03 0.66519E+00 0.11269E+01 0.45453E-01 0.45734E-01 0.11176E+01 0.11176E+01 0.20669E+00   62
 0.80000E-02 0.30000E+03 0.41574E+00 0.98168E+00 0.26530E-01 0.26474E-01 0.98491E+00 0.98491E+00 -.12174E+00   62
 0.13000E-01 0.30000E+03 0.22803E+00 0.81793E+00 0.12683E-01 0.12485E-01 0.83611E+00 0.83611E+00 -.14330E+01   62
 0.20000E-01 0.30000E+03 0.14822E+00 0.69925E+00 0.12249E-01 0.12037E-01 0.71630E+00 0.71630E+00 -.13923E+01   62
 0.32000E-01 0.30000E+03 0.92638E-01 0.61331E+00 0.10717E-01 0.10820E-01 0.60520E+00 0.60520E+00 0.75690E+00   62
 0.50000E-01 0.30000E+03 0.59289E-01 0.50333E+00 0.89288E-02 0.87556E-02 0.51759E+00 0.51759E+00 -.15971E+01   62
 0.80000E-01 0.30000E+03 0.37055E-01 0.43377E+00 0.71594E-02 0.70838E-02 0.44052E+00 0.44052E+00 -.94287E+00   62
 0.13000E+00 0.30000E+03 0.22803E-01 0.35254E+00 0.13586E-01 0.13025E-01 0.36991E+00 0.36991E+00 -.12778E+01   62
 0.25000E+00 0.30000E+03 0.11858E-01 0.26283E+00 0.14339E-01 0.14366E-01 0.26228E+00 0.26228E+00 0.38086E-01   62
 0.40000E+00 0.30000E+03 0.74111E-02 0.15497E+00 0.10779E-01 0.11289E-01 0.14719E+00 0.14719E+00 0.72137E+00   62
 0.80000E-02 0.40000E+03 0.55432E+00 0.96066E+00 0.32134E-01 0.31369E-01 0.99542E+00 0.99542E+00 -.10819E+01   62
 0.13000E-01 0.40000E+03 0.30404E+00 0.84584E+00 0.17051E-01 0.16948E-01 0.85299E+00 0.85299E+00 -.41982E+00   62
 0.20000E-01 0.40000E+03 0.19763E+00 0.71103E+00 0.13576E-01 0.13338E-01 0.72930E+00 0.72930E+00 -.13456E+01   62
 0.32000E-01 0.40000E+03 0.12352E+00 0.60667E+00 0.11576E-01 0.11486E-01 0.61347E+00 0.61347E+00 -.58752E+00   62
 0.50000E-01 0.40000E+03 0.79051E-01 0.50938E+00 0.95192E-02 0.93617E-02 0.52199E+00 0.52199E+00 -.13249E+01   62
 0.80000E-01 0.40000E+03 0.49407E-01 0.44449E+00 0.81679E-02 0.82023E-02 0.44174E+00 0.44174E+00 0.33679E+00   62
 0.13000E+00 0.40000E+03 0.30404E-01 0.36256E+00 0.72364E-02 0.71572E-02 0.36853E+00 0.36853E+00 -.82572E+00   62
 0.25000E+00 0.40000E+03 0.15810E-01 0.25681E+00 0.67185E-02 0.66831E-02 0.25864E+00 0.25864E+00 -.27214E+00   62
 0.40000E+00 0.40000E+03 0.98814E-02 0.16028E+00 0.92941E-02 0.10190E-01 0.14343E+00 0.14343E+00 0.18125E+01   62
 0.80000E-02 0.50000E+03 0.69290E+00 0.10113E+01 0.65992E-01 0.67081E-01 0.99068E+00 0.99068E+00 0.31230E+00   62
 0.13000E-01 0.50000E+03 0.42640E+00 0.88300E+00 0.52568E-01 0.53802E-01 0.85916E+00 0.85916E+00 0.45338E+00   62
 0.20000E-01 0.50000E+03 0.24704E+00 0.73693E+00 0.22072E-01 0.22042E-01 0.73819E+00 0.73819E+00 -.56926E-01   62
 0.32000E-01 0.50000E+03 0.15440E+00 0.62279E+00 0.18421E-01 0.18501E-01 0.61931E+00 0.61931E+00 0.18905E+00   62
 0.50000E-01 0.50000E+03 0.98814E-01 0.51677E+00 0.16985E-01 0.16771E-01 0.52509E+00 0.52509E+00 -.49038E+00   62
 0.80000E-01 0.50000E+03 0.61759E-01 0.43759E+00 0.14242E-01 0.14121E-01 0.44251E+00 0.44251E+00 -.34498E+00   62
 0.13000E+00 0.50000E+03 0.38005E-01 0.34683E+00 0.13225E-01 0.12669E-01 0.36747E+00 0.36747E+00 -.15606E+01   62
 0.18000E+00 0.50000E+03 0.27448E-01 0.29092E+00 0.13461E-01 0.12618E-01 0.31630E+00 0.31630E+00 -.18854E+01   62
 0.25000E+00 0.50000E+03 0.19763E-01 0.25394E+00 0.14066E-01 0.13981E-01 0.25592E+00 0.25592E+00 -.14077E+00   62
 0.40000E+00 0.50000E+03 0.12352E-01 0.16560E+00 0.12985E-01 0.14867E-01 0.14067E+00 0.14067E+00 0.19198E+01   62
 0.13000E-01 0.65000E+03 0.55432E+00 0.84587E+00 0.25465E-01 0.25170E-01 0.86228E+00 0.86228E+00 -.64448E+00   62
 0.20000E-01 0.65000E+03 0.36031E+00 0.70180E+00 0.41327E-01 0.39584E-01 0.74428E+00 0.74428E+00 -.10280E+01   62
 0.32000E-01 0.65000E+03 0.20072E+00 0.61492E+00 0.13526E-01 0.13379E-01 0.62532E+00 0.62532E+00 -.76919E+00   62
 0.50000E-01 0.65000E+03 0.12846E+00 0.51194E+00 0.11414E-01 0.11185E-01 0.52829E+00 0.52829E+00 -.14327E+01   62
 0.80000E-01 0.65000E+03 0.80287E-01 0.44637E+00 0.97317E-02 0.97757E-02 0.44323E+00 0.44323E+00 0.32292E+00   62
 0.13000E+00 0.65000E+03 0.49407E-01 0.36438E+00 0.87417E-02 0.87141E-02 0.36620E+00 0.36620E+00 -.20902E+00   62
 0.18000E+00 0.65000E+03 0.35683E-01 0.30312E+00 0.15505E-01 0.15086E-01 0.31401E+00 0.31401E+00 -.70261E+00   62
 0.25000E+00 0.65000E+03 0.25692E-01 0.25154E+00 0.75454E-02 0.75191E-02 0.25287E+00 0.25287E+00 -.17555E+00   62
 0.40000E+00 0.65000E+03 0.16057E-01 0.14435E+00 0.97595E-02 0.10092E-01 0.13759E+00 0.13759E+00 0.69212E+00   62
 0.65000E+00 0.65000E+03 0.98814E-02 0.22446E-01 0.35484E-02 0.37749E-02 0.20429E-01 0.20429E-01 0.56835E+00   62
 0.13000E-01 0.80000E+03 0.68224E+00 0.89002E+00 0.33499E-01 0.34284E-01 0.85621E+00 0.85621E+00 0.10093E+01   62
 0.20000E-01 0.80000E+03 0.44346E+00 0.73689E+00 0.35623E-01 0.35312E-01 0.74721E+00 0.74721E+00 -.28955E+00   62
 0.32000E-01 0.80000E+03 0.24704E+00 0.64176E+00 0.15178E-01 0.15369E-01 0.62919E+00 0.62919E+00 0.82853E+00   62
 0.50000E-01 0.80000E+03 0.15810E+00 0.51570E+00 0.12560E-01 0.12339E-01 0.53041E+00 0.53041E+00 -.11715E+01   62
 0.80000E-01 0.80000E+03 0.98814E-01 0.44803E+00 0.11266E-01 0.11336E-01 0.44362E+00 0.44362E+00 0.39126E+00   62
 0.13000E+00 0.80000E+03 0.60809E-01 0.36222E+00 0.98538E-02 0.98049E-02 0.36519E+00 0.36519E+00 -.30215E+00   62
 0.18000E+00 0.80000E+03 0.43917E-01 0.32505E+00 0.15696E-01 0.16150E-01 0.31227E+00 0.31227E+00 0.81485E+00   62
 0.25000E+00 0.80000E+03 0.31621E-01 0.25598E+00 0.82323E-02 0.83397E-02 0.25056E+00 0.25056E+00 0.65855E+00   62
 0.40000E+00 0.80000E+03 0.19763E-01 0.12977E+00 0.97584E-02 0.94901E-02 0.13529E+00 0.13529E+00 -.56638E+00   62
 0.65000E+00 0.80000E+03 0.12162E-01 0.20073E-01 0.29948E-02 0.30226E-02 0.19801E-01 0.19801E-01 0.91016E-01   62
 0.20000E-01 0.10000E+04 0.55432E+00 0.73772E+00 0.49565E-01 0.49211E-01 0.74570E+00 0.74570E+00 -.16100E+00   62
 0.32000E-01 0.10000E+04 0.30879E+00 0.63745E+00 0.26780E-01 0.26941E-01 0.63201E+00 0.63201E+00 0.20298E+00   62
 0.50000E-01 0.10000E+04 0.19763E+00 0.55567E+00 0.21855E-01 0.22512E-01 0.53210E+00 0.53210E+00 0.10786E+01   62
 0.80000E-01 0.10000E+04 0.12352E+00 0.44424E+00 0.18354E-01 0.18366E-01 0.44381E+00 0.44381E+00 0.23413E-01   62
 0.13000E+00 0.10000E+04 0.76011E-01 0.39411E+00 0.18247E-01 0.19230E-01 0.36407E+00 0.36407E+00 0.16462E+01   62
 0.18000E+00 0.10000E+04 0.54897E-01 0.32743E+00 0.16348E-01 0.16918E-01 0.31044E+00 0.31044E+00 0.10391E+01   62
 0.25000E+00 0.10000E+04 0.39526E-01 0.25621E+00 0.15272E-01 0.15602E-01 0.24820E+00 0.24820E+00 0.52414E+00   62
 0.40000E+00 0.10000E+04 0.24704E-01 0.12517E+00 0.13019E-01 0.12473E-01 0.13296E+00 0.13296E+00 -.59793E+00   62
 0.65000E+00 0.10000E+04 0.15202E-01 0.19090E-01 0.32240E-02 0.32153E-02 0.19169E-01 0.19169E-01 -.24604E-01   62
 0.20000E-01 0.12000E+04 0.66519E+00 0.70466E+00 0.31765E-01 0.30943E-01 0.73923E+00 0.73923E+00 -.10882E+01   62
 0.32000E-01 0.12000E+04 0.41574E+00 0.59062E+00 0.26275E-01 0.25327E-01 0.62948E+00 0.62948E+00 -.14788E+01   62
 0.50000E-01 0.12000E+04 0.23715E+00 0.51570E+00 0.12537E-01 0.12299E-01 0.53282E+00 0.53282E+00 -.13652E+01   62
 0.80000E-01 0.12000E+04 0.14822E+00 0.45302E+00 0.10873E-01 0.11005E-01 0.44370E+00 0.44370E+00 0.85766E+00   62
 0.13000E+00 0.12000E+04 0.91213E-01 0.36769E+00 0.97021E-02 0.97723E-02 0.36311E+00 0.36311E+00 0.47270E+00   62
 0.18000E+00 0.12000E+04 0.65876E-01 0.32809E+00 0.17763E-01 0.18427E-01 0.30899E+00 0.30899E+00 0.10753E+01   62
 0.25000E+00 0.12000E+04 0.47431E-01 0.24826E+00 0.73405E-02 0.73727E-02 0.24636E+00 0.24636E+00 0.25818E+00   62
 0.40000E+00 0.12000E+04 0.29644E-01 0.13742E+00 0.68557E-02 0.70661E-02 0.13116E+00 0.13116E+00 0.91407E+00   62
 0.65000E+00 0.12000E+04 0.18243E-01 0.21408E-01 0.32279E-02 0.35229E-02 0.18687E-01 0.18687E-01 0.84295E+00   62
 0.20000E-01 0.15000E+04 0.83149E+00 0.73147E+00 0.52247E-01 0.52648E-01 0.72293E+00 0.72293E+00 0.16347E+00   62
 0.32000E-01 0.15000E+04 0.51968E+00 0.55730E+00 0.40939E-01 0.38352E-01 0.62558E+00 0.62558E+00 -.16677E+01   62
 0.50000E-01 0.15000E+04 0.29644E+00 0.55345E+00 0.15252E-01 0.15598E-01 0.53247E+00 0.53247E+00 0.13755E+01   62
 0.80000E-01 0.15000E+04 0.18528E+00 0.44625E+00 0.12859E-01 0.12913E-01 0.44305E+00 0.44305E+00 0.24918E+00   62
 0.13000E+00 0.15000E+04 0.11402E+00 0.34098E+00 0.12965E-01 0.12534E-01 0.36179E+00 0.36179E+00 -.16049E+01   62
 0.18000E+00 0.15000E+04 0.82345E-01 0.31791E+00 0.11012E-01 0.11224E-01 0.30723E+00 0.30723E+00 0.97041E+00   62
 0.25000E+00 0.15000E+04 0.59289E-01 0.25467E+00 0.10432E-01 0.10691E-01 0.24422E+00 0.24422E+00 0.10022E+01   62
 0.40000E+00 0.15000E+04 0.37055E-01 0.12435E+00 0.80007E-02 0.78245E-02 0.12908E+00 0.12908E+00 -.59181E+00   62
 0.65000E+00 0.15000E+04 0.22803E-01 0.12861E-01 0.31533E-02 0.25766E-02 0.18138E-01 0.18138E-01 -.16735E+01   62
 0.32000E-01 0.20000E+04 0.69290E+00 0.59528E+00 0.40076E-01 0.39441E-01 0.61204E+00 0.61204E+00 -.41825E+00   62
 0.50000E-01 0.20000E+04 0.44346E+00 0.49629E+00 0.30535E-01 0.29625E-01 0.52441E+00 0.52441E+00 -.92112E+00   62
 0.80000E-01 0.20000E+04 0.24704E+00 0.43277E+00 0.14718E-01 0.14567E-01 0.44080E+00 0.44080E+00 -.54520E+00   62
 0.13000E+00 0.20000E+04 0.15202E+00 0.37049E+00 0.14098E-01 0.14336E-01 0.35963E+00 0.35963E+00 0.77014E+00   62
 0.18000E+00 0.20000E+04 0.10979E+00 0.31618E+00 0.12784E-01 0.13044E-01 0.30486E+00 0.30486E+00 0.88495E+00   62
 0.25000E+00 0.20000E+04 0.79051E-01 0.23866E+00 0.11478E-01 0.11400E-01 0.24159E+00 0.24159E+00 -.25513E+00   62
 0.40000E+00 0.20000E+04 0.49407E-01 0.12804E+00 0.87832E-02 0.88416E-02 0.12663E+00 0.12663E+00 0.16063E+00   62
 0.65000E+00 0.20000E+04 0.30404E-01 0.21148E-01 0.41559E-02 0.46660E-02 0.17496E-01 0.17496E-01 0.87883E+00   62
 0.50000E-01 0.30000E+04 0.66519E+00 0.52174E+00 0.31153E-01 0.31807E-01 0.50315E+00 0.50315E+00 0.59704E+00   62
 0.80000E-01 0.30000E+04 0.41574E+00 0.44459E+00 0.26744E-01 0.27345E-01 0.42721E+00 0.42721E+00 0.64997E+00   62
 0.13000E+00 0.30000E+04 0.22803E+00 0.34346E+00 0.15800E-01 0.15516E-01 0.35444E+00 0.35444E+00 -.69447E+00   62
 0.18000E+00 0.30000E+04 0.16469E+00 0.30309E+00 0.13926E-01 0.13991E-01 0.30068E+00 0.30068E+00 0.17253E+00   62
 0.25000E+00 0.30000E+04 0.11858E+00 0.21764E+00 0.12520E-01 0.11911E-01 0.23782E+00 0.23782E+00 -.16124E+01   62
 0.40000E+00 0.30000E+04 0.74111E-01 0.12066E+00 0.86118E-02 0.84934E-02 0.12355E+00 0.12355E+00 -.33500E+00   62
 0.65000E+00 0.30000E+04 0.45607E-01 0.16057E-01 0.21993E-02 0.21499E-02 0.16713E-01 0.16713E-01 -.29845E+00   62
 0.80000E-01 0.50000E+04 0.69290E+00 0.36236E+00 0.27385E-01 0.26284E-01 0.39019E+00 0.39019E+00 -.10164E+01   62
 0.13000E+00 0.50000E+04 0.42640E+00 0.33183E+00 0.27068E-01 0.27079E-01 0.33157E+00 0.33157E+00 0.97085E-02   62
 0.18000E+00 0.50000E+04 0.27448E+00 0.26365E+00 0.14402E-01 0.13653E-01 0.29043E+00 0.29043E+00 -.18596E+01   62
 0.25000E+00 0.50000E+04 0.19763E+00 0.23464E+00 0.13852E-01 0.13969E-01 0.23120E+00 0.23120E+00 0.24816E+00   62
 0.40000E+00 0.50000E+04 0.12352E+00 0.12019E+00 0.89756E-02 0.89911E-02 0.11981E+00 0.11981E+00 0.42262E-01   62
 0.65000E+00 0.50000E+04 0.76011E-01 0.10287E-01 0.40561E-02 0.31026E-02 0.15901E-01 0.15901E-01 -.13840E+01   62
 0.13000E+00 0.80000E+04 0.68224E+00 0.25623E+00 0.31077E-01 0.29163E-01 0.28823E+00 0.28823E+00 -.10296E+01   62
 0.18000E+00 0.80000E+04 0.49273E+00 0.27699E+00 0.30690E-01 0.31882E-01 0.25833E+00 0.25833E+00 0.60830E+00   62
 0.25000E+00 0.80000E+04 0.35477E+00 0.23051E+00 0.27164E-01 0.28325E-01 0.21325E+00 0.21325E+00 0.63532E+00   62
 0.40000E+00 0.80000E+04 0.19763E+00 0.10136E+00 0.11585E-01 0.10785E-01 0.11510E+00 0.11510E+00 -.11860E+01   62
 0.65000E+00 0.80000E+04 0.12162E+00 0.17385E-01 0.29827E-02 0.32161E-02 0.15216E-01 0.15216E-01 0.72701E+00   62
 0.18000E+00 0.12000E+05 0.73910E+00 0.20803E+00 0.37064E-01 0.36541E-01 0.21389E+00 0.21389E+00 -.15813E+00   62
 0.25000E+00 0.12000E+05 0.53215E+00 0.15013E+00 0.34354E-01 0.30794E-01 0.18555E+00 0.18555E+00 -.10311E+01   62
 0.40000E+00 0.12000E+05 0.29644E+00 0.73342E-01 0.14750E-01 0.11937E-01 0.10775E+00 0.10775E+00 -.23324E+01   62
 0.65000E+00 0.12000E+05 0.18243E+00 0.16605E-01 0.58943E-02 0.64062E-02 0.14500E-01 0.14500E-01 0.35719E+00   62
 0.25000E+00 0.20000E+05 0.88692E+00 0.13523E+00 0.41608E-01 0.41844E-01 0.13373E+00 0.13373E+00 0.35923E-01   62
 0.40000E+00 0.20000E+05 0.55432E+00 0.11603E+00 0.31867E-01 0.37816E-01 0.83720E-01 0.83720E-01 0.10140E+01   62
 0.65000E+00 0.20000E+05 0.30404E+00 0.14365E-01 0.77903E-02 0.82646E-02 0.13052E-01 0.13052E-01 0.16846E+00   62
 0.40000E+00 0.30000E+05 0.83149E+00 0.10995E+00 0.53722E-01 0.72825E-01 0.60017E-01 0.60017E-01 0.92941E+00   62
 0.13000E-02 0.90000E+02 0.68410E+00 0.14455E+01 0.58394E-01 0.59299E-01 0.14216E+01 0.14216E+01 0.40881E+00   62
 0.16000E-02 0.12000E+03 0.74111E+00 0.14005E+01 0.48161E-01 0.48569E-01 0.13869E+01 0.13869E+01 0.28220E+00   62
 0.20000E-02 0.12000E+03 0.59289E+00 0.13130E+01 0.37707E-01 0.36898E-01 0.13467E+01 0.13467E+01 -.89336E+00   62
 0.32000E-02 0.12000E+03 0.37055E+00 0.12117E+01 0.29459E-01 0.29682E-01 0.12012E+01 0.12012E+01 0.35920E+00   62
 0.20000E-02 0.15000E+03 0.74111E+00 0.13890E+01 0.48649E-01 0.49964E-01 0.13458E+01 0.13458E+01 0.88906E+00   62
 0.32000E-02 0.15000E+03 0.46319E+00 0.12011E+01 0.32347E-01 0.31671E-01 0.12297E+01 0.12297E+01 -.88543E+00   62
 0.26000E-02 0.20000E+03 0.76011E+00 0.12857E+01 0.46020E-01 0.45949E-01 0.12881E+01 0.12881E+01 -.53380E-01   62
 0.32000E-02 0.20000E+03 0.61759E+00 0.12207E+01 0.39282E-01 0.38578E-01 0.12480E+01 0.12480E+01 -.69558E+00   62
 0.50000E-02 0.20000E+03 0.39526E+00 0.11029E+01 0.17996E-01 0.17892E-01 0.11114E+01 0.11114E+01 -.47290E+00   62
 0.13000E+00 0.20000E+03 0.15202E-01 0.35523E+00 0.16491E-01 0.15873E-01 0.37178E+00 0.37178E+00 -.10035E+01   62
 0.25000E+00 0.20000E+03 0.79051E-02 0.27287E+00 0.16505E-01 0.16767E-01 0.26771E+00 0.26771E+00 0.31228E+00   62
 0.40000E+00 0.20000E+03 0.49407E-02 0.13869E+00 0.12201E-01 0.11237E-01 0.15290E+00 0.15290E+00 -.11647E+01   62
 0.33000E-02 0.25000E+03 0.74859E+00 0.12467E+01 0.47993E-01 0.48402E-01 0.12334E+01 0.12334E+01 0.27707E+00   62
 0.50000E-02 0.25000E+03 0.49407E+00 0.11022E+01 0.31463E-01 0.30837E-01 0.11291E+01 0.11291E+01 -.85295E+00   62
 0.39000E-02 0.30000E+03 0.76011E+00 0.11845E+01 0.47134E-01 0.46958E-01 0.11903E+01 0.11903E+01 -.12296E+00   62
 0.50000E-02 0.30000E+03 0.59289E+00 0.11245E+01 0.42727E-01 0.42410E-01 0.11353E+01 0.11353E+01 -.25267E+00   62
 0.80000E-02 0.30000E+03 0.37055E+00 0.97062E+00 0.19337E-01 0.19067E-01 0.98955E+00 0.98955E+00 -.97854E+00   62
 0.53000E-02 0.40000E+03 0.74577E+00 0.11579E+01 0.47515E-01 0.49028E-01 0.11113E+01 0.11113E+01 0.98172E+00   62
 0.80000E-02 0.40000E+03 0.49407E+00 0.10229E+01 0.22378E-01 0.22663E-01 0.10047E+01 0.10047E+01 0.81214E+00   62
 0.66000E-02 0.50000E+03 0.74859E+00 0.10165E+01 0.46779E-01 0.45669E-01 0.10504E+01 0.10504E+01 -.72507E+00   62
 0.80000E-02 0.50000E+03 0.61759E+00 0.10286E+01 0.47935E-01 0.48699E-01 0.10064E+01 0.10064E+01 0.46278E+00   62
 0.13000E-01 0.50000E+03 0.38005E+00 0.88428E+00 0.32641E-01 0.33271E-01 0.86321E+00 0.86321E+00 0.64543E+00   62
 0.85000E-02 0.65000E+03 0.75564E+00 0.98585E+00 0.52810E-01 0.53084E-01 0.97907E+00 0.97907E+00 0.12847E+00   62
 0.13000E-01 0.65000E+03 0.49407E+00 0.85109E+00 0.20001E-01 0.19719E-01 0.86981E+00 0.86981E+00 -.93596E+00   62
 0.20000E-01 0.65000E+03 0.32115E+00 0.74474E+00 0.16415E-01 0.16388E-01 0.74671E+00 0.74671E+00 -.11983E+00   62
 0.10500E-01 0.80000E+03 0.75287E+00 0.94651E+00 0.57646E-01 0.58967E-01 0.91784E+00 0.91784E+00 0.49728E+00   62
 0.13000E-01 0.80000E+03 0.60809E+00 0.85043E+00 0.24536E-01 0.24214E-01 0.86825E+00 0.86825E+00 -.72643E+00   62
 0.20000E-01 0.80000E+03 0.39526E+00 0.75244E+00 0.22676E-01 0.22701E-01 0.75110E+00 0.75110E+00 0.58811E-01   62
 0.13000E-01 0.10000E+04 0.76011E+00 0.87116E+00 0.55019E-01 0.55672E-01 0.85634E+00 0.85634E+00 0.26933E+00   62
 0.20000E-01 0.10000E+04 0.49407E+00 0.73216E+00 0.37612E-01 0.36912E-01 0.75215E+00 0.75215E+00 -.53153E+00   62
 0.20000E-01 0.12000E+04 0.59289E+00 0.78558E+00 0.24462E-01 0.25174E-01 0.74876E+00 0.74876E+00 0.15051E+01   62
 0.32000E-01 0.12000E+04 0.37055E+00 0.64851E+00 0.20041E-01 0.20339E-01 0.63280E+00 0.63280E+00 0.78401E+00   62
 0.20000E-01 0.15000E+04 0.74111E+00 0.68871E+00 0.31386E-01 0.30115E-01 0.73721E+00 0.73721E+00 -.15452E+01   62
 0.32000E-01 0.15000E+04 0.46319E+00 0.62012E+00 0.24098E-01 0.23860E-01 0.63091E+00 0.63091E+00 -.44750E+00   62
 0.32000E-01 0.20000E+04 0.61759E+00 0.62390E+00 0.28827E-01 0.28900E-01 0.62128E+00 0.62128E+00 0.90890E-01   62
 0.50000E-01 0.20000E+04 0.39526E+00 0.50250E+00 0.22991E-01 0.22342E-01 0.52876E+00 0.52876E+00 -.11421E+01   62
 0.50000E-01 0.30000E+04 0.59289E+00 0.54041E+00 0.24395E-01 0.25186E-01 0.51209E+00 0.51209E+00 0.11610E+01   62
 0.80000E-01 0.30000E+04 0.37055E+00 0.41664E+00 0.20061E-01 0.19649E-01 0.43212E+00 0.43212E+00 -.77148E+00   62
 0.80000E-01 0.50000E+04 0.61759E+00 0.41906E+00 0.19786E-01 0.20294E-01 0.40097E+00 0.40097E+00 0.91433E+00   62
 0.13000E+00 0.50000E+04 0.38005E+00 0.34964E+00 0.19915E-01 0.20289E-01 0.33808E+00 0.33808E+00 0.58061E+00   62
 0.13000E+00 0.80000E+04 0.60809E+00 0.32109E+00 0.23448E-01 0.24316E-01 0.30043E+00 0.30043E+00 0.88098E+00   62
 0.18000E+00 0.80000E+04 0.43917E+00 0.29905E+00 0.22041E-01 0.23448E-01 0.26709E+00 0.26709E+00 0.14501E+01   62
 0.25000E+00 0.80000E+04 0.31621E+00 0.20802E+00 0.20172E-01 0.19640E-01 0.21828E+00 0.21828E+00 -.50897E+00   62
 0.18000E+00 0.12000E+05 0.65876E+00 0.29144E+00 0.27286E-01 0.31282E-01 0.22664E+00 0.22664E+00 0.23752E+01   62
 0.25000E+00 0.12000E+05 0.47431E+00 0.15364E+00 0.27653E-01 0.24340E-01 0.19460E+00 0.19460E+00 -.14815E+01   62
 0.25000E+00 0.20000E+05 0.79051E+00 0.96105E-01 0.26721E-01 0.21815E-01 0.14281E+00 0.14281E+00 -.17479E+01   62
 0.40000E+00 0.20000E+05 0.49407E+00 0.46933E-01 0.23961E-01 0.16977E-01 0.89217E-01 0.89217E-01 -.17646E+01   62
 0.40000E+00 0.30000E+05 0.74111E+00 0.85591E-01 0.28160E-01 0.32663E-01 0.65646E-01 0.65646E-01 0.70829E+00   62
 0.80000E-03 0.45000E+02 0.62361E+00 0.14926E+01 0.38952E-01 0.40468E-01 0.14209E+01 0.14209E+01 0.18397E+01   62
 0.13000E-02 0.60000E+02 0.51168E+00 0.14067E+01 0.22584E-01 0.23112E-01 0.13600E+01 0.13600E+01 0.20680E+01   62
 0.13000E-02 0.70000E+02 0.59696E+00 0.14530E+01 0.29552E-01 0.30547E-01 0.13805E+01 0.13805E+01 0.24552E+01   62
 0.20000E-02 0.70000E+02 0.38803E+00 0.12742E+01 0.24528E-01 0.24688E-01 0.12606E+01 0.12606E+01 0.55577E+00   62
 0.32000E-02 0.70000E+02 0.21616E+00 0.11029E+01 0.20550E-01 0.20484E-01 0.11088E+01 0.11088E+01 -.28704E+00   62
 0.50000E-02 0.70000E+02 0.13834E+00 0.99919E+00 0.17044E-01 0.17358E-01 0.96955E+00 0.96955E+00 0.17396E+01   62
 0.80000E-02 0.70000E+02 0.86462E-01 0.82433E+00 0.15046E-01 0.14881E-01 0.83955E+00 0.83955E+00 -.10121E+01   62
 0.13000E-01 0.70000E+02 0.53208E-01 0.72004E+00 0.15134E-01 0.15098E-01 0.72290E+00 0.72290E+00 -.18921E+00   62
 0.20000E-01 0.70000E+02 0.34585E-01 0.64031E+00 0.12832E-01 0.12904E-01 0.63456E+00 0.63456E+00 0.44809E+00   62
 0.32000E-01 0.70000E+02 0.21616E-01 0.56419E+00 0.13446E-01 0.13615E-01 0.55296E+00 0.55296E+00 0.83533E+00   62
 0.50000E-01 0.70000E+02 0.13834E-01 0.51282E+00 0.10784E-01 0.11172E-01 0.48840E+00 0.48840E+00 0.22642E+01   62
 0.20000E-02 0.90000E+02 0.49889E+00 0.12613E+01 0.28352E-01 0.27819E-01 0.13017E+01 0.13017E+01 -.14250E+01   62
 0.18000E+00 0.90000E+02 0.49407E-02 0.34375E+00 0.15801E-01 0.16208E-01 0.33284E+00 0.33284E+00 0.69015E+00   62
 0.20000E-02 0.12000E+03 0.66519E+00 0.13359E+01 0.34982E-01 0.35213E-01 0.13224E+01 0.13224E+01 0.38778E+00   62
 0.32000E-02 0.12000E+03 0.41574E+00 0.11864E+01 0.26260E-01 0.26147E-01 0.11947E+01 0.11947E+01 -.31435E+00   62
 0.32000E-02 0.20000E+03 0.69290E+00 0.11708E+01 0.54044E-01 0.52497E-01 0.12248E+01 0.12248E+01 -.99955E+00   62
 0.18000E+00 0.20000E+03 0.10979E-01 0.33141E+00 0.91231E-02 0.92702E-02 0.32487E+00 0.32487E+00 0.71617E+00   62
 0.18000E+00 0.25000E+03 0.13724E-01 0.32524E+00 0.73426E-02 0.73839E-02 0.32271E+00 0.32271E+00 0.34369E+00   62
 0.18000E+00 0.30000E+03 0.16469E-01 0.31829E+00 0.71312E-02 0.70915E-02 0.32098E+00 0.32098E+00 -.37649E+00   62
 0.13000E-01 0.40000E+03 0.34112E+00 0.85865E+00 0.26466E-01 0.26602E-01 0.85060E+00 0.85060E+00 0.30427E+00   62
 0.85000E-02 0.65000E+03 0.84779E+00 0.92153E+00 0.48527E-01 0.47478E-01 0.95587E+00 0.95587E+00 -.70761E+00   62
 0.14000E-01 0.12000E+04 0.95027E+00 0.87459E+00 0.48039E-01 0.50268E-01 0.80421E+00 0.80421E+00 0.14651E+01   62
 0.95100E-04 0.65000E+01 0.75735E+00 0.11650E+01 0.44940E-01 0.44547E-01 0.11779E+01 0.11779E+01 -.28553E+00   62
 0.50000E-02 0.65000E+01 0.12846E-01 0.58137E+00 0.90650E-02 0.89758E-02 0.58846E+00 0.58846E+00 -.78134E+00   62
 0.20000E-01 0.65000E+01 0.32115E-02 0.49685E+00 0.12657E-01 0.13534E-01 0.46154E+00 0.46154E+00 0.27894E+01   62
 0.13000E-03 0.10000E+02 0.85281E+00 0.11411E+01 0.72878E-01 0.67378E-01 0.12707E+01 0.12707E+01 -.17778E+01   62
 0.20000E-03 0.10000E+02 0.55432E+00 0.12484E+01 0.35584E-01 0.35283E-01 0.12631E+01 0.12631E+01 -.41454E+00   62
 0.32000E-03 0.10000E+02 0.30879E+00 0.11528E+01 0.27694E-01 0.27205E-01 0.11836E+01 0.11836E+01 -.11108E+01   62
 0.50000E-03 0.10000E+02 0.19763E+00 0.10687E+01 0.24400E-01 0.24168E-01 0.10835E+01 0.10835E+01 -.60580E+00   62
 0.80000E-03 0.10000E+02 0.12352E+00 0.98326E+00 0.23237E-01 0.23276E-01 0.98091E+00 0.98091E+00 0.10143E+00   62
 0.13000E-02 0.10000E+02 0.76011E-01 0.89832E+00 0.23127E-01 0.23409E-01 0.88227E+00 0.88227E+00 0.69390E+00   62
 0.20000E-02 0.10000E+02 0.49407E-01 0.80909E+00 0.22585E-01 0.22728E-01 0.80221E+00 0.80221E+00 0.30473E+00   62
 0.50000E-02 0.10000E+02 0.19763E-01 0.63288E+00 0.10278E-01 0.10008E-01 0.65565E+00 0.65565E+00 -.22153E+01   62
 0.20000E-01 0.10000E+02 0.49407E-02 0.51610E+00 0.10392E-01 0.10783E-01 0.49471E+00 0.49471E+00 0.20585E+01   62
 0.50000E-03 0.22000E+02 0.48780E+00 0.13419E+01 0.41303E-01 0.40991E-01 0.13577E+01 0.13577E+01 -.38249E+00   62
 0.80000E-03 0.22000E+02 0.27174E+00 0.12688E+01 0.30367E-01 0.30757E-01 0.12417E+01 0.12417E+01 0.89314E+00   62
 0.13000E-02 0.22000E+02 0.16722E+00 0.10712E+01 0.30484E-01 0.29853E-01 0.11049E+01 0.11049E+01 -.11056E+01   62
 0.20000E-02 0.22000E+02 0.10870E+00 0.10191E+01 0.29532E-01 0.30003E-01 0.99138E+00 0.99138E+00 0.93851E+00   62
 0.32000E-02 0.22000E+02 0.67935E-01 0.90587E+00 0.25814E-01 0.26301E-01 0.87867E+00 0.87867E+00 0.10534E+01   62
 0.50000E-02 0.22000E+02 0.43478E-01 0.77425E+00 0.20471E-01 0.20331E-01 0.78324E+00 0.78324E+00 -.43900E+00   62
 0.80000E-02 0.22000E+02 0.27174E-01 0.65991E+00 0.18408E-01 0.17850E-01 0.69461E+00 0.69461E+00 -.18851E+01   62
 0.13000E-01 0.22000E+02 0.16722E-01 0.59076E+00 0.17502E-01 0.16964E-01 0.61506E+00 0.61506E+00 -.13886E+01   62
 0.32000E-01 0.22000E+02 0.67935E-02 0.52338E+00 0.14052E-01 0.14589E-01 0.49910E+00 0.49910E+00 0.17278E+01   62
 0.80000E-03 0.27000E+02 0.37417E+00 0.12963E+01 0.35064E-01 0.34965E-01 0.13026E+01 0.13026E+01 -.17714E+00   62
 0.14000E-01 0.12000E+04 0.84698E+00 0.83766E+00 0.36478E-01 0.36855E-01 0.82507E+00 0.82507E+00 0.34507E+00   62
          63
 CC cross section HERA-I H1-ZEUS combined e-p.                                   
 x           Q2          y              data      +- uncor     +- tot     th orig         th mod     pull    iset
 0.13000E-01 0.30000E+03 0.22803E+00 0.39264E+00 0.34420E+00 0.24267E+00 0.75398E+00 0.75398E+00 -.10498E+01   63
 0.32000E-01 0.30000E+03 0.92638E-01 0.28592E+00 0.65375E-01 0.69046E-01 0.25948E+00 0.25948E+00 0.40447E+00   63
 0.80000E-01 0.30000E+03 0.37055E-01 0.63219E-01 0.31874E-01 0.27766E-01 0.81836E-01 0.81836E-01 -.58407E+00   63
 0.13000E-01 0.50000E+03 0.38005E+00 0.47724E+00 0.16753E+00 0.14104E+00 0.64618E+00 0.64618E+00 -.10084E+01   63
 0.32000E-01 0.50000E+03 0.15440E+00 0.24895E+00 0.44659E-01 0.45750E-01 0.23829E+00 0.23829E+00 0.23879E+00   63
 0.80000E-01 0.50000E+03 0.61759E-01 0.76379E-01 0.15415E-01 0.15423E-01 0.76310E-01 0.76310E-01 0.44617E-02   63
 0.13000E+00 0.50000E+03 0.38005E-01 0.54540E-01 0.13951E-01 0.16322E-01 0.40385E-01 0.40385E-01 0.10146E+01   63
 0.32000E-01 0.10000E+04 0.30879E+00 0.16901E+00 0.27345E-01 0.25627E-01 0.19017E+00 0.19017E+00 -.77405E+00   63
 0.80000E-01 0.10000E+04 0.12352E+00 0.62763E-01 0.88926E-02 0.87665E-02 0.64393E-01 0.64393E-01 -.18331E+00   63
 0.13000E+00 0.10000E+04 0.76011E-01 0.34436E-01 0.61209E-02 0.61405E-02 0.34230E-01 0.34230E-01 0.33631E-01   63
 0.25000E+00 0.10000E+04 0.39526E-01 0.14022E-01 0.51819E-02 0.54564E-02 0.12734E-01 0.12734E-01 0.24866E+00   63
 0.32000E-01 0.20000E+04 0.61759E+00 0.13119E+00 0.20872E-01 0.21376E-01 0.12556E+00 0.12556E+00 0.26942E+00   63
 0.80000E-01 0.20000E+04 0.24704E+00 0.56724E-01 0.70153E-02 0.77527E-02 0.47158E-01 0.47158E-01 0.13636E+01   63
 0.13000E+00 0.20000E+04 0.15202E+00 0.19690E-01 0.49035E-02 0.42742E-02 0.25566E-01 0.25566E-01 -.11983E+01   63
 0.25000E+00 0.20000E+04 0.79051E-01 0.86111E-02 0.23920E-02 0.22701E-02 0.94977E-02 0.94977E-02 -.37067E+00   63
 0.80000E-01 0.30000E+04 0.37055E+00 0.33305E-01 0.35963E-02 0.34612E-02 0.35719E-01 0.35719E-01 -.67130E+00   63
 0.13000E+00 0.30000E+04 0.22803E+00 0.21125E-01 0.23451E-02 0.24324E-02 0.19772E-01 0.19772E-01 0.57672E+00   63
 0.25000E+00 0.30000E+04 0.11858E+00 0.74619E-02 0.10326E-02 0.10379E-02 0.73903E-02 0.73903E-02 0.69307E-01   63
 0.40000E+00 0.30000E+04 0.74111E-01 0.24630E-02 0.71130E-03 0.70919E-03 0.24760E-02 0.24760E-02 -.18230E-01   63
 0.80000E-01 0.50000E+04 0.61759E+00 0.19486E-01 0.28846E-02 0.26688E-02 0.22298E-01 0.22298E-01 -.97490E+00   63
 0.13000E+00 0.50000E+04 0.38005E+00 0.12902E-01 0.15071E-02 0.15179E-02 0.12735E-01 0.12735E-01 0.11130E+00   63
 0.25000E+00 0.50000E+04 0.19763E+00 0.42901E-02 0.62628E-03 0.58780E-03 0.48389E-02 0.48389E-02 -.87624E+00   63
 0.40000E+00 0.50000E+04 0.12352E+00 0.18950E-02 0.34322E-03 0.37532E-03 0.16089E-02 0.16089E-02 0.83357E+00   63
 0.13000E+00 0.80000E+04 0.60809E+00 0.80232E-02 0.10525E-02 0.10929E-02 0.75033E-02 0.75033E-02 0.49398E+00   63
 0.25000E+00 0.80000E+04 0.31621E+00 0.38028E-02 0.39452E-03 0.45596E-03 0.29087E-02 0.29087E-02 0.22664E+01   63
 0.40000E+00 0.80000E+04 0.19763E+00 0.10542E-02 0.20259E-03 0.21250E-03 0.96413E-03 0.96413E-03 0.44461E+00   63
 0.25000E+00 0.15000E+05 0.59289E+00 0.13275E-02 0.22852E-03 0.23865E-03 0.12322E-02 0.12322E-02 0.41712E+00   63
 0.40000E+00 0.15000E+05 0.37055E+00 0.37240E-03 0.95867E-04 0.91261E-04 0.40796E-03 0.40796E-03 -.37093E+00   63
 0.13000E-01 0.10000E+04 0.76011E+00 0.70812E+00 0.16638E+00 0.22159E+00 0.45005E+00 0.45005E+00 0.15511E+01   63
 0.32000E-01 0.15000E+04 0.46319E+00 0.15532E+00 0.31169E-01 0.31442E-01 0.15309E+00 0.15309E+00 0.71605E-01   63
 0.80000E-01 0.15000E+04 0.18528E+00 0.54930E-01 0.80127E-02 0.80185E-02 0.54855E-01 0.54855E-01 0.93233E-02   63
 0.13000E+00 0.15000E+04 0.11402E+00 0.32142E-01 0.56623E-02 0.59282E-02 0.29430E-01 0.29430E-01 0.47904E+00   63
 0.25000E+00 0.15000E+04 0.59289E-01 0.10184E-01 0.25581E-02 0.24686E-02 0.10922E-01 0.10922E-01 -.28849E+00   63
 0.40000E+00 0.30000E+05 0.74111E+00 0.10600E-03 0.65890E-04 0.59286E-04 0.12995E-03 0.12995E-03 -.36345E+00   63
          64
 CC cross section HERA-I H1-ZEUS combined e+p.                                   
 x           Q2          y              data      +- uncor     +- tot     th orig         th mod     pull    iset
 0.13000E-01 0.30000E+03 0.22803E+00 0.69466E+00 0.65988E-01 0.68503E-01 0.65248E+00 0.65248E+00 0.63924E+00   64
 0.32000E-01 0.30000E+03 0.92638E-01 0.21045E+00 0.17976E-01 0.17970E-01 0.21058E+00 0.21058E+00 -.69821E-02   64
 0.80000E-01 0.30000E+03 0.37055E-01 0.46553E-01 0.59529E-02 0.52629E-02 0.58143E-01 0.58143E-01 -.19470E+01   64
 0.13000E-01 0.50000E+03 0.38005E+00 0.50500E+00 0.46473E-01 0.45050E-01 0.53230E+00 0.53230E+00 -.58732E+00   64
 0.32000E-01 0.50000E+03 0.15440E+00 0.16800E+00 0.12960E-01 0.12226E-01 0.18682E+00 0.18682E+00 -.14523E+01   64
 0.80000E-01 0.50000E+03 0.61759E-01 0.50902E-01 0.39743E-02 0.38936E-02 0.52881E-01 0.52881E-01 -.49786E+00   64
 0.13000E+00 0.50000E+03 0.38005E-01 0.24190E-01 0.30385E-02 0.29859E-02 0.24987E-01 0.24987E-01 -.26239E+00   64
 0.32000E-01 0.10000E+04 0.30879E+00 0.13859E+00 0.74192E-02 0.75132E-02 0.13548E+00 0.13548E+00 0.41883E+00   64
 0.80000E-01 0.10000E+04 0.12352E+00 0.43406E-01 0.25336E-02 0.25832E-02 0.41867E-01 0.41867E-01 0.60732E+00   64
 0.13000E+00 0.10000E+04 0.76011E-01 0.21252E-01 0.17719E-02 0.18246E-02 0.20124E-01 0.20124E-01 0.63662E+00   64
 0.25000E+00 0.10000E+04 0.39526E-01 0.70246E-02 0.89203E-03 0.98274E-03 0.58822E-02 0.58822E-02 0.12807E+01   64
 0.32000E-01 0.20000E+04 0.61759E+00 0.80587E-01 0.64319E-02 0.68498E-02 0.72422E-01 0.72422E-01 0.12694E+01   64
 0.80000E-01 0.20000E+04 0.24704E+00 0.25076E-01 0.21277E-02 0.20505E-02 0.26755E-01 0.26755E-01 -.78897E+00   64
 0.13000E+00 0.20000E+04 0.15202E+00 0.14584E-01 0.14407E-02 0.15012E-02 0.13569E-01 0.13569E-01 0.70409E+00   64
 0.25000E+00 0.20000E+04 0.79051E-01 0.41787E-02 0.61686E-03 0.62267E-03 0.41097E-02 0.41097E-02 0.11185E+00   64
 0.80000E-01 0.30000E+04 0.37055E+00 0.19199E-01 0.10133E-02 0.10682E-02 0.17474E-01 0.17474E-01 0.17015E+01   64
 0.13000E+00 0.30000E+04 0.22803E+00 0.93922E-02 0.65045E-03 0.64909E-03 0.94287E-02 0.94287E-02 -.56047E-01   64
 0.25000E+00 0.30000E+04 0.11858E+00 0.28415E-02 0.27304E-03 0.26524E-03 0.29988E-02 0.29988E-02 -.57607E+00   64
 0.13000E+00 0.50000E+04 0.38005E+00 0.48181E-02 0.36812E-03 0.36812E-03 0.48183E-02 0.48183E-02 -.61566E-03   64
 0.25000E+00 0.50000E+04 0.19763E+00 0.17484E-02 0.15560E-03 0.15694E-03 0.17208E-02 0.17208E-02 0.17742E+00   64
 0.13000E+00 0.80000E+04 0.60809E+00 0.17461E-02 0.22805E-03 0.21394E-03 0.19502E-02 0.19502E-02 -.89498E+00   64
 0.25000E+00 0.80000E+04 0.31621E+00 0.80800E-03 0.93649E-04 0.91820E-04 0.83703E-03 0.83703E-03 -.30997E+00   64
 0.40000E+00 0.80000E+04 0.19763E+00 0.22230E-03 0.51424E-04 0.47364E-04 0.25701E-03 0.25701E-03 -.67498E+00   64
 0.25000E+00 0.15000E+05 0.59289E+00 0.11980E-03 0.36399E-04 0.27215E-04 0.20332E-03 0.20332E-03 -.22945E+01   64
 0.40000E+00 0.15000E+05 0.37055E+00 0.11250E-03 0.17957E-04 0.22000E-04 0.78715E-04 0.78715E-04 0.18815E+01   64
 0.40000E+00 0.30000E+04 0.74111E-01 0.73090E-03 0.16198E-03 0.15299E-03 0.81308E-03 0.81308E-03 -.50736E+00   64
 0.80000E-01 0.50000E+04 0.61759E+00 0.82584E-02 0.76125E-03 0.77590E-03 0.79751E-02 0.79751E-02 0.37214E+00   64
 0.40000E+00 0.50000E+04 0.12352E+00 0.46230E-03 0.81809E-04 0.79566E-04 0.48690E-03 0.48690E-03 -.30073E+00   64
 0.13000E-01 0.10000E+04 0.76011E+00 0.32284E+00 0.37237E-01 0.37005E-01 0.32642E+00 0.32642E+00 -.96131E-01   64
 0.32000E-01 0.15000E+04 0.46319E+00 0.96051E-01 0.78654E-02 0.77755E-02 0.98185E-01 0.98185E-01 -.27122E+00   64
 0.80000E-01 0.15000E+04 0.18528E+00 0.31202E-01 0.25457E-02 0.24603E-02 0.33368E-01 0.33368E-01 -.85119E+00   64
 0.13000E+00 0.15000E+04 0.11402E+00 0.15616E-01 0.16886E-02 0.16447E-02 0.16447E-01 0.16447E-01 -.49216E+00   64
 0.25000E+00 0.15000E+04 0.59289E-01 0.55510E-02 0.66502E-03 0.71012E-03 0.48810E-02 0.48810E-02 0.10075E+01   64
 0.80000E-02 0.30000E+03 0.37055E+00 0.13636E+01 0.24027E+00 0.26902E+00 0.11006E+01 0.11006E+01 0.10946E+01   64
