m_{t} [GeV]
163.1069966156475	1.462561060904674	-0.2866625342053756
ax^2+bx+c	0.4674852069107661	-152.5002170903076	12436.63967648954
163.1069968200852	6.317729344118561e-07	0	-0.2865988215162361
ax^3+bx^2+cx+d	0	0.4674852069107661	-152.5002170903076	12436.63967648954
163.2085424397107	1.524154974345151	1.575896038659238	0.003778889018576592
ax^4+bx^3+cx^2+dx+e	5.59758762768541e-05	-0.02757020499537117	4.969557936465009	-392.3796099684374	11807.26660691216
160	4.003688908575761
162	0.5940221477029002
164	0.2708596458639732
166	3.451054085349097
168	10.58337032211038
170	22.15265778054687
