m_{t} [GeV]
163.1683544332067	1.460629709695444	-0.2849537820190925
ax^2+bx+c	0.4687273743115545	-152.9629493397124	12479.07146570742
163.1683542311825	1.908429680952395e-08	0	-0.28495393249068
ax^3+bx^2+cx+d	0	0.4687273743115545	-152.9629493397124	12479.07146570742
163.2770400006417	1.518818000444753	1.569962701243639	-0.0003192542062606663
ax^4+bx^3+cx^2+dx+e	5.598929576791012e-05	-0.02756964836105243	4.968332131767625	-392.3146928111366	11817.37977938639
160	4.197578041000945
162	0.6629433574774725
164	0.2240769269682597
166	3.298272769142176
168	10.3347584433062
170	21.81882838555917
