m_{t} [GeV]
163.2366487421178	1.462740254965778	-0.2820944878817612
ax^2+bx+c	0.4673749822198497	-152.5854513694666	12453.48675099942
163.2366486628432	1.5967813737916e-07	3.325254738228978e-08	-0.2820937951146334
ax^3+bx^2+cx+d	0	0.4673749822198497	-152.5854513694666	12453.48675099942
163.3533969481022	1.51751842640914	1.568529534494843	-0.004872557183261961
ax^4+bx^3+cx^2+dx+e	5.602674414327212e-05	-0.02760082742840752	4.976295169441961	-393.1374969147296	11848.53584323362
160	4.391458094754875
162	0.7404994195634843
164	0.174968824601679
166	3.111836521172631
168	9.999997102191404
170	21.3244846301174
