m_{t} [GeV]
163.4946528107544	1.465724070436683	-0.2677587719461368
ax^2+bx+c	0.4654741038702842	-152.2050523621748	12442.08819930235
163.4946510579061	0	0	-0.2677620446702349
ax^3+bx^2+cx+d	0	0.4654741038702842	-152.2050523621748	12442.08819930235
163.6383476706112	1.507457510427088	1.557475073323189	-0.02184387835586676
ax^4+bx^3+cx^2+dx+e	5.593161226871646e-05	-0.02753168815266295	4.955712723468704	-390.5298821653213	11738.18190076056
160	5.19410622146393
162	1.080153077483973
164	0.03596690681493776
166	2.478756676028884
168	8.857904839080437
170	19.65852402200801
