m_{t} [GeV]
164.3260114490324	1.47951156294785	-0.1843827003141781
ax^2+bx+c	0.4568388957439265	-150.1410238484102	12335.85315094217
164.3260077702944	3.158055221774703e-07	1.595889244754289e-06	-0.1843735884667694
ax^3+bx^2+cx+d	0	0.4568388957439265	-150.1410238484102	12335.85315094217
164.5235345427778	1.481104289300561	1.528286262300497	-0.07372789538931102
ax^4+bx^3+cx^2+dx+e	5.531539922816597e-05	-0.02718969034541448	4.87846372679416	-382.6822433219925	11466.10208223556
160	8.143814277507962
162	2.593240957990677
164	0.04772802606614706
166	0.9218365458931104
168	5.661791958380066
170	14.74922643357447
