m_{t} [GeV]
163.5709543341442	1.464744273617488	-0.2619377758083712
ax^2+bx+c	0.4661049447442324	-152.4824350522516	12470.58431542264
163.5709269024892	1.645707925490569e-08	1.811279020103029e-06	-0.2622512355774234
ax^3+bx^2+cx+d	0	0.4661049447442324	-152.4824350522516	12470.58431542264
163.7212432195743	1.502555706753157	1.552018819822564	-0.02674130358354887
ax^4+bx^3+cx^2+dx+e	5.570908712905681e-05	-0.02738337904945409	4.919286079811976	-386.6930271316069	11595.43153311993
160	5.458469576310201
162	1.196156289635349
164	0.008400442496034957
166	2.312767371019246
168	8.558558193708867
170	19.2309090360737
