m_{t} [GeV]
163.2847645157923	1.460416359793372	-0.2802568472225398
ax^2+bx+c	0.4688627713098334	-153.1162897519776	12500.49803717347
163.2847606858289	2.498892968105793e-07	1.654490517921658e-07	-0.2802406133432669
ax^3+bx^2+cx+d	0	0.4688627713098334	-153.1162897519776	12500.49803717347
163.4065384525897	1.512541444969202	1.562998403759764	-0.008046913149883039
ax^4+bx^3+cx^2+dx+e	5.590972386784264e-05	-0.02751213466950806	4.952998481144865	-390.6309915029798	11757.45933245387
160	4.555722555077312
162	0.801906729187156
164	0.1445486535543183
166	3.001227100636494
168	9.821432923699152
170	21.09061807378114
