m_{t} [GeV]
163.2233886326622	1.462361876976788	-0.2827092459344451
ax^2+bx+c	0.4676168667764284	-152.6520165950605	12457.90679521956
163.2233868769304	0	1.429172016287339e-07	-0.2827110626385547
ax^3+bx^2+cx+d	0	0.4676168667764284	-152.6520165950605	12457.90679521956
163.338627875317	1.517798937643306	1.568862450191432	-0.003990439523477107
ax^4+bx^3+cx^2+dx+e	5.589930775597548e-05	-0.02751465833761042	4.954703546921368	-390.7470662042882	11749.3423807765
160	4.35325503792372
162	0.7250826050527392
164	0.1840743400533349
166	3.147365408104224
168	10.0639871387985
170	21.41894628139866
