m_{t} [GeV]
162.804980817928	1.453709797517368	-0.2897371495729397
ax^2+bx+c	0.4732043207787464	-154.080036620445	12542.20861995528
162.8049758733672	9.672884857536701e-07	5.624994514619175e-08	-0.2897483436317998
ax^3+bx^2+cx+d	0	0.4732043207787464	-154.080036620445	12542.20861995528
162.8652174709494	1.530587048116786	1.582894918097509	0.02428875437180977
ax^4+bx^3+cx^2+dx+e	5.561785816612643e-05	-0.02731862668593596	4.909237763224543	-386.281383537695	11579.11956352126
160	3.210436490881459
162	0.3251963116799963
164	0.5709455243331515
166	4.365520449022227
168	12.15844943065601
170	24.43501894722459
