m_{t} [GeV]
163.1903324535444	1.461393339409436	-0.2840854507621351
ax^2+bx+c	0.4682368566584015	-152.8234567954386	12469.3712863018
163.1903327589635	1.431206158031273e-07	1.641902258597838e-08	-0.2840893886186677
ax^3+bx^2+cx+d	0	0.4682368566584015	-152.8234567954386	12469.3712863018
163.3016641139108	1.518495731772674	1.569602586446365	-0.001787102686648723
ax^4+bx^3+cx^2+dx+e	5.59404716701744e-05	-0.02753947413051403	4.960882111594731	-391.4657075109932	11780.7277838069
160	4.259000601859829
162	0.6873488051611502
164	0.2076691126718074
166	3.237184018319135
168	10.22503343492564
170	21.65636946962808
