m_{t} [GeV]
163.1860548551691	1.460945316716364	-0.284271147985952
ax^2+bx+c	0.4685236364219012	-152.9130401409454	12476.35297915723
163.1860457669684	5.877402031728707e-08	0	-0.2842849288226716
ax^3+bx^2+cx+d	0	0.4685236364219012	-152.9130401409454	12476.35297915723
163.2968298965114	1.518230926379658	1.569313715541256	-0.001498907622590195
ax^4+bx^3+cx^2+dx+e	5.594723443836043e-05	-0.02754277423161408	4.961697559657733	-391.5817559373229	11787.49511973981
160	4.248892606729918
162	0.6828256059892089
164	0.2109452539696863
166	3.250522718075949
168	10.25075628793535
170	21.696857001771
