m_{t} [GeV]
163.5941833419519	1.469433140021653	-0.260098677524737
ax^2+bx+c	0.4631256592404044	-151.5293044468956	12394.39430095317
163.5941582700975	7.714006358128245e-07	7.148523195610323e-08	-0.2601778224488953
ax^3+bx^2+cx+d	0	0.4631256592404044	-151.5293044468956	12394.39430095317
163.7472659645154	1.506313143361268	1.556255871744014	-0.02827697711472865
ax^4+bx^3+cx^2+dx+e	5.623489143667561e-05	-0.027742579123627	5.008206425482385	-396.1767776386571	11963.20463782903
160	5.499963411154002
162	1.224438492112902
164	0.0007614080369713477
166	2.245537191234942
168	8.407452679488623
170	18.97148317729341
