m_{t} [GeV]
163.078763519498	1.461970000856682	-0.2875293928235859
ax^2+bx+c	0.4678500744845885	-152.5927486524139	12442.02497637607
163.078683356837	2.090610280447436e-07	8.959889896686946e-08	-0.2873215061226801
ax^3+bx^2+cx+d	0	0.4678500744845885	-152.5927486524139	12442.02497637607
163.176642081509	1.525028419160492	1.576849950980233	0.005679939640685916
ax^4+bx^3+cx^2+dx+e	5.608482272457534e-05	-0.02764283222845919	4.988073925051429	-394.4877718520488	11896.56608339684
160	3.92457494053574
162	0.5647367551274386
164	0.2944895268630514
166	3.530400808740483
168	10.72141220864292
170	22.35225039813452
