m_{t} [GeV]
163.2006695974842	1.46123668565595	-0.2837267897115515
ax^2+bx+c	0.4683372802653678	-152.8659149889352	12473.62607158764
163.2006696069294	0	2.00956520757245e-07	-0.2837312811789161
ax^3+bx^2+cx+d	0	0.4683372802653678	-152.8659149889352	12473.62607158764
163.313177029248	1.517787087689186	1.568819162411927	-0.002475555171258748
ax^4+bx^3+cx^2+dx+e	5.594885199203647e-05	-0.02754379134109792	4.961750401397488	-391.5595597068378	11785.73937277085
160	4.291290505191179
162	0.6994636940734414
164	0.2003275155653915
166	3.211160308730739
168	10.18115569454881
170	21.59553372826088
