m_{t} [GeV]
163.3664083330638	1.462930746953038	-0.2759467030797031
ax^2+bx+c	0.4672466862303356	-152.6648136498503	12469.87428746371
163.3663952728713	0	1.643664404582523e-08	-0.2758567655819206
ax^3+bx^2+cx+d	0	0.4672466862303356	-152.6648136498503	12469.87428746371
163.497151555867	1.51103015224578	1.561387739355922	-0.0134452449856326
ax^4+bx^3+cx^2+dx+e	5.575897710430181e-05	-0.02741630273011227	4.928574161605207	-387.7711045077914	11631.64650095107
160	4.796451631266959
162	0.9046464915062992
164	0.09657572789221495
166	2.789717563554427
168	9.433433328336491
170	20.51285044936459
