m_{t} [GeV]
163.2275241941927	1.462661225544778	-0.2825489293450908
ax^2+bx+c	0.4674254807171566	-152.5934051833926	12453.43909302255
163.2275213607866	0	0	-0.282551408312429
ax^3+bx^2+cx+d	0	0.4674254807171566	-152.5934051833926	12453.43909302255
163.3432649641955	1.517921772320051	1.568993388695674	-0.004269305936759338
ax^4+bx^3+cx^2+dx+e	5.607972133232592e-05	-0.02763345116399874	4.983839155266045	-393.9057258560177	11877.20656569653
160	4.363898180234227
162	0.7296754970999939
164	0.1811457349121068
166	3.135339985005156
168	10.04128250451823
170	21.38414347261222
