m_{t} [GeV]
163.3337078241711	1.464175903327228	-0.2776906947804751
ax^2+bx+c	0.4664584614206385	-152.3768331749267	12443.8634285937
163.3337644182172	5.622777621283603e-07	4.738552661365247e-08	-0.2774803872016491
ax^3+bx^2+cx+d	0	0.4664584614206385	-152.3768331749267	12443.8634285937
163.4612825011694	1.514033227783557	1.564709451399551	-0.01130286060651997
ax^4+bx^3+cx^2+dx+e	5.606512580768922e-05	-0.02762434595294602	4.980749631613896	-393.4701251762186	11859.19281618023
160	4.684073012850697
162	0.8602065366268421
164	0.1143282496125504
166	2.863453497682749
168	9.556583120252824
170	20.6788493285164
