m_{t} [GeV]
163.0593552870752	1.459313034405647	-0.2879369328255356
ax^2+bx+c	0.4695745364172379	-153.1370176787398	12484.92161039115
163.0593290169856	1.070841790351551e-06	4.034336598124355e-08	-0.2880660453120072
ax^3+bx^2+cx+d	0	0.4695745364172379	-153.1370176787398	12484.92161039115
163.154607391333	1.52312999322433	1.57471813976278	0.006996984950092155
ax^4+bx^3+cx^2+dx+e	5.585970147242985e-05	-0.027484773885473	4.948339174203157	-390.2150160668854	11730.22285204586
160	3.884147896398276
162	0.5469351399818375
164	0.3122647232629878
166	3.597466579339479
168	10.85177001253157
170	22.56031734801825
