m_{t} [GeV]
163.1642470115634	1.460326236058953	-0.2851435010171333
ax^2+bx+c	0.4689187520454295	-153.0215447354597	12483.53703210527
163.1642412287416	0	3.283287242084043e-08	-0.2850858454312402
ax^3+bx^2+cx+d	0	0.4689187520454295	-153.0215447354597	12483.53703210527
163.2724060222517	1.518700188656027	1.569825183129979	-4.134610207984224e-05
ax^4+bx^3+cx^2+dx+e	5.580906056129173e-05	-0.02745099692493421	4.939237361744042	-389.1611530449897	11689.7517674892
160	4.187149121510427
162	0.6585898114426976
164	0.2272721895296289
166	3.310591930197973
168	10.35778380780325
170	21.85397693009142
