m_{t} [GeV]
162.9620948051416	1.457584291599663	-0.2895881620339157
ax^2+bx+c	0.4706893332016949	-153.4090536970398	12499.64192554441
162.9621099591901	0	0	-0.289608986759049
ax^3+bx^2+cx+d	0	0.4706893332016949	-153.4090536970398	12499.64192554441
163.0445891245256	1.52639962065723	1.578308638023003	0.01357520309829852
ax^4+bx^3+cx^2+dx+e	5.581945525573685e-05	-0.02745876352058911	4.94315415226907	-389.8093331621197	11717.62081685833
160	3.617508285294437
162	0.4541335216747699
164	0.4022245163758786
166	3.879157802289414
168	11.33407879220488
170	23.25212210015071
