m_{t} [GeV]
163.1879652337975	1.460094153025363	-0.28430438717136
ax^2+bx+c	0.4690699840941454	-153.0931442739647	12491.19435970675
163.1879576225669	0	1.084322519773195e-06	-0.2843206818633917
ax^3+bx^2+cx+d	0	0.4690699840941454	-153.0931442739647	12491.19435970675
163.2988636358862	1.51721720940688	1.568180609015258	-0.001622356910957024
ax^4+bx^3+cx^2+dx+e	5.595126190849489e-05	-0.0275419008422461	4.961153583028285	-391.5458260612218	11789.46643062877
160	4.260027479183652
162	0.6858037530347203
164	0.2098825400215768
166	3.249705982299451
168	10.25464050762706
170	21.71006741850229
