m_{t} [GeV]
163.205654701234	1.462043414562016	-0.2834683296573994
ax^2+bx+c	0.4678206686993894	-152.7019581008403	12460.62815431387
163.2056558889189	1.292153228860116e-07	1.894204615382478e-08	-0.283455608141594
ax^3+bx^2+cx+d	0	0.4678206686993894	-152.7019581008403	12460.62815431387
163.3188356022759	1.518393069852863	1.569503568521014	-0.002811844424286392
ax^4+bx^3+cx^2+dx+e	5.594084207886642e-05	-0.02754118833383852	4.961253937967732	-391.4708719893963	11778.85625366009
160	4.301283251654781
162	0.7045194694948232
164	0.1965024603522137
166	3.194389564788913
168	10.14724166554817
170	21.54014849363001
