m_{t} [GeV]
163.2032471778301	1.462180638399382	-0.2835380066226796
ax^2+bx+c	0.4677325916274139	-152.6709484042117	12457.91313255738
163.2032384986809	5.314529971656157e-07	1.332693955191644e-07	-0.2835506921801425
ax^3+bx^2+cx+d	0	0.4677325916274139	-152.6709484042117	12457.91313255738
163.3161648909888	1.518670876854458	1.569816794657044	-0.002653201059729327
ax^4+bx^3+cx^2+dx+e	5.596886276813906e-05	-0.0275597181713335	4.965760190298193	-391.9460555424765	11797.05189624928
160	4.293042145075081
162	0.7015688368982644
164	0.198151070942734
166	3.199930508912605
168	10.1559578610728
170	21.55134850374571
