m_{t} [GeV]
163.1551668323776	1.460252541387939	-0.2855568880881196
ax^2+bx+c	0.4689693459374597	-153.0295256847726	12483.49195301256
163.1551482220442	2.060667156911222e-07	5.274668524180015e-08	-0.2854698455939797
ax^3+bx^2+cx+d	0	0.4689693459374597	-153.0295256847726	12483.49195301256
163.262258608793	1.519107111228493	1.570289283802566	0.0005636745772790164
ax^4+bx^3+cx^2+dx+e	5.586245235510009e-05	-0.02748388776955771	4.946845924993563	-389.9363220190294	11718.70275550726
160	4.160268382406808
162	0.6484525569787748
164	0.234143759866051
166	3.334798225667302
168	10.39978164128206
170	21.91435868399561
