m_{t} [GeV]
162.9006225020415	1.457314130984193	-0.2898255994468617
ax^2+bx+c	0.4708625516177068	-153.4075948804375	12494.80563947127
162.9006094335648	2.943832896562526e-06	5.76188199374883e-08	-0.289843354255936
ax^3+bx^2+cx+d	0	0.4708625516177068	-153.4075948804375	12494.80563947127
162.9746666887223	1.529412558397695	1.581612791200399	0.01777009828219889
ax^4+bx^3+cx^2+dx+e	5.598055503156065e-05	-0.02756829241054023	4.971224150103215	-392.9626960872677	11846.45052180836
160	3.449107982780823
162	0.3999960375840343
164	0.4640023954688768
166	4.058341638155991
168	11.63186150140435
170	23.6697810047158
