m_{t} [GeV]
163.4319966808589	1.465447218297958	-0.2718117658628671
ax^2+bx+c	0.4656497791130057	-152.2041467240821	12437.24203030293
163.4319976608513	0	0	-0.271804737381899
ax^3+bx^2+cx+d	0	0.4656497791130057	-152.2041467240821	12437.24203030293
163.5696643265042	1.510342222754616	1.560665278172763	-0.01775250379432691
ax^4+bx^3+cx^2+dx+e	5.607075640835935e-05	-0.0276267624080776	4.980217183145467	-393.2924316223547	11850.90639384715
160	4.990209239999469
162	0.9909953136045972
164	0.06321962132381065
166	2.623925511472219
168	9.122218302995577
170	20.04325963435064
