m_{t} [GeV]
163.2403956634394	1.462019069351767	-0.2819948963683354
ax^2+bx+c	0.4678352664792397	-152.7392145308777	12466.3217655793
163.2403812567628	6.105022407609795e-07	4.610528776538558e-07	-0.2820408615771157
ax^3+bx^2+cx+d	0	0.4678352664792397	-152.7392145308777	12466.3217655793
163.3574804103044	1.516553736745351	1.567460509606207	-0.005117120257636998
ax^4+bx^3+cx^2+dx+e	5.590997491757794e-05	-0.02752007082793735	4.955858358949485	-390.8929208355517	11758.34895745567
160	4.407549490128377
162	0.7457223454484231
164	0.1726939521985538
166	3.105670266829138
168	9.993761380622399
170	21.32205850897908
