m_{t} [GeV]
163.2013631911076	1.461595341539297	-0.2836541503677827
ax^2+bx+c	0.4681074154206297	-152.7915359942292	12467.60976834626
163.201360918336	1.877223212432e-07	1.92756232308966e-07	-0.2836586882076517
ax^3+bx^2+cx+d	0	0.4681074154206297	-152.7915359942292	12467.60976834626
163.3139898432829	1.518135541585849	1.569208064845526	-0.002523452320019715
ax^4+bx^3+cx^2+dx+e	5.594897642748508e-05	-0.02754539312056997	4.962293087483571	-391.61150240231	11786.6366113059
160	4.291122871680569
162	0.6999335671574483
164	0.1997052083061115
166	3.207643981134546
168	10.17286904756488
170	21.5805291540513
