m_{t} [GeV]
163.2306665430886	1.462078105685614	-0.2824172569679821
ax^2+bx+c	0.4677983634824509	-152.7180718380393	12463.8534486399
163.2306606267302	1.64230584687175e-08	0	-0.2824304948462668
ax^3+bx^2+cx+d	0	0.4677983634824509	-152.7180718380393	12463.8534486399
163.3466820981054	1.517113606315121	1.568093008148765	-0.004471180203836411
ax^4+bx^3+cx^2+dx+e	5.586807185926299e-05	-0.02749322833838744	4.94938042557507	-390.1856469154692	11728.50479130069
160	4.37736423222904
162	0.7340176171208654
164	0.1792175596387229
166	3.130150824910366
168	10.03590135450602
170	21.38148089419701
