m_{t} [GeV]
163.1756456321226	1.460992564015758	-0.2846522366762095
ax^2+bx+c	0.4684924216002469	-152.8930924039267	12473.92870329296
163.1756303517608	2.197594994868268e-08	7.246236464197864e-07	-0.2846601742603525
ax^3+bx^2+cx+d	0	0.4684924216002469	-152.8930924039267	12473.92870329296
163.285214242391	1.518831891123739	1.569981257198123	-0.0008025114511838183
ax^4+bx^3+cx^2+dx+e	5.592042504320255e-05	-0.02752518661315622	4.957340516085262	-391.0890266802231	11765.69793851339
160	4.217156291074647
162	0.670882415684664
164	0.2185387734762896
166	3.277415567360019
168	10.29670053519665
170	21.76158419983938
