m_{t} [GeV]
163.3331124757599	1.463689833499488	-0.2777417768854055
ax^2+bx+c	0.4667684521489797	-152.4775411409665	12452.04247706481
163.3331698364358	0	0	-0.2775358645194501
ax^3+bx^2+cx+d	0	0.4667684521489797	-152.4775411409665	12452.04247706481
163.4605511597515	1.513538250558469	1.564157817323206	-0.01125974230672
ax^4+bx^3+cx^2+dx+e	5.602934419618334e-05	-0.02759987280700847	4.974791312561923	-392.858210539964	11837.02878826039
160	4.68558687450876
162	0.8599965372760815
164	0.1147922817111174
166	2.867064795702945
168	9.565848197874951
170	20.69629433118577
