m_{t} [GeV]
163.0587889705563	1.458830088898116	-0.2881639132840802
ax^2+bx+c	0.4698839864695569	-153.2374567107825	12493.07132883657
163.0588199839393	0	0	-0.2881042105709639
ax^3+bx^2+cx+d	0	0.4698839864695569	-153.2374567107825	12493.07132883657
163.1539730411524	1.522630898597072	1.574145190414441	0.007032859677565284
ax^4+bx^3+cx^2+dx+e	5.582370360702477e-05	-0.02746018608109735	4.942358889492515	-389.6012406551076	11707.99536287262
160	3.885520520333829
162	0.5467720751417033
164	0.3129611450408061
166	3.601492769293981
168	10.8616267747243
170	22.5785249152156
