m_{t} [GeV]
163.1130877064315	1.460581482754607	-0.2865049424061655
ax^2+bx+c	0.4687541243017715	-152.9198014725995	12471.31865045988
163.1130206882878	0	0	-0.2866486142193025
ax^3+bx^2+cx+d	0	0.4687541243017715	-152.9198014725995	12471.31865045988
163.215064762323	1.521691910633024	1.573129184271778	0.003385707037523389
ax^4+bx^3+cx^2+dx+e	5.613169801203361e-05	-0.02766591904016259	4.992747596119457	-395.0156215295683	11925.32815584552
160	4.033283503794558
162	0.602011314752807
164	0.2669470306886079
166	3.445189806446906
168	10.58582807300959
170	22.17417855256232
