m_{t} [GeV]
163.278933185682	1.46240388640952	-0.280293100773098
ax^2+bx+c	0.4675899230260303	-152.6951611488101	12465.6706702532
163.2789245569364	1.344351858278969e-06	6.303395139184431e-08	-0.2803105611965293
ax^3+bx^2+cx+d	0	0.4675899230260303	-152.6951611488101	12465.6706702532
163.4003524865539	1.514956769292667	1.565714616011093	-0.007673160478589125
ax^4+bx^3+cx^2+dx+e	5.575744166977281e-05	-0.02741868867879551	4.930349297906213	-388.0514483628892	11641.56486310809
160	4.524177945570678
162	0.7925280676321574
164	0.1475967603167836
166	3.006718224393184
168	9.819063304554401
170	21.06962080860186
