m_{t} [GeV]
163.1959868643716	1.461475956232212	-0.2836150642547916
ax^2+bx+c	0.4681721370978568	-152.8074968008872	12468.490549423
163.1958466939107	0	3.288201071427466e-07	-0.2838757797835569
ax^3+bx^2+cx+d	0	0.4681721370978568	-152.8074968008872	12468.490549423
163.3078339941645	1.518309008666847	1.569411844103087	-0.00215532961738063
ax^4+bx^3+cx^2+dx+e	5.594337063555465e-05	-0.02754154031501438	4.96136652868047	-391.5142939621641	11782.67980960892
160	4.275045958982793
162	0.6936252842034929
164	0.2036711280226615
166	3.222397859114234
168	10.19893499259951
170	21.61843296848564
