m_{t} [GeV]
162.8255183381874	1.458247268723547	-0.2897303083346075
ax^2+bx+c	0.4702400902523869	-153.1341243834075	12466.77810544798
162.8254652810462	2.271812292065079e-06	1.638255753277917e-08	-0.2895355132623081
ax^3+bx^2+cx+d	0	0.4702400902523869	-153.1341243834075	12466.77810544798
162.8889813538428	1.534612373716243	1.587432295602412	0.02290721856115852
ax^4+bx^3+cx^2+dx+e	5.617904423487858e-05	-0.0277002677347609	5.0035008752776	-396.3334061489456	11969.76177426608
160	3.241879269051265
162	0.3387281453330734
164	0.543939125757243
166	4.274376901256956
168	11.97903629397788
170	24.1430824241695
