m_{t} [GeV]
163.5506340200332	1.468731792618001	-0.2631586924764112
ax^2+bx+c	0.4635713431694082	-151.634713909086	12399.70844461049
163.5505685547909	0	0	-0.2634265410233638
ax^3+bx^2+cx+d	0	0.4635713431694082	-151.634713909086	12399.70844461049
163.699715573817	1.507760264821229	1.557829499224908	-0.02547046315157786
ax^4+bx^3+cx^2+dx+e	5.613428265083386e-05	-0.02767853896459106	4.993389406678077	-394.6681385145972	11904.62273405705
160	5.358154753675425
162	1.158706580406332
164	0.01482854131313358
166	2.342995340318602
168	8.591892845351705
170	19.24622035144406
