m_{t} [GeV]
163.252065536309	1.463634930527954	-0.2810891241813708
ax^2+bx+c	0.4668023903734205	-152.4128291999377	12440.5667034224
163.2519795462089	0	3.453849899415218e-07	-0.2813855016484013
ax^3+bx^2+cx+d	0	0.4668023903734205	-152.4128291999377	12440.5667034224
163.3705707876248	1.517680884794629	1.56873718333523	-0.005906649894313887
ax^4+bx^3+cx^2+dx+e	5.603547220847248e-05	-0.02760830343064313	4.977997232346284	-393.2617039172277	11849.77902331991
160	4.43265125501182
162	0.7580678764507409
164	0.1645262173270041
166	3.068731020304064
168	9.919713259746374
170	21.20225779159344
