m_{t} [GeV]
163.13398754196	1.46174683018441	-0.2860787077825619
ax^2+bx+c	0.4679959331858563	-152.6920249040939	12454.3385365938
163.133922819881	0	0	-0.2859676181506074
ax^3+bx^2+cx+d	0	0.4679959331858563	-152.6920249040939	12454.3385365938
163.2386632026221	1.52186944998644	1.573368337473681	0.001975494422367774
ax^4+bx^3+cx^2+dx+e	5.603048558542123e-05	-0.02760103553935992	4.976407869200122	-393.1266238690519	11842.00778366709
160	4.087768995980549
162	0.6236839819659256
164	0.2498376778840468
166	3.383295189666848
168	10.47307337946383
170	22.00430651754742
