m_{t} [GeV]
163.1399401919763	1.459358003863592	-0.2860242509700429
ax^2+bx+c	0.4695420755386325	-153.2021280051403	12496.40664359351
163.1399356966888	0	1.328640081510457e-06	-0.2860108288186893
ax^3+bx^2+cx+d	0	0.4695420755386325	-153.2021280051403	12496.40664359351
163.2451174445856	1.518943518948987	1.570076381058414	0.001594236106029712
ax^4+bx^3+cx^2+dx+e	5.585555412044243e-05	-0.02747767548592982	4.945470588068614	-389.849533242504	11719.06064696348
160	4.120421998336361
162	0.6323562150066709
164	0.2461874363412792
166	3.379640688697257
168	10.48193165672059
170	22.03858300043931
