m_{t} [GeV]
163.0969518264232	1.460585521788426	-0.2869467904140496
ax^2+bx+c	0.4687828765389325	-152.9142303487299	12469.64469647531
163.0970738288509	0	5.334355535069335e-07	-0.2870210511118785
ax^3+bx^2+cx+d	0	0.4687828765389325	-152.9142303487299	12469.64469647531
163.1971667270595	1.522462453286437	1.573990876550056	0.004453832356375642
ax^4+bx^3+cx^2+dx+e	5.586702518337508e-05	-0.02749352412429175	4.950682355570527	-390.4435675774371	11737.94962192613
160	3.986808494145586
162	0.5851134460511562
164	0.2799148592182757
166	3.488346181816973
168	10.65944898592048
170	22.2781856344353
