m_{t} [GeV]
163.3131886365986	1.460993645932944	-0.2789712919682532
ax^2+bx+c	0.4684970440945685	-153.0235507877898	12495.1079503382
163.3132509193519	1.110038851948048e-07	8.215198192829121e-07	-0.2788353768282832
ax^3+bx^2+cx+d	0	0.4684970440945685	-153.0235507877898	12495.1079503382
163.4381975966762	1.511682791230101	1.562078683971379	-0.009919809868733864
ax^4+bx^3+cx^2+dx+e	5.579508467707379e-05	-0.02743559695579841	4.933476009104085	-388.4078679064029	11663.25181251251
160	4.64122335119609
162	0.8374485807855527
164	0.127030149168158
166	2.927827142905722
168	9.689182594363238
170	20.89665623323456
