m_{t} [GeV]
163.2577726008653	1.461249124853941	-0.2811420096591981
ax^2+bx+c	0.4683494912477573	-152.9234519556603	12482.69482935312
163.2578407074513	2.73513876436482e-07	4.744964883229841e-07	-0.2813428491008381
ax^3+bx^2+cx+d	0	0.4683494912477573	-152.9234519556603	12482.69482935312
163.376773016547	1.514773444859088	1.565488433916641	-0.00626779007143341
ax^4+bx^3+cx^2+dx+e	5.585525408008128e-05	-0.02748137308609637	4.946157335597774	-389.8835652331421	11722.61332276915
160	4.466714464382877
162	0.7677334964612111
164	0.1614539071329653
166	3.065242715605348
168	9.928340382127633
170	21.23591475776569
