m_{t} [GeV]
163.1513224387827	1.460981856961636	-0.2854136099519839
ax^2+bx+c	0.468508997321522	-152.8757859954989	12470.66282103303
163.1513875444241	3.664353300791845e-07	3.813639182226325e-08	-0.285483777657646
ax^3+bx^2+cx+d	0	0.468508997321522	-152.8757859954989	12470.66282103303
163.2581141994866	1.520076825675744	1.571365206486121	0.0008126105021801777
ax^4+bx^3+cx^2+dx+e	5.597830173981352e-05	-0.02756401906019602	4.967123423754147	-392.1629143222744	11808.13265445461
160	4.144656029829616
162	0.6436216041381655
164	0.2367208447374149
166	3.341177253767318
168	10.40613951232703
170	21.91681769264003
