m_{t} [GeV]
163.2704795929386	1.46199279668321	-0.2807649797083526
ax^2+bx+c	0.4678527056593379	-152.773070561443	12471.3854332853
163.2704791883213	0	0	-0.2807591114451498
ax^3+bx^2+cx+d	0	0.4678527056593379	-152.773070561443	12471.3854332853
163.3909190761296	1.514966655444113	1.565711383820002	-0.007113197665603366
ax^4+bx^3+cx^2+dx+e	5.594017467434007e-05	-0.027537673445304	4.95965514374734	-391.2789585262224	11775.31899603309
160	4.500640811140835
162	0.7824612066996075
164	0.1530636092719493
166	3.029750082834518
168	9.861736237061068
170	21.13425078523209
