m_{t} [GeV]
163.1213670225993	1.460999029716437	-0.2863579971043571
ax^2+bx+c	0.468491677756389	-152.8420261839336	12465.61543200401
163.1213889257984	0	4.656222358789819e-07	-0.2863529992901022
ax^3+bx^2+cx+d	0	0.468491677756389	-152.8420261839336	12465.61543200401
163.2245059287321	1.521683068356737	1.573131778268333	0.00282221871020738
ax^4+bx^3+cx^2+dx+e	5.594700837977876e-05	-0.02754569822737174	4.96314991169796	-391.7576231475464	11790.38511540325
160	4.055510620175903
162	0.6107128266640007
164	0.2600672736988827
166	3.420699817338911
168	10.54165468258009
170	22.10800365842658
