m_{t} [GeV]
163.2949603748222	1.462447783912809	-0.2796235886278897
ax^2+bx+c	0.4675610294547565	-152.700720558761	12467.34953476722
163.2949614314799	0	1.605025090611889e-07	-0.2796035916817345
ax^3+bx^2+cx+d	0	0.4675610294547565	-152.700720558761	12467.34953476722
163.4181409050358	1.514186057419352	1.564878490032243	-0.008733442635275424
ax^4+bx^3+cx^2+dx+e	5.602067190184511e-05	-0.02759020795083206	4.972216640731791	-392.6038263613669	11828.22337751306
160	4.57382144355895
162	0.8125220719445074
164	0.1376584829854026
166	2.96652290733229
168	9.748334897762939
170	20.96842912260013
