m_{t} [GeV]
163.2037520960444	1.462897016333867	-0.2834192509276204
ax^2+bx+c	0.4672749394498968	-152.5220472955429	12445.80181812767
163.2037527642712	4.575072125589941e-07	1.85837620847451e-08	-0.2834237913339166
ax^3+bx^2+cx+d	0	0.4672749394498968	-152.5220472955429	12445.80181812767
163.3168139432946	1.519407169807835	1.570638735559157	-0.002689109009224921
ax^4+bx^3+cx^2+dx+e	5.593718430829315e-05	-0.02754231197718483	4.961862008281138	-391.5141453560067	11777.20180064453
160	4.290092081106359
162	0.7014962664248896
164	0.1975367734293482
166	3.195199642075219
168	10.14337732096874
170	21.5269889966531
