m_{t} [GeV]
162.8471058492874	1.454363763112583	-0.2904172859618419
ax^2+bx+c	0.4727634001133929	-153.9763154021385	12537.00950086792
162.8471190671439	0	1.207738932862412e-06	-0.2901817705169378
ax^3+bx^2+cx+d	0	0.4727634001133929	-153.9763154021385	12537.00950086792
162.9135016483636	1.529077923468407	1.581252998900311	0.02140729180246126
ax^4+bx^3+cx^2+dx+e	5.574811231554662e-05	-0.02740216771585601	4.928869101576193	-388.3188148796521	11659.4756677608
160	3.319089903525684
162	0.357463602337742
164	0.5231446304466016
166	4.234100163005821
168	11.93983867067882
170	24.12596665103345
