m_{t} [GeV]
163.223484073001	1.46195850709319	-0.2827509564745348
ax^2+bx+c	0.4678749431458119	-152.7363541033201	12464.79696914404
163.2234813228065	6.299889889760379e-07	1.507607407802425e-07	-0.2827527596455184
ax^3+bx^2+cx+d	0	0.4678749431458119	-152.7363541033201	12464.79696914404
163.3386843815374	1.517360256962633	1.568374173649744	-0.003995119579485618
ax^4+bx^3+cx^2+dx+e	5.592614096055033e-05	-0.02753086652829312	4.958600745378123	-391.1906927986059	11769.36058781429
160	4.356148005905146
162	0.7255829354192207
164	0.1841501065877954
166	3.149039775909064
168	10.06935230124923
170	21.43018834079254
