m_{t} [GeV]
162.1187856641066	1.444058462297128	-0.2455529894979592
ax^2+bx+c	0.479536841471363	-155.4838001655167	12603.17198081092
162.1187224156853	0	8.768761574629025e-07	-0.2455375039990031
ax^3+bx^2+cx+d	0	0.479536841471363	-155.4838001655167	12603.17198081092
162.0586344040427	1.559036719950086	1.614644558262285	0.07253908568964107
ax^4+bx^3+cx^2+dx+e	5.658564653773879e-05	-0.02790191685200286	5.046184416952167	-400.538412119339	12107.78895326204
160	1.682877151201579
162	0.07125720522333208
164	1.637713570529419
166	6.802116380759222
168	16.01658438148499
170	29.76980556495713
