m_{t} [GeV]
163.1610962581154	1.460900968165247	-0.2853852214805111
ax^2+bx+c	0.4685458756483563	-152.8969083983471	12473.12767450059
163.1610866301646	3.712980856107606e-08	0	-0.285182577532396
ax^3+bx^2+cx+d	0	0.4685458756483563	-152.8969083983471	12473.12767450059
163.268950355209	1.519511466731615	1.570730229608756	0.0001637972600292414
ax^4+bx^3+cx^2+dx+e	5.601881336052159e-05	-0.0275899394404147	4.973372217440485	-392.8448713053381	11836.92617067799
160	4.173992551966387
162	0.6545026149051094
164	0.2293977382065946
166	3.31592157493037
168	10.36324835279089
170	21.85666826151922
