m_{t} [GeV]
163.1884715947696	1.460807556014451	-0.2841774703006261
ax^2+bx+c	0.4686117812413332	-152.9440714538334	12479.06968072016
163.1884618418456	2.991839664900908e-08	8.211796398427396e-08	-0.2841945234176819
ax^3+bx^2+cx+d	0	0.4686117812413332	-152.9440714538334	12479.06968072016
163.2995002876411	1.517955239475526	1.568998587720046	-0.001657700340729207
ax^4+bx^3+cx^2+dx+e	5.592049511778745e-05	-0.0275250920486042	4.957401617687603	-391.1297661167468	11770.25871972855
160	4.257089303188998
162	0.6857320957344818
164	0.2092535032489273
166	3.244940153701796
168	10.24200053929569
170	21.68561988933562
