m_{t} [GeV]
163.0262472801424	1.46006331038477	-0.2883940282646564
ax^2+bx+c	0.4690969761991166	-152.9502570126512	12467.16609498967
163.0262649689892	9.506896105904161e-07	2.314936295988446e-07	-0.2885610738958349
ax^3+bx^2+cx+d	0	0.4690969761991166	-152.9502570126512	12467.16609498967
163.1173728935154	1.525704940385879	1.577558595320994	0.009234872777597047
ax^4+bx^3+cx^2+dx+e	5.613814399491657e-05	-0.0276735221512777	4.995800861752214	-395.4352865004109	11940.98050200771
160	3.784930841977519
162	0.5133509113507403
164	0.3409610813245652
166	3.684710582110399
168	10.99350275915453
170	22.75252169702072
