m_{t} [GeV]
163.1910235483743	1.46175203303279	-0.2840134604019378
ax^2+bx+c	0.4680070493999895	-152.7490989451752	12463.35689261708
163.19102428195	0	1.182065716420766e-07	-0.284017533838778
ax^3+bx^2+cx+d	0	0.4680070493999895	-152.7490989451752	12463.35689261708
163.3024853609418	1.518833750093506	1.570002812188363	-0.001834878268709872
ax^4+bx^3+cx^2+dx+e	5.593859021257804e-05	-0.02753975225409025	4.961097362673505	-391.4816654964048	11780.14269304242
160	4.258833629179467
162	0.6878141270684677
164	0.2070375030702407
166	3.233654127276471
168	10.21672940387869
170	21.64134413483148
