m_{t} [GeV]
163.2160954418576	1.461994134488574	-0.2830227870034306
ax^2+bx+c	0.4678518292678411	-152.7218883405205	12463.05134833807
163.2160866893971	2.042321511908085e-07	6.074625389373978e-07	-0.2830447297947103
ax^3+bx^2+cx+d	0	0.4678518292678411	-152.7218883405205	12463.05134833807
163.330444422316	1.517790582079158	1.568839159302939	-0.003507443361741025
ax^4+bx^3+cx^2+dx+e	5.596813822655636e-05	-0.0275590993592776	4.965691489504681	-391.9725011852369	11801.02242696716
160	4.333348501017517
162	0.7167913917795943
164	0.1892375427851887
166	3.167824453226944
168	10.10162392432107
170	21.47574605062465
