m_{t} [GeV]
163.1682231928796	1.461032132813096	-0.2849215747631791
ax^2+bx+c	0.4684692891786821	-152.8786244619125	12472.18359252528
163.1682460427305	1.641683411435224e-08	0	-0.2849114090568037
ax^3+bx^2+cx+d	0	0.4684692891786821	-152.8786244619125	12472.18359252528
163.2769597543683	1.519263743877389	1.570447576122092	-0.0003135607985313982
ax^4+bx^3+cx^2+dx+e	5.596136657046673e-05	-0.02755271857304479	4.964256794055124	-391.8515388629785	11796.56022346021
160	4.194740640539574
162	0.6624675788653871
164	0.2239947860082404
166	3.296561018650906
168	10.32932483324436
170	21.80748658120187
