    1   'Adbar'    0.101692    0.010000
    2   'Adv'    1.000000    0.000000
    3   'Ag'    1.000000    0.000000
    4   'Agp'    1.393581    0.010000
    5   'Aubar'    0.000000    0.000000
    6   'Auv'    1.000000    0.000000
    7   'Bdbar'   -0.172385    0.004000
    8   'Bdv'    0.820427    0.060000
    9   'Bg'   -0.198201    0.270000
   10   'Bgp'   -0.273000    0.010000
   11   'Bubar'    0.000000    0.000000
   12   'Buv'    0.678261    0.016000
   13   'Cdbar'    5.825632    1.234500
   14   'Cdv'    4.266412    0.300000
   15   'Cg'    8.142429    0.320000
   16   'Cgp'   25.000000    0.000000
   17   'Cubar'    8.268980    0.800000
   18   'Cuv'    4.872811    0.060000
   19   'Dubar'   13.944063    1.000000
   20   'Duv'    0.000000    0.000000
   21   'Euv'   14.650936    0.800000
   22   'ZERO'    0.000000    0.000000
   23   'fs'    0.400000    0.000000
