    1   'Ag'    1.000000    0.000000
    2   'Bg'   -0.198201    0.270000
    3   'Duv'    0.000000    0.000000
    4   'ZERO'    0.000000    0.000000
    5   'Cg'    8.142429    0.320000
    6   'Bgp'   -0.273000    0.010000
    7   'Agp'    0.495745    0.010000
    8   'Cgp'   25.000000    0.000000
    9   'Euv'   14.650936    0.800000
   10   'Auv'    1.000000    0.000000
   11   'Buv'    0.678261    0.016000
   12   'Cuv'    4.872811    0.060000
   13   'Adv'    1.000000    0.000000
   14   'Aubar'    0.000000    0.000000
   15   'Bdv'    0.820427    0.060000
   16   'Cdv'    4.266412    0.300000
   17   'Bubar'    0.000000    0.000000
   18   'Cubar'    8.268980    0.800000
   19   'Dubar'   13.944063    1.000000
   20   'Adbar'    0.101692    0.010000
   21   'Bdbar'   -0.172385    0.004000
   22   'Cdbar'    5.825632    1.234500
   23   'mbt'    4.049000    0.001000
   24   'mch'    1.290000    0.001000
   25   'fs'    0.400000    0.000000
