           1
          66
 str100 CC e-p                                                                   
 x           Q2          y              data      +- uncor     +- tot     th orig         th mod   therr+         therr-     pull    iset       iplot
 0.10000E-03 0.10000E+03 0.59520E+00 0.23102E+01 0.97490E-01 0.97490E-01 0.29332E+01 0.29332E+01 0.00000E+00 0.00000E+00 -.63908E+01   66 999/0.00000E+00
 0.25000E-03 0.10000E+03 0.23810E+00 0.27699E+01 0.99993E-01 0.99993E-01 0.33139E+01 0.33139E+01 0.00000E+00 0.00000E+00 -.54403E+01   66 999/0.00000E+00
 0.35000E-03 0.10000E+03 0.17010E+00 0.27271E+01 0.94903E-01 0.94903E-01 0.32028E+01 0.32028E+01 0.00000E+00 0.00000E+00 -.50120E+01   66 999/0.00000E+00
 0.50000E-03 0.10000E+03 0.11900E+00 0.26024E+01 0.89523E-01 0.89523E-01 0.30034E+01 0.30034E+01 0.00000E+00 0.00000E+00 -.44794E+01   66 999/0.00000E+00
 0.10000E-02 0.10000E+03 0.59500E-01 0.22306E+01 0.69818E-01 0.69818E-01 0.25028E+01 0.25028E+01 0.00000E+00 0.00000E+00 -.38983E+01   66 999/0.00000E+00
 0.25000E-02 0.10000E+03 0.23800E-01 0.16677E+01 0.60204E-01 0.60204E-01 0.18194E+01 0.18194E+01 0.00000E+00 0.00000E+00 -.25195E+01   66 999/0.00000E+00
 0.35000E-02 0.10000E+03 0.17000E-01 0.14685E+01 0.53600E-01 0.53600E-01 0.15896E+01 0.15896E+01 0.00000E+00 0.00000E+00 -.22591E+01   66 999/0.00000E+00
 0.50000E-02 0.10000E+03 0.11900E-01 0.12675E+01 0.48545E-01 0.48545E-01 0.13630E+01 0.13630E+01 0.00000E+00 0.00000E+00 -.19676E+01   66 999/0.00000E+00
 0.10000E-01 0.10000E+03 0.60000E-02 0.91340E+00 0.36445E-01 0.36445E-01 0.97417E+00 0.97417E+00 0.00000E+00 0.00000E+00 -.16676E+01   66 999/0.00000E+00
 0.12000E-01 0.10000E+03 0.50000E-02 0.82841E+00 0.33468E-01 0.33468E-01 0.88286E+00 0.88286E+00 0.00000E+00 0.00000E+00 -.16270E+01   66 999/0.00000E+00
 0.18000E-01 0.10000E+03 0.33000E-02 0.64774E+00 0.29084E-01 0.29084E-01 0.69527E+00 0.69527E+00 0.00000E+00 0.00000E+00 -.16341E+01   66 999/0.00000E+00
 0.25000E-01 0.10000E+03 0.24000E-02 0.51556E+00 0.27479E-01 0.27479E-01 0.55829E+00 0.55829E+00 0.00000E+00 0.00000E+00 -.15551E+01   66 999/0.00000E+00
 0.25000E-03 0.18000E+03 0.42860E+00 0.25304E+01 0.93119E-01 0.93119E-01 0.30215E+01 0.30215E+01 0.00000E+00 0.00000E+00 -.52743E+01   66 999/0.00000E+00
 0.35000E-03 0.18000E+03 0.30610E+00 0.26428E+01 0.89855E-01 0.89855E-01 0.30942E+01 0.30942E+01 0.00000E+00 0.00000E+00 -.50235E+01   66 999/0.00000E+00
 0.50000E-03 0.18000E+03 0.21430E+00 0.26324E+01 0.87659E-01 0.87659E-01 0.30262E+01 0.30262E+01 0.00000E+00 0.00000E+00 -.44922E+01   66 999/0.00000E+00
 0.10000E-02 0.18000E+03 0.10710E+00 0.23620E+01 0.72041E-01 0.72041E-01 0.26368E+01 0.26368E+01 0.00000E+00 0.00000E+00 -.38149E+01   66 999/0.00000E+00
 0.25000E-02 0.18000E+03 0.42900E-01 0.18004E+01 0.59053E-01 0.59053E-01 0.19527E+01 0.19527E+01 0.00000E+00 0.00000E+00 -.25783E+01   66 999/0.00000E+00
 0.35000E-02 0.18000E+03 0.30600E-01 0.15873E+01 0.52222E-01 0.52222E-01 0.17077E+01 0.17077E+01 0.00000E+00 0.00000E+00 -.23063E+01   66 999/0.00000E+00
 0.50000E-02 0.18000E+03 0.21400E-01 0.13691E+01 0.45180E-01 0.45180E-01 0.14628E+01 0.14628E+01 0.00000E+00 0.00000E+00 -.20749E+01   66 999/0.00000E+00
 0.10000E-01 0.18000E+03 0.10700E-01 0.98132E+00 0.33070E-01 0.33070E-01 0.10393E+01 0.10393E+01 0.00000E+00 0.00000E+00 -.17534E+01   66 999/0.00000E+00
 0.12000E-01 0.18000E+03 0.89000E-02 0.88815E+00 0.31085E-01 0.31085E-01 0.93981E+00 0.93981E+00 0.00000E+00 0.00000E+00 -.16620E+01   66 999/0.00000E+00
 0.18000E-01 0.18000E+03 0.60000E-02 0.69133E+00 0.24680E-01 0.24680E-01 0.73586E+00 0.73586E+00 0.00000E+00 0.00000E+00 -.18041E+01   66 999/0.00000E+00
 0.25000E-01 0.18000E+03 0.43000E-02 0.54818E+00 0.20776E-01 0.20776E-01 0.58789E+00 0.58789E+00 0.00000E+00 0.00000E+00 -.19115E+01   66 999/0.00000E+00
 0.25000E-03 0.32000E+03 0.76190E+00 0.19894E+01 0.16492E+00 0.16492E+00 0.23811E+01 0.23811E+01 0.00000E+00 0.00000E+00 -.23752E+01   66 999/0.00000E+00
 0.35000E-03 0.32000E+03 0.54420E+00 0.22461E+01 0.81533E-01 0.81533E-01 0.26309E+01 0.26309E+01 0.00000E+00 0.00000E+00 -.47199E+01   66 999/0.00000E+00
 0.50000E-03 0.32000E+03 0.38100E+00 0.24105E+01 0.80511E-01 0.80511E-01 0.27668E+01 0.27668E+01 0.00000E+00 0.00000E+00 -.44256E+01   66 999/0.00000E+00
 0.10000E-02 0.32000E+03 0.19050E+00 0.23630E+01 0.71363E-01 0.71363E-01 0.26282E+01 0.26282E+01 0.00000E+00 0.00000E+00 -.37165E+01   66 999/0.00000E+00
 0.25000E-02 0.32000E+03 0.76200E-01 0.18859E+01 0.59029E-01 0.59029E-01 0.20355E+01 0.20355E+01 0.00000E+00 0.00000E+00 -.25344E+01   66 999/0.00000E+00
 0.35000E-02 0.32000E+03 0.54400E-01 0.16733E+01 0.53546E-01 0.53546E-01 0.17911E+01 0.17911E+01 0.00000E+00 0.00000E+00 -.21991E+01   66 999/0.00000E+00
 0.50000E-02 0.32000E+03 0.38100E-01 0.14479E+01 0.45174E-01 0.45174E-01 0.15388E+01 0.15388E+01 0.00000E+00 0.00000E+00 -.20113E+01   66 999/0.00000E+00
 0.10000E-01 0.32000E+03 0.19000E-01 0.10377E+01 0.32584E-01 0.32584E-01 0.10924E+01 0.10924E+01 0.00000E+00 0.00000E+00 -.16798E+01   66 999/0.00000E+00
 0.12000E-01 0.32000E+03 0.15900E-01 0.93797E+00 0.30109E-01 0.30109E-01 0.98652E+00 0.98652E+00 0.00000E+00 0.00000E+00 -.16126E+01   66 999/0.00000E+00
 0.18000E-01 0.32000E+03 0.10600E-01 0.72810E+00 0.24100E-01 0.24100E-01 0.76955E+00 0.76955E+00 0.00000E+00 0.00000E+00 -.17199E+01   66 999/0.00000E+00
 0.25000E-01 0.32000E+03 0.76000E-02 0.57559E+00 0.19570E-01 0.19570E-01 0.61236E+00 0.61236E+00 0.00000E+00 0.00000E+00 -.18787E+01   66 999/0.00000E+00
 0.40000E-01 0.32000E+03 0.48000E-02 0.38354E+00 0.14038E-01 0.14038E-01 0.41639E+00 0.41639E+00 0.00000E+00 0.00000E+00 -.23399E+01   66 999/0.00000E+00
 0.50000E-03 0.56000E+03 0.66670E+00 0.19318E+01 0.89442E-01 0.89442E-01 0.22237E+01 0.22237E+01 0.00000E+00 0.00000E+00 -.32632E+01   66 999/0.00000E+00
 0.10000E-02 0.56000E+03 0.33330E+00 0.21768E+01 0.67263E-01 0.67263E-01 0.24174E+01 0.24174E+01 0.00000E+00 0.00000E+00 -.35765E+01   66 999/0.00000E+00
 0.25000E-02 0.56000E+03 0.13330E+00 0.18988E+01 0.59622E-01 0.59622E-01 0.20421E+01 0.20421E+01 0.00000E+00 0.00000E+00 -.24033E+01   66 999/0.00000E+00
 0.35000E-02 0.56000E+03 0.95200E-01 0.17098E+01 0.53004E-01 0.53004E-01 0.18229E+01 0.18229E+01 0.00000E+00 0.00000E+00 -.21334E+01   66 999/0.00000E+00
 0.50000E-02 0.56000E+03 0.66700E-01 0.14939E+01 0.47357E-01 0.47357E-01 0.15808E+01 0.15808E+01 0.00000E+00 0.00000E+00 -.18342E+01   66 999/0.00000E+00
 0.10000E-01 0.56000E+03 0.33300E-01 0.10788E+01 0.34845E-01 0.34845E-01 0.11301E+01 0.11301E+01 0.00000E+00 0.00000E+00 -.14717E+01   66 999/0.00000E+00
 0.12000E-01 0.56000E+03 0.27800E-01 0.97544E+00 0.31799E-01 0.31799E-01 0.10207E+01 0.10207E+01 0.00000E+00 0.00000E+00 -.14237E+01   66 999/0.00000E+00
 0.18000E-01 0.56000E+03 0.18500E-01 0.75682E+00 0.24521E-01 0.24521E-01 0.79519E+00 0.79519E+00 0.00000E+00 0.00000E+00 -.15647E+01   66 999/0.00000E+00
 0.25000E-01 0.56000E+03 0.13300E-01 0.59728E+00 0.20248E-01 0.20248E-01 0.63119E+00 0.63119E+00 0.00000E+00 0.00000E+00 -.16750E+01   66 999/0.00000E+00
 0.40000E-01 0.56000E+03 0.83000E-02 0.39658E+00 0.13960E-01 0.13960E-01 0.42704E+00 0.42704E+00 0.00000E+00 0.00000E+00 -.21817E+01   66 999/0.00000E+00
 0.55000E-01 0.56000E+03 0.61000E-02 0.28118E+00 0.10825E-01 0.10825E-01 0.30996E+00 0.30996E+00 0.00000E+00 0.00000E+00 -.26583E+01   66 999/0.00000E+00
 0.10000E-02 0.10000E+04 0.59520E+00 0.17550E+01 0.57037E-01 0.57037E-01 0.19544E+01 0.19544E+01 0.00000E+00 0.00000E+00 -.34963E+01   66 999/0.00000E+00
 0.25000E-02 0.10000E+04 0.23810E+00 0.17964E+01 0.57305E-01 0.57305E-01 0.19281E+01 0.19281E+01 0.00000E+00 0.00000E+00 -.22984E+01   66 999/0.00000E+00
 0.35000E-02 0.10000E+04 0.17010E+00 0.16686E+01 0.51226E-01 0.51226E-01 0.17740E+01 0.17740E+01 0.00000E+00 0.00000E+00 -.20582E+01   66 999/0.00000E+00
 0.50000E-02 0.10000E+04 0.11900E+00 0.14906E+01 0.47252E-01 0.47252E-01 0.15719E+01 0.15719E+01 0.00000E+00 0.00000E+00 -.17212E+01   66 999/0.00000E+00
 0.10000E-01 0.10000E+04 0.59500E-01 0.11001E+01 0.34433E-01 0.34433E-01 0.11476E+01 0.11476E+01 0.00000E+00 0.00000E+00 -.13790E+01   66 999/0.00000E+00
 0.12000E-01 0.10000E+04 0.49600E-01 0.99745E+00 0.32018E-01 0.32018E-01 0.10392E+01 0.10392E+01 0.00000E+00 0.00000E+00 -.13042E+01   66 999/0.00000E+00
 0.18000E-01 0.10000E+04 0.33100E-01 0.77651E+00 0.24848E-01 0.24848E-01 0.81170E+00 0.81170E+00 0.00000E+00 0.00000E+00 -.14161E+01   66 999/0.00000E+00
 0.25000E-01 0.10000E+04 0.23800E-01 0.61317E+00 0.19805E-01 0.19805E-01 0.64423E+00 0.64423E+00 0.00000E+00 0.00000E+00 -.15682E+01   66 999/0.00000E+00
 0.40000E-01 0.10000E+04 0.14900E-01 0.40650E+00 0.13414E-01 0.13414E-01 0.43461E+00 0.43461E+00 0.00000E+00 0.00000E+00 -.20951E+01   66 999/0.00000E+00
 0.55000E-01 0.10000E+04 0.10800E-01 0.28793E+00 0.10394E-01 0.10394E-01 0.31447E+00 0.31447E+00 0.00000E+00 0.00000E+00 -.25529E+01   66 999/0.00000E+00
 0.80000E-01 0.10000E+04 0.74000E-02 0.18054E+00 0.77632E-02 0.77632E-02 0.19754E+00 0.19754E+00 0.00000E+00 0.00000E+00 -.21900E+01   66 999/0.00000E+00
 0.25000E-02 0.18000E+04 0.42860E+00 0.15277E+01 0.49345E-01 0.49345E-01 0.16420E+01 0.16420E+01 0.00000E+00 0.00000E+00 -.23171E+01   66 999/0.00000E+00
 0.35000E-02 0.18000E+04 0.30610E+00 0.15038E+01 0.47370E-01 0.47370E-01 0.15982E+01 0.15982E+01 0.00000E+00 0.00000E+00 -.19932E+01   66 999/0.00000E+00
 0.50000E-02 0.18000E+04 0.21430E+00 0.14034E+01 0.42944E-01 0.42944E-01 0.14776E+01 0.14776E+01 0.00000E+00 0.00000E+00 -.17270E+01   66 999/0.00000E+00
 0.10000E-01 0.18000E+04 0.10710E+00 0.10870E+01 0.33153E-01 0.33153E-01 0.11303E+01 0.11303E+01 0.00000E+00 0.00000E+00 -.13072E+01   66 999/0.00000E+00
 0.12000E-01 0.18000E+04 0.89300E-01 0.99257E+00 0.30968E-01 0.30968E-01 0.10306E+01 0.10306E+01 0.00000E+00 0.00000E+00 -.12282E+01   66 999/0.00000E+00
 0.18000E-01 0.18000E+04 0.59500E-01 0.78120E+00 0.24139E-01 0.24139E-01 0.81313E+00 0.81313E+00 0.00000E+00 0.00000E+00 -.13228E+01   66 999/0.00000E+00
 0.25000E-01 0.18000E+04 0.42900E-01 0.61970E+00 0.19459E-01 0.19459E-01 0.64789E+00 0.64789E+00 0.00000E+00 0.00000E+00 -.14488E+01   66 999/0.00000E+00
 0.40000E-01 0.18000E+04 0.26800E-01 0.41192E+00 0.12975E-01 0.12975E-01 0.43770E+00 0.43770E+00 0.00000E+00 0.00000E+00 -.19865E+01   66 999/0.00000E+00
 0.55000E-01 0.18000E+04 0.19500E-01 0.29190E+00 0.95743E-02 0.95743E-02 0.31628E+00 0.31628E+00 0.00000E+00 0.00000E+00 -.25459E+01   66 999/0.00000E+00
 0.80000E-01 0.18000E+04 0.13400E-01 0.18280E+00 0.64346E-02 0.64346E-02 0.19804E+00 0.19804E+00 0.00000E+00 0.00000E+00 -.23680E+01   66 999/0.00000E+00
 0.25000E-02 0.32000E+04 0.76190E+00 0.11461E+01 0.64640E-01 0.64640E-01 0.12409E+01 0.12409E+01 0.00000E+00 0.00000E+00 -.14659E+01   66 999/0.00000E+00
 0.35000E-02 0.32000E+04 0.54420E+00 0.12019E+01 0.39182E-01 0.39182E-01 0.12824E+01 0.12824E+01 0.00000E+00 0.00000E+00 -.20553E+01   66 999/0.00000E+00
 0.50000E-02 0.32000E+04 0.38100E+00 0.12046E+01 0.37704E-01 0.37704E-01 0.12698E+01 0.12698E+01 0.00000E+00 0.00000E+00 -.17294E+01   66 999/0.00000E+00
 0.10000E-01 0.32000E+04 0.19050E+00 0.10212E+01 0.31453E-01 0.31453E-01 0.10602E+01 0.10602E+01 0.00000E+00 0.00000E+00 -.12396E+01   66 999/0.00000E+00
 0.12000E-01 0.32000E+04 0.15870E+00 0.94634E+00 0.28863E-01 0.28863E-01 0.98055E+00 0.98055E+00 0.00000E+00 0.00000E+00 -.11854E+01   66 999/0.00000E+00
 0.18000E-01 0.32000E+04 0.10580E+00 0.76239E+00 0.23863E-01 0.23863E-01 0.79104E+00 0.79104E+00 0.00000E+00 0.00000E+00 -.12006E+01   66 999/0.00000E+00
 0.25000E-01 0.32000E+04 0.76200E-01 0.61202E+00 0.18973E-01 0.18973E-01 0.63735E+00 0.63735E+00 0.00000E+00 0.00000E+00 -.13349E+01   66 999/0.00000E+00
 0.40000E-01 0.32000E+04 0.47600E-01 0.41074E+00 0.12938E-01 0.12938E-01 0.43420E+00 0.43420E+00 0.00000E+00 0.00000E+00 -.18130E+01   66 999/0.00000E+00
 0.55000E-01 0.32000E+04 0.34600E-01 0.29211E+00 0.92599E-02 0.92599E-02 0.31441E+00 0.31441E+00 0.00000E+00 0.00000E+00 -.24081E+01   66 999/0.00000E+00
 0.80000E-01 0.32000E+04 0.23800E-01 0.18317E+00 0.61362E-02 0.61362E-02 0.19681E+00 0.19681E+00 0.00000E+00 0.00000E+00 -.22232E+01   66 999/0.00000E+00
 0.15000E+00 0.32000E+04 0.12700E-01 0.69950E-01 0.27490E-02 0.27490E-02 0.64012E-01 0.64012E-01 0.00000E+00 0.00000E+00 0.21600E+01   66 999/0.00000E+00
 0.50000E-02 0.56000E+04 0.66670E+00 0.91592E+00 0.39568E-01 0.39568E-01 0.97184E+00 0.97184E+00 0.00000E+00 0.00000E+00 -.14133E+01   66 999/0.00000E+00
 0.10000E-01 0.56000E+04 0.33330E+00 0.88650E+00 0.28900E-01 0.28900E-01 0.92101E+00 0.92101E+00 0.00000E+00 0.00000E+00 -.11940E+01   66 999/0.00000E+00
 0.12000E-01 0.56000E+04 0.27780E+00 0.84334E+00 0.26734E-01 0.26734E-01 0.87371E+00 0.87371E+00 0.00000E+00 0.00000E+00 -.11361E+01   66 999/0.00000E+00
 0.18000E-01 0.56000E+04 0.18520E+00 0.71007E+00 0.22438E-01 0.22438E-01 0.73536E+00 0.73536E+00 0.00000E+00 0.00000E+00 -.11272E+01   66 999/0.00000E+00
 0.25000E-01 0.56000E+04 0.13330E+00 0.58378E+00 0.18856E-01 0.18856E-01 0.60617E+00 0.60617E+00 0.00000E+00 0.00000E+00 -.11877E+01   66 999/0.00000E+00
 0.40000E-01 0.56000E+04 0.83300E-01 0.40020E+00 0.13127E-01 0.13127E-01 0.42125E+00 0.42125E+00 0.00000E+00 0.00000E+00 -.16037E+01   66 999/0.00000E+00
 0.55000E-01 0.56000E+04 0.60600E-01 0.28712E+00 0.96472E-02 0.96472E-02 0.30732E+00 0.30732E+00 0.00000E+00 0.00000E+00 -.20934E+01   66 999/0.00000E+00
 0.80000E-01 0.56000E+04 0.41700E-01 0.18104E+00 0.63726E-02 0.63726E-02 0.19323E+00 0.19323E+00 0.00000E+00 0.00000E+00 -.19129E+01   66 999/0.00000E+00
 0.15000E+00 0.56000E+04 0.22200E-01 0.69150E-01 0.27245E-02 0.27245E-02 0.62868E-01 0.62868E-01 0.00000E+00 0.00000E+00 0.23056E+01   66 999/0.00000E+00
 0.10000E-01 0.10000E+05 0.59520E+00 0.67328E+00 0.27604E-01 0.27604E-01 0.70366E+00 0.70366E+00 0.00000E+00 0.00000E+00 -.11004E+01   66 999/0.00000E+00
 0.12000E-01 0.10000E+05 0.49600E+00 0.66600E+00 0.23909E-01 0.23909E-01 0.69276E+00 0.69276E+00 0.00000E+00 0.00000E+00 -.11192E+01   66 999/0.00000E+00
 0.18000E-01 0.10000E+05 0.33070E+00 0.60635E+00 0.20373E-01 0.20373E-01 0.62819E+00 0.62819E+00 0.00000E+00 0.00000E+00 -.10720E+01   66 999/0.00000E+00
 0.25000E-01 0.10000E+05 0.23810E+00 0.52220E+00 0.17024E-01 0.17024E-01 0.54145E+00 0.54145E+00 0.00000E+00 0.00000E+00 -.11306E+01   66 999/0.00000E+00
 0.40000E-01 0.10000E+05 0.14880E+00 0.37416E+00 0.12460E-01 0.12460E-01 0.39250E+00 0.39250E+00 0.00000E+00 0.00000E+00 -.14716E+01   66 999/0.00000E+00
 0.55000E-01 0.10000E+05 0.10820E+00 0.27363E+00 0.94402E-02 0.94402E-02 0.29151E+00 0.29151E+00 0.00000E+00 0.00000E+00 -.18943E+01   66 999/0.00000E+00
 0.80000E-01 0.10000E+05 0.74400E-01 0.17494E+00 0.62279E-02 0.62279E-02 0.18574E+00 0.18574E+00 0.00000E+00 0.00000E+00 -.17334E+01   66 999/0.00000E+00
 0.15000E+00 0.10000E+05 0.39700E-01 0.67422E-01 0.27778E-02 0.27778E-02 0.60994E-01 0.60994E-01 0.00000E+00 0.00000E+00 0.23140E+01   66 999/0.00000E+00
 0.25000E+00 0.10000E+05 0.23800E-01 0.24703E-01 0.21961E-02 0.21961E-02 0.13817E-01 0.13817E-01 0.00000E+00 0.00000E+00 0.49569E+01   66 999/0.00000E+00
 0.18000E-01 0.18000E+05 0.59520E+00 0.45191E+00 0.19884E-01 0.19884E-01 0.47013E+00 0.47013E+00 0.00000E+00 0.00000E+00 -.91639E+00   66 999/0.00000E+00
 0.25000E-01 0.18000E+05 0.42860E+00 0.41818E+00 0.15180E-01 0.15180E-01 0.43371E+00 0.43371E+00 0.00000E+00 0.00000E+00 -.10231E+01   66 999/0.00000E+00
 0.40000E-01 0.18000E+05 0.26790E+00 0.32533E+00 0.11256E-01 0.11256E-01 0.34017E+00 0.34017E+00 0.00000E+00 0.00000E+00 -.13180E+01   66 999/0.00000E+00
 0.55000E-01 0.18000E+05 0.19480E+00 0.24706E+00 0.86224E-02 0.86224E-02 0.26208E+00 0.26208E+00 0.00000E+00 0.00000E+00 -.17415E+01   66 999/0.00000E+00
 0.80000E-01 0.18000E+05 0.13390E+00 0.16262E+00 0.59844E-02 0.59844E-02 0.17196E+00 0.17196E+00 0.00000E+00 0.00000E+00 -.15609E+01   66 999/0.00000E+00
 0.15000E+00 0.18000E+05 0.71400E-01 0.64311E-01 0.26496E-02 0.26496E-02 0.57985E-01 0.57985E-01 0.00000E+00 0.00000E+00 0.23875E+01   66 999/0.00000E+00
 0.25000E+00 0.18000E+05 0.42900E-01 0.23767E-01 0.19632E-02 0.19632E-02 0.13248E-01 0.13248E-01 0.00000E+00 0.00000E+00 0.53584E+01   66 999/0.00000E+00
 0.25000E-01 0.32000E+05 0.76190E+00 0.29604E+00 0.43784E-01 0.43784E-01 0.30865E+00 0.30865E+00 0.00000E+00 0.00000E+00 -.28797E+00   66 999/0.00000E+00
 0.40000E-01 0.32000E+05 0.47620E+00 0.25192E+00 0.12168E-01 0.12168E-01 0.26304E+00 0.26304E+00 0.00000E+00 0.00000E+00 -.91377E+00   66 999/0.00000E+00
 0.55000E-01 0.32000E+05 0.34630E+00 0.20382E+00 0.89273E-02 0.89273E-02 0.21568E+00 0.21568E+00 0.00000E+00 0.00000E+00 -.13287E+01   66 999/0.00000E+00
 0.80000E-01 0.32000E+05 0.23810E+00 0.14156E+00 0.63419E-02 0.63419E-02 0.14959E+00 0.14959E+00 0.00000E+00 0.00000E+00 -.12668E+01   66 999/0.00000E+00
 0.15000E+00 0.32000E+05 0.12700E+00 0.59118E-01 0.28850E-02 0.28850E-02 0.53323E-01 0.53323E-01 0.00000E+00 0.00000E+00 0.20088E+01   66 999/0.00000E+00
 0.25000E+00 0.32000E+05 0.76200E-01 0.22438E-01 0.23605E-02 0.23605E-02 0.12461E-01 0.12461E-01 0.00000E+00 0.00000E+00 0.42267E+01   66 999/0.00000E+00
 0.55000E-01 0.56000E+05 0.60610E+00 0.14785E+00 0.19827E-01 0.19827E-01 0.15647E+00 0.15647E+00 0.00000E+00 0.00000E+00 -.43484E+00   66 999/0.00000E+00
 0.80000E-01 0.56000E+05 0.41670E+00 0.11069E+00 0.10316E-01 0.10316E-01 0.11757E+00 0.11757E+00 0.00000E+00 0.00000E+00 -.66643E+00   66 999/0.00000E+00
 0.15000E+00 0.56000E+05 0.22220E+00 0.51103E-01 0.42211E-02 0.42211E-02 0.46381E-01 0.46381E-01 0.00000E+00 0.00000E+00 0.11186E+01   66 999/0.00000E+00
 0.25000E+00 0.56000E+05 0.13330E+00 0.20542E-01 0.35969E-02 0.35969E-02 0.11350E-01 0.11350E-01 0.00000E+00 0.00000E+00 0.25556E+01   66 999/0.00000E+00
 0.15000E+00 0.10000E+06 0.39680E+00 0.39000E-01 0.64155E-02 0.64155E-02 0.36113E-01 0.36113E-01 0.00000E+00 0.00000E+00 0.45003E+00   66 999/0.00000E+00
