
&DATA
  Name = 'ATLAS 2.76 TeV Jet data 0.3 <= |y| < 0.8 R=0.4'
  NDATA = 10
  NColumn = 28
  ColumnType = 2*'Bin',2*'Dummy','Sigma','Error',22*'Error'
  ColumnName = 'pt1','pt2','YBinSize','NPCorr','Sigma','stat', 
		'JES1_RelSys_1' , 'JES2_RelSys_7' , 'JES3_RelSys_13' , 'JES4_RelSys_19' , 'JES5_RelSys_25' , 'JES6_ForwardGenRelSys_88' , 
         'JES7_RelSys_32' , 'JES8_RelSys_38' , 'JES9_RelSys_44' , 'JES10_RelSys_50' , 'JES11_RelSys_56' , 
         'JES12_RelSys_62' , 'JES13_RelSys_68' ,  'JES15_ForwardJES_89' , 'UnfClosureRelSys2p76_74' , 'MatchingRelSys2p76_75' , 'JERRelSys_76' , 
         'YResoRelSys_82' , 'RecoEffRelSys_83' , 'TriggerEffRelSys_uncorr' , 
         'CleaningEffRelSys_uncorr' , 'atlas_lumi_2p76'
  NInfo   = 1
  DataInfo = 2760.
  CInfo    = 'sqrt(S)'
  IndexDataset = 321 
  Reaction  = 'pp jets APPLGRID'
  TheoryType = 'expression'
  TermName = 'A1', 'K'
  TermType = 'apfelgrid','kfactor'
  TermSource = 'datafiles/lhc/atlas/jets/1304.4739/atlas-incljets-R04-eta2.fk', 'datafiles/lhc/atlas/jets/1304.4739/inclusivejetsKF_R04_03_08.dat'
  TheorExpr= 'K*A1*1000' 
  Percent   = 50*True
&END
&PlotDesc
PlotN = 1
PlotDefColumn = 'pt2'
PlotDefValue = 20., 1500.
PlotOptions(1)  = 'Experiment:ATLAS@ExtraLabel:pp #rightarrow jets; #sqrt{s} = 2.76 TeV; R=0.4 0.3 #leq |y| < 0.8 @Title:2010 @XTitle: #p_{T}[GeV] @YTitle: d#sigma/dyd#p_{T} [pb/GeV] @Xlog@Ylog'
&End
20.000000	30.000000	1.0	0.884031	1.3037e+06		1.362440		10.956262	7.529241	10.567192	6.839034	4.147597	0.113483	2.146505	4.402132	4.627925	-0.008580	0.019744	2.834114	-0.026039	0.060986	-0.135492	0.221076	-5.651679	0.031361	2.000000	1.000000	-0.500013	2.7
30.000000	45.000000	1.0	0.911044	188689		2.300574		3.819644	11.031958	6.243200	8.757723	2.120943	0.096085	2.744186	3.220753	4.742007	-0.012249	0.039856	3.436275	-0.175320	0.068431	0.029205	0.148811	-2.598633	-0.136233	1.000000	1.000000	-0.500013	2.7
45.000000	60.000000	1.0	0.934524	30678.3		2.077752		1.463334	7.633348	5.823983	4.871692	1.717217	0.077204	3.025589	1.872984	4.508820	0.104452	0.006264	2.600579	0.257682	0.049806	0.198736	0.071578	-0.643782	0.195321	1.000000	1.000000	-0.500013	2.7
60.000000	80.000000	1.0	0.953410	6991.24		0.897248		-0.708379	6.200449	4.850840	3.865577	2.482498	0.044310	3.001815	1.180883	4.504026	0.404564	0.024083	0.658064	1.907894	0.026935	0.194603	0.030678	-1.146491	-0.390233	1.000000	1.000000	-0.500013	2.7
80.000000	110.000000	1.0	0.971013	1357.2		1.276268		-0.434531	6.316827	4.292969	3.457611	0.910774	0.029652	2.987542	1.163899	5.172862	1.171198	0.025244	-0.341125	4.214398	0.023405	0.211051	0.004407	-1.113531	0.107725	1.000000	1.000000	-0.500013	2.7
110.000000	160.000000	1.0	0.984596	186.011		2.601542		-0.051334	6.232081	4.076078	3.524174	0.932275	0.022637	2.676793	0.847959	5.853906	1.900478	0.080603	-0.126638	5.916836	0.008323	0.627552	0.003621	-0.815353	-0.265448	1.000000	1.000000	-0.500013	2.7
160.000000	210.000000	1.0	0.991144	21.281		7.422177		-0.005044	5.074559	4.156524	3.485810	1.934355	0.021469	2.559455	0.714416	6.464831	2.971664	0.115491	-0.013833	7.426831	0.002397	0.267727	0.002773	-0.346066	-0.100068	1.000000	1.000000	-0.500013	2.7
210.000000	260.000000	1.0	0.993243	3.343		17.718402		-0.000843	5.111904	4.001486	2.636151	2.663719	0.017911	2.459198	0.651563	7.540552	3.943470	0.152394	-0.001442	9.158462	0.003374	-0.107526	0.000128	-0.652925	-0.180843	1.000000	1.000000	-0.500013	2.7
260.000000	310.000000	1.0	0.994066	0.973		31.580339		-0.000180	4.278050	2.974056	1.672911	2.992831	0.037518	1.732789	0.478139	8.000942	4.350342	0.181694	-0.000333	10.248564	0.025999	0.236948	0.000401	-1.111230	-0.078037	1.000000	1.000000	-0.500013	2.7
310.000000	400.000000	1.0	0.994370	0.359		43.663381		-0.000067	4.461040	3.314891	2.088149	3.837613	0.010964	1.936801	0.615492	9.205883	5.952592	0.243784	-0.000119	12.343074	0.004761	0.232400	0.000043	-0.711014	0.014333	1.000000	1.000000	-0.500013	2.7
