
&DATA
  Name = 'ATLAS 2.76 TeV Jet data 0 <= |y| < 0.3 R=0.6'
  NDATA = 10
  NColumn = 28
  ColumnType = 2*'Bin',2*'Dummy','Sigma','Error',22*'Error'
  ColumnName = 'pt1','pt2','YBinSize','NPCorr','Sigma','stat', 
		'JES1_RelSys_1' , 'JES2_RelSys_7' , 'JES3_RelSys_13' , 'JES4_RelSys_19' , 'JES5_RelSys_25' , 'JES6_ForwardGenRelSys_88' , 
         'JES7_RelSys_32' , 'JES8_RelSys_38' , 'JES9_RelSys_44' , 'JES10_RelSys_50' , 'JES11_RelSys_56' , 
         'JES12_RelSys_62' , 'JES13_RelSys_68' ,  'JES15_ForwardJES_89' , 'UnfClosureRelSys2p76_74' , 'MatchingRelSys2p76_75' , 'JERRelSys_76' , 
         'YResoRelSys_82' , 'RecoEffRelSys_83' , 'TriggerEffRelSys_uncorr' , 
         'CleaningEffRelSys_uncorr' , 'atlas_lumi_2p76'
  NInfo   = 1
  DataInfo = 2760.
  CInfo    = 'sqrt(S)'
  IndexDataset = 327 
  Reaction  = 'pp jets APPLGRID'
  TheoryType = 'expression'
  TermName = 'A1', 'K'
  TermType = 'applgrid','kfactor'
  TermSource = 'datafiles/lhc/atlas/jets/1304.4739/atlas-incljets-R06-eta1.root', 'datafiles/lhc/atlas/jets/1304.4739/inclusivejetsKF_R06_00_03.dat'
  TheorExpr= 'K*A1*1000' 
  Percent   = 50*True
&END
&PlotDesc
PlotN = 1
PlotDefColumn = 'pt2'
PlotDefValue = 20., 1500.
PlotOptions(1)  = 'Experiment:ATLAS@ExtraLabel:pp #rightarrow jets; #sqrt{s} = 2.76 TeV; R=0.6 0 #leq |y| < 0.3 @Title:2010 @XTitle: #p_{T}[GeV] @YTitle: d#sigma/dyd#p_{T} [pb/GeV] @Xlog@Ylog'
&End
20.000000	30.000000	0.6	1.235061	2.5425e+06		1.362822		12.929937	10.961263	17.085029	9.701468	6.289977	0.000000	2.209355	5.725492	4.990060	-0.006728	0.012192	2.035661	-0.000254	0.000000	-0.065288	0.481250	-5.271439	-0.280404	2.000000	1.000000	-0.506030	2.7
30.000000	45.000000	0.6	1.119579	300418		2.444348		7.835895	10.881818	9.564130	8.122997	1.781812	0.000000	2.688622	3.907018	4.845453	-0.023150	-0.033232	4.055213	-0.001160	0.000000	0.047002	0.118529	-3.560768	-0.089653	1.000000	1.000000	-0.500013	2.7
45.000000	60.000000	0.6	1.060563	47415.7		2.195212		1.259756	7.241708	3.826662	3.646196	0.890636	0.000000	2.865121	1.988261	4.105462	0.094340	0.006906	4.673913	-0.005364	0.000000	0.139362	0.110020	-2.671835	-0.009035	1.000000	1.000000	-0.500013	2.7
60.000000	80.000000	0.6	1.034016	10084.9		1.013780		-1.184214	7.224391	1.297490	4.092385	1.086725	0.000000	3.499386	1.726361	5.044913	0.586710	0.037733	4.826914	-0.080207	0.000000	0.137380	0.028326	0.264146	-0.128237	1.000000	1.000000	-0.500013	2.7
80.000000	110.000000	0.6	1.020816	1836.43		1.477004		-0.457157	6.889479	1.520774	4.606031	1.193767	0.000000	3.636215	1.608878	5.417939	1.086178	0.126525	2.504446	0.076245	0.000000	0.127343	0.008238	-1.575720	-0.021127	1.000000	1.000000	-0.500013	2.7
110.000000	160.000000	0.6	1.017588	255.297		2.826636		-0.048680	4.819061	3.023178	3.233395	1.113480	-0.000000	3.112352	0.937064	5.769770	1.676196	0.152132	-0.248307	1.538123	-0.000000	0.192032	0.005504	-0.425077	-0.002967	1.000000	1.000000	-0.500013	2.7
160.000000	210.000000	0.6	1.017185	31.881		7.863084		-0.004057	6.844433	4.902070	2.031693	1.406343	0.000000	2.997669	0.882858	6.835781	2.883173	0.334145	-0.296905	5.538827	0.000000	0.405673	0.009351	-0.905406	0.097950	1.000000	1.000000	-0.500013	2.7
210.000000	260.000000	0.6	1.017165	5.418		17.316360		-0.000878	7.964389	4.197909	1.564625	1.931245	0.000000	2.949405	0.648595	7.109745	3.802610	0.280882	-0.059832	7.365925	0.000000	0.425232	0.006846	-1.039252	0.153185	1.000000	1.000000	-0.500013	2.7
260.000000	310.000000	0.6	1.017163	1.592		33.819024		-0.000982	4.623282	2.702226	1.409153	2.639277	0.000000	2.569784	0.727806	7.140526	4.447568	0.496219	-0.006502	8.063217	0.000000	0.384159	0.003669	-0.690801	0.048782	1.000000	1.000000	-0.500013	2.7
310.000000	400.000000	0.6	1.017163	0.413		46.588167		-0.000173	3.430091	3.683742	0.677175	3.694830	0.000000	2.401516	0.543756	8.351314	5.846820	0.518361	-0.002831	9.430574	0.000000	0.283257	0.001979	0.133075	0.091904	1.000000	1.000000	-0.500013	2.7
