
&DATA
  Name = 'ATLAS 2.76 TeV Jet data 1.2 <= |y| < 2.1 R=0.6'
  NDATA = 10
  NColumn = 28
  ColumnType = 2*'Bin',2*'Dummy','Sigma','Error',22*'Error'
  ColumnName = 'pt1','pt2','YBinSize','NPCorr','Sigma','stat', 
		'JES1_RelSys_3' , 'JES2_RelSys_9' , 'JES3_RelSys_15' , 'JES4_RelSys_21' , 'JES5_RelSys_27' , 'JES6_ForwardGenRelSys_88' , 
         'JES7_RelSys_34' , 'JES8_RelSys_40' , 'JES9_RelSys_46' , 'JES10_RelSys_52' , 'JES11_RelSys_58' , 
         'JES12_RelSys_64' , 'JES13_RelSys_70' ,  'JES15_ForwardJES_89' , 'UnfClosureRelSys2p76_74' , 'MatchingRelSys2p76_75' , 'JERRelSys_78' , 
         'YResoRelSys_82' , 'RecoEffRelSys_83' , 'TriggerEffRelSys_uncorr' , 
         'CleaningEffRelSys_uncorr' , 'atlas_lumi_2p76'
  NInfo   = 1
  DataInfo = 2760.
  CInfo    = 'sqrt(S)'
  IndexDataset = 330 
  Reaction  = 'pp jets APPLGRID'
  TheoryType = 'expression'
  TermName = 'A1', 'K'
  TermType = 'applgrid','kfactor'
  TermSource = 'datafiles/lhc/atlas/jets/1304.4739/atlas-incljets-R06-eta4.root', 'datafiles/lhc/atlas/jets/1304.4739/inclusivejetsKF_R06_12_21.dat'
  TheorExpr= 'K*A1*1000' 
  Percent   = 50*True
&END
&PlotDesc
PlotN = 1
PlotDefColumn = 'pt2'
PlotDefValue = 20., 1500.
PlotOptions(1)  = 'Experiment:ATLAS@ExtraLabel:pp #rightarrow jets; #sqrt{s} = 2.76 TeV; R=0.6 1.2 #leq |y| < 2.1 @Title:2010 @XTitle: #p_{T}[GeV] @YTitle: d#sigma/dyd#p_{T} [pb/GeV] @Xlog@Ylog'
&End
20.000000	30.000000	1.8	1.238859	1.7754e+06		0.953475		12.482764	9.948811	14.975209	12.188516	4.951496	13.610271	2.339670	4.572728	4.843429	-0.007450	0.029866	3.016980	-0.015358	5.700689	-0.140414	0.384328	-12.639594	-0.361150	2.000000	1.000000	-0.500013	2.7
30.000000	45.000000	1.8	1.124042	206705		1.766060		7.940842	10.348281	9.704556	4.779413	2.951286	13.714180	3.088022	3.636046	5.202341	0.004269	0.020158	3.876730	-0.139688	6.427268	0.131551	0.181684	-6.840675	-0.158726	1.000000	1.000000	-0.500013	2.7
45.000000	60.000000	1.8	1.067825	28383.5		1.689507		1.548962	8.829102	7.212869	3.263221	1.826229	7.998236	3.196889	1.958394	5.070492	0.174150	0.016727	2.689794	0.327032	5.703795	0.314022	0.102883	-1.560035	-0.274906	1.000000	1.000000	-0.500013	2.7
60.000000	80.000000	1.8	1.043646	5731.92		0.777236		-1.177202	6.745351	3.783431	1.514316	3.558994	4.767602	3.177085	1.316945	4.898186	0.497334	0.027348	0.639549	2.022967	4.745476	0.318952	0.018221	-2.497116	-0.349588	1.000000	1.000000	-0.500013	2.7
80.000000	110.000000	1.8	1.032169	931.376		1.198753		-0.433750	6.576788	3.233377	1.087745	2.387881	3.983069	3.119956	1.203658	5.653200	1.270322	0.042081	-0.361032	4.646800	3.964532	0.317346	0.013024	-2.220172	-0.108792	1.000000	1.000000	-0.500013	2.7
110.000000	160.000000	1.8	1.029609	104.07		2.555425		-0.041706	6.875396	3.683103	1.433940	0.729156	4.779151	3.299773	1.057708	6.915953	2.425894	0.071837	-0.120068	7.054380	3.771355	0.476861	0.005968	-1.579044	-0.033390	1.000000	1.000000	-0.500013	2.7
160.000000	210.000000	1.8	1.029318	10.574		7.725028		-0.002415	4.752940	3.739721	1.301952	2.353241	5.977445	3.162678	0.887602	8.824629	3.949095	0.121209	-0.009610	10.161390	4.696118	1.027045	0.000227	-2.032007	-0.222996	1.000000	1.000000	-0.500013	2.7
210.000000	260.000000	1.8	1.029306	1.331		20.591072		-0.000390	4.831822	4.424793	0.548917	3.654616	6.558886	2.725051	0.696874	9.656369	4.983671	0.171345	-0.000523	12.199450	4.979497	1.069324	0.001015	-3.140029	-0.427124	1.000000	1.000000	-0.500013	2.7
260.000000	310.000000	1.8	1.029305	0.088		79.277041		-0.008445	7.865584	5.021538	1.121050	5.635946	8.256444	2.984570	0.889202	12.628409	7.412469	0.268537	-0.002135	16.001916	6.601034	0.960309	0.027534	-0.756457	-0.358099	1.000000	1.000000	-0.500013	2.7
310.000000	400.000000	1.8	1.029305	0.022		124.972927		-0.061501	7.629096	6.245212	1.375985	5.420770	9.019751	2.601711	0.567281	14.868206	8.813800	0.215202	-0.013792	19.710197	7.236611	0.857084	0.015947	-5.655378	-1.041491	1.000000	1.000000	-0.500013	2.7
