
&DATA
  Name = 'ATLAS 2.76 TeV Jet data 0.3 <= |y| < 0.8 R=0.6'
  NDATA = 10
  NColumn = 28
  ColumnType = 2*'Bin',2*'Dummy','Sigma','Error',22*'Error'
  ColumnName = 'pt1','pt2','YBinSize','NPCorr','Sigma','stat', 
		'JES1_RelSys_1' , 'JES2_RelSys_7' , 'JES3_RelSys_13' , 'JES4_RelSys_19' , 'JES5_RelSys_25' , 'JES6_ForwardGenRelSys_88' , 
         'JES7_RelSys_32' , 'JES8_RelSys_38' , 'JES9_RelSys_44' , 'JES10_RelSys_50' , 'JES11_RelSys_56' , 
         'JES12_RelSys_62' , 'JES13_RelSys_68' ,  'JES15_ForwardJES_89' , 'UnfClosureRelSys2p76_74' , 'MatchingRelSys2p76_75' , 'JERRelSys_76' , 
         'YResoRelSys_82' , 'RecoEffRelSys_83' , 'TriggerEffRelSys_uncorr' , 
         'CleaningEffRelSys_uncorr' , 'atlas_lumi_2p76'
  NInfo   = 1
  DataInfo = 2760.
  CInfo    = 'sqrt(S)'
  IndexDataset = 328 
  Reaction  = 'pp jets APPLGRID'
  TheoryType = 'expression'
  TermName = 'A1', 'K'
  TermType = 'applgrid','kfactor'
  TermSource = 'datafiles/lhc/atlas/jets/1304.4739/atlas-incljets-R06-eta2.root', 'datafiles/lhc/atlas/jets/1304.4739/inclusivejetsKF_R06_03_08.dat'
  TheorExpr= 'K*A1*1000' 
  Percent   = 50*True
&END
&PlotDesc
PlotN = 1
PlotDefColumn = 'pt2'
PlotDefValue = 20., 1500.
PlotOptions(1)  = 'Experiment:ATLAS@ExtraLabel:pp #rightarrow jets; #sqrt{s} = 2.76 TeV; R=0.6 0.3 #leq |y| < 0.8 @Title:2010 @XTitle: #p_{T}[GeV] @YTitle: d#sigma/dyd#p_{T} [pb/GeV] @Xlog@Ylog'
&End
20.000000	30.000000	1.0	1.239266	2.44554e+06		1.086949		12.643203	10.103710	14.955414	8.577972	4.986986	0.136735	2.302797	4.619946	4.913234	-0.005692	0.028714	2.980225	-0.018875	0.127395	-0.159109	0.557496	-4.613047	-0.135280	2.000000	1.000000	-0.500013	2.7
30.000000	45.000000	1.0	1.125445	302464		1.884893		7.649264	10.304825	9.612566	7.632401	2.789653	0.113588	2.944278	3.375810	5.098197	-0.011742	0.010847	3.614608	-0.153199	0.115099	0.074495	0.314118	-3.287710	-0.709825	1.000000	1.000000	-0.500013	2.7
45.000000	60.000000	1.0	1.065953	45258.5		1.757084		1.447770	8.285417	6.649486	3.675216	1.776790	0.053895	3.052857	1.858618	4.587558	0.070470	0.001046	2.641386	0.211355	0.042754	0.363362	0.103176	-1.123190	-0.075782	1.000000	1.000000	-0.500013	2.7
60.000000	80.000000	1.0	1.038549	9700.75		0.811668		-1.155711	6.270163	3.738399	2.953070	3.513352	0.052005	3.182036	1.461176	4.762084	0.437766	0.014444	0.678348	2.060931	0.027463	0.335531	0.026556	-1.150948	-0.032019	1.000000	1.000000	-0.500013	2.7
80.000000	110.000000	1.0	1.024583	1790.59		1.139447		-0.461429	6.190029	3.088435	2.877295	2.427990	0.047647	3.086568	1.193848	5.308098	1.226492	0.041917	-0.349350	4.385274	0.028556	0.387188	0.006413	-1.031484	0.074580	1.000000	1.000000	-0.500013	2.7
110.000000	160.000000	1.0	1.021000	237.382		2.331710		-0.045811	6.016724	3.060858	2.436544	0.524086	0.045759	2.656890	0.867624	5.875509	1.921270	0.084171	-0.121229	5.934909	0.005653	0.803850	0.009433	-0.837852	0.171871	1.000000	1.000000	-0.500013	2.7
160.000000	210.000000	1.0	1.020528	28.268		6.583491		-0.004066	3.723279	2.869839	2.337763	1.761109	0.038140	2.548747	0.735522	6.811564	2.966966	0.090730	-0.012290	7.929719	0.002236	0.307748	0.005114	-1.359988	-0.159433	1.000000	1.000000	-0.500013	2.7
210.000000	260.000000	1.0	1.020502	3.64		16.759664		-0.000762	3.497040	3.422049	1.596468	2.695100	0.032720	2.151654	0.614195	7.477684	3.631414	0.163081	-0.001129	9.016915	0.003038	0.095610	0.005650	-0.546272	-0.144044	1.000000	1.000000	-0.500013	2.7
260.000000	310.000000	1.0	1.020500	1.182		29.327283		-0.000138	5.580817	3.634544	1.839582	4.111425	0.042566	2.251780	0.539289	8.589941	5.113245	0.202447	-0.000261	10.581542	-0.003652	0.512789	0.000322	-0.569210	-0.150158	1.000000	1.000000	-0.500013	2.7
310.000000	400.000000	1.0	1.020499	0.358		44.634674		-0.000050	5.249426	4.324335	1.063810	4.006098	0.016906	2.197792	0.526898	9.211890	5.831160	0.154703	-0.000087	12.290964	0.002857	0.372545	0.002748	-0.079148	-0.068739	1.000000	1.000000	-0.500013	2.7
