
&DATA
  Name = 'ATLAS 2.76 TeV Jet data 0 <= |y| < 0.3 R=0.4'
  NDATA = 10
  NColumn = 28
  ColumnType = 2*'Bin',2*'Dummy','Sigma','Error',22*'Error'
  ColumnName = 'pt1','pt2','YBinSize','NPCorr','Sigma','stat', 
		'JES1_RelSys_1' , 'JES2_RelSys_7' , 'JES3_RelSys_13' , 'JES4_RelSys_19' , 'JES5_RelSys_25' , 'JES6_ForwardGenRelSys_88' , 
         'JES7_RelSys_32' , 'JES8_RelSys_38' , 'JES9_RelSys_44' , 'JES10_RelSys_50' , 'JES11_RelSys_56' , 
         'JES12_RelSys_62' , 'JES13_RelSys_68' ,  'JES15_ForwardJES_89' , 'UnfClosureRelSys2p76_74' , 'MatchingRelSys2p76_75' , 'JERRelSys_76' , 
         'YResoRelSys_82' , 'RecoEffRelSys_83' , 'TriggerEffRelSys_uncorr' , 
         'CleaningEffRelSys_uncorr' , 'atlas_lumi_2p76'
  NInfo   = 1
  DataInfo = 2760.
  CInfo    = 'sqrt(S)'
  IndexDataset = 320 
  Reaction  = 'pp jets APPLGRID'
  TheoryType = 'expression'
  TermName = 'A1', 'K'
  TermType = 'apfelgrid','kfactor'
  TermSource = 'datafiles/lhc/atlas/jets/1304.4739/atlas-incljets-R04-eta1.fk', 'datafiles/lhc/atlas/jets/1304.4739/inclusivejetsKF_R04_00_03.dat'
  TheorExpr= 'K*A1*1000' 
  Percent   = 50*True
&END
&PlotDesc
PlotN = 1
PlotDefColumn = 'pt2'
PlotDefValue = 20., 1500.
PlotOptions(1)  = 'Experiment:ATLAS@ExtraLabel:pp #rightarrow jets; #sqrt{s} = 2.76 TeV; R=0.4 0 #leq |y| < 0.3 @Title:2010 @XTitle: #p_{T}[GeV] @YTitle: d#sigma/dyd#p_{T} [pb/GeV] @Xlog@Ylog'
&End
20.000000	30.000000	0.6	0.882981	1.30793e+06		1.745350		11.268993	10.935735	7.618816	8.224028	4.462148	-0.000000	1.971828	5.177407	4.603981	-0.009931	0.012642	1.738540	-0.000605	-0.000000	-0.144352	0.320062	-4.560350	-0.087659	2.000000	1.000000	-0.506030	2.7
30.000000	45.000000	0.6	0.908495	194464		2.913438		4.021622	8.779895	6.078513	10.633327	1.495965	-0.000000	2.917875	3.974938	4.704698	-0.020133	0.004232	4.032820	-0.001630	-0.000000	0.046664	0.130713	-3.450492	-0.054141	1.000000	1.000000	-0.500013	2.7
45.000000	60.000000	0.6	0.931191	33173.5		2.554775		1.333812	7.274111	3.798346	5.021393	0.366818	0.000000	2.889319	2.103403	4.048804	0.149041	0.028776	4.709624	-0.011387	0.000000	0.198186	0.056771	-1.394637	0.052376	1.000000	1.000000	-0.500013	2.7
60.000000	80.000000	0.6	0.949931	7315.35		1.131687		-0.740926	6.714190	2.466395	3.821958	0.953599	0.000000	3.100278	1.561144	4.523896	0.398715	0.056975	4.469731	-0.083880	0.000000	0.199065	0.023628	-0.443835	0.102980	1.000000	1.000000	-0.500013	2.7
80.000000	110.000000	0.6	0.967920	1378.15		1.651251		-0.437663	7.829881	4.369385	3.855742	2.256914	0.000000	3.542713	1.574495	5.196125	1.118394	0.087443	2.495045	-0.114607	0.000000	0.193753	0.005348	-1.270570	-0.069966	1.000000	1.000000	-0.500013	2.7
110.000000	160.000000	0.6	0.982530	198.665		3.175613		-0.051777	5.664502	3.903812	3.686569	0.676968	-0.000000	3.208922	0.975071	5.821452	1.753055	0.144218	-0.184906	1.499666	-0.000000	0.285322	0.001680	-1.297515	0.089769	1.000000	1.000000	-0.500013	2.7
160.000000	210.000000	0.6	0.990045	25.52		8.611478		-0.004880	4.460640	4.751728	3.113562	1.158114	0.000000	2.982042	0.771136	7.112529	2.836540	0.324872	-0.302245	5.709749	0.000000	0.611590	0.004925	-1.543833	0.204874	1.000000	1.000000	-0.500013	2.7
210.000000	260.000000	0.6	0.992652	4.231		19.177782		-0.001010	5.835160	6.030902	2.386390	1.755942	-0.000000	2.956712	0.657718	6.845626	3.832582	0.348289	-0.067765	7.022399	-0.000000	0.606845	0.001341	0.064366	0.140198	1.000000	1.000000	-0.500013	2.7
260.000000	310.000000	0.6	0.993744	1.196		39.039673		-0.000924	5.768295	3.992299	1.915711	1.915668	0.000000	2.745831	0.591566	7.178084	4.673141	0.418467	-0.007580	7.956255	0.000000	0.569119	0.000837	-0.134464	0.138592	1.000000	1.000000	-0.500013	2.7
310.000000	400.000000	0.6	0.994189	0.427		45.830502		-0.000321	3.766614	2.392711	1.069139	2.375346	-0.000000	2.191206	0.409981	8.192048	5.506101	0.387812	-0.003670	9.405925	-0.000000	0.427990	0.001248	-0.628365	-0.067251	1.000000	1.000000	-0.500013	2.7
