
&DATA
  Name = 'ATLAS 2.76 TeV Jet data 1.2 <= |y| < 2.1 R=0.4'
  NDATA = 10
  NColumn = 28
  ColumnType = 2*'Bin',2*'Dummy','Sigma','Error',22*'Error'
  ColumnName = 'pt1','pt2','YBinSize','NPCorr','Sigma','stat', 
		'JES1_RelSys_3' , 'JES2_RelSys_9' , 'JES3_RelSys_15' , 'JES4_RelSys_21' , 'JES5_RelSys_27' , 'JES6_ForwardGenRelSys_88' , 
         'JES7_RelSys_34' , 'JES8_RelSys_40' , 'JES9_RelSys_46' , 'JES10_RelSys_52' , 'JES11_RelSys_58' , 
         'JES12_RelSys_64' , 'JES13_RelSys_70' ,  'JES15_ForwardJES_89' , 'UnfClosureRelSys2p76_74' , 'MatchingRelSys2p76_75' , 'JERRelSys_78' , 
         'YResoRelSys_82' , 'RecoEffRelSys_83' , 'TriggerEffRelSys_uncorr' , 
         'CleaningEffRelSys_uncorr' , 'atlas_lumi_2p76'
  NInfo   = 1
  DataInfo = 2760.
  CInfo    = 'sqrt(S)'
  IndexDataset = 323 
  Reaction  = 'pp jets APPLGRID'
  TheoryType = 'expression'
  TermName = 'A1', 'K'
  TermType = 'apfelgrid','kfactor'
  TermSource = 'datafiles/lhc/atlas/jets/1304.4739/atlas-incljets-R04-eta4.fk', 'datafiles/lhc/atlas/jets/1304.4739/inclusivejetsKF_R04_12_21.dat'
  TheorExpr= 'K*A1*1000' 
  Percent   = 50*True
&END
&PlotDesc
PlotN = 1
PlotDefColumn = 'pt2'
PlotDefValue = 20., 1500.
PlotOptions(1)  = 'Experiment:ATLAS@ExtraLabel:pp #rightarrow jets; #sqrt{s} = 2.76 TeV; R=0.4 1.2 #leq |y| < 2.1 @Title:2010 @XTitle: #p_{T}[GeV] @YTitle: d#sigma/dyd#p_{T} [pb/GeV] @Xlog@Ylog'
&End
20.000000	30.000000	1.8	0.886104	946158		1.232439		10.913360	7.404586	10.499194	10.793477	4.116237	14.513671	2.134086	4.303270	4.512872	-0.009097	0.016663	2.758686	-0.018939	5.093965	-0.139465	0.588933	-11.703796	-0.611601	2.000000	1.000000	-0.500013	2.7
30.000000	45.000000	1.8	0.916709	127043		2.130668		4.053190	11.575245	6.746625	0.819531	2.149701	15.198530	2.861685	3.363471	4.995567	-0.012656	0.016974	3.577748	-0.153987	5.858340	0.075501	0.129026	-5.490081	-0.373914	1.000000	1.000000	-0.500013	2.7
45.000000	60.000000	1.8	0.941172	20073.9		1.945106		1.599201	7.957084	6.097254	-0.308118	1.815128	9.813600	3.192068	1.977255	4.599593	0.161605	0.016077	2.670542	0.260637	5.009371	0.247460	0.050591	-1.737466	-0.128551	1.000000	1.000000	-0.500013	2.7
60.000000	80.000000	1.8	0.959072	4185.21		0.892243		-0.760024	6.539730	5.001547	0.525216	2.449332	6.090099	2.943941	1.298276	4.699411	0.482455	0.020711	0.709899	1.896272	4.205677	0.252096	0.016556	-1.299731	-0.060397	1.000000	1.000000	-0.500013	2.7
80.000000	110.000000	1.8	0.974084	717.449		1.319429		-0.416135	6.977063	4.657234	1.223626	1.001799	4.977500	3.380742	1.344428	5.710573	1.408753	0.052312	-0.359000	4.820027	3.976806	0.283901	0.001537	-1.771556	-0.252387	1.000000	1.000000	-0.500013	2.7
110.000000	160.000000	1.8	0.983715	82.039		2.846001		-0.047420	7.046973	4.658422	1.137221	1.156398	4.684653	2.994650	0.999316	6.756681	2.176915	0.120228	-0.133822	6.851819	3.053411	0.376858	0.002199	-2.314099	-0.064956	1.000000	1.000000	-0.500013	2.7
160.000000	210.000000	1.8	0.987400	9.146		8.384798		-0.002825	6.371947	5.150128	1.013111	2.386744	6.191269	2.966286	0.653223	8.479678	3.623451	0.091485	-0.011917	9.877281	3.912179	1.133723	0.001080	-2.319222	-0.228544	1.000000	1.000000	-0.500013	2.7
210.000000	260.000000	1.8	0.988287	0.906		24.316707		-0.000450	6.249778	4.885324	2.135092	3.260959	7.075409	2.780531	0.802983	9.704730	5.175152	0.182861	-0.000757	12.133766	4.746914	1.209435	0.000874	-3.433647	-0.149279	1.000000	1.000000	-0.500013	2.7
260.000000	310.000000	1.8	0.988561	0.089		76.830759		-0.008535	6.306454	4.570475	2.798641	4.755476	8.427186	2.883597	0.880154	12.799427	6.791958	0.328463	-0.002262	15.510327	5.521520	0.658569	0.000448	-0.806156	-0.126455	1.000000	1.000000	-0.500013	2.7
310.000000	400.000000	1.8	0.988633	0.024		121.534358		-0.061329	7.186032	5.599114	2.808001	6.231485	10.451333	3.327252	0.880221	13.898873	9.095200	0.387519	-0.014106	18.442140	7.168138	0.238856	0.001206	-3.363114	0.015710	1.000000	1.000000	-0.500013	2.7
