           1
     9076361
 DY AFB                                                                          
Plot1@Experiment:pseudodata@ExtraLabel:pp #rightarrow Z; #sqrt{s} = 8 TeV@Title: @XTitle: M(ll) @YTitle: AFB
 Minv_min    Minv_max    y_min          data      +- uncor     +- tot     th orig         th mod   therr+         therr-     pull    iset       iplot
 0.45000E+02 0.50000E+02 0.00000E+00 -.48979E-02 0.88883E-03 -.88883E-03 -.49789E-02 -.49789E-02 0.00000E+00 0.00000E+00 0.91140E-01      9076361   1/0.00000E+00
 0.45000E+02 0.50000E+02 0.60000E+00 -.16094E-01 0.89630E-03 -.89630E-03 -.16361E-01 -.16361E-01 0.00000E+00 0.00000E+00 0.29690E+00      9076361   1/0.00000E+00
 0.45000E+02 0.50000E+02 0.12000E+01 -.31657E-01 0.90992E-03 -.90992E-03 -.32181E-01 -.32181E-01 0.00000E+00 0.00000E+00 0.57600E+00      9076361   1/0.00000E+00
 0.45000E+02 0.50000E+02 0.18000E+01 -.54678E-01 0.92679E-03 -.92679E-03 -.55588E-01 -.55588E-01 0.00000E+00 0.00000E+00 0.98217E+00      9076361   1/0.00000E+00
 0.45000E+02 0.50000E+02 0.24000E+01 -.87063E-01 0.94359E-03 -.94359E-03 -.88529E-01 -.88529E-01 0.00000E+00 0.00000E+00 0.15537E+01      9076361   1/0.00000E+00
 0.45000E+02 0.50000E+02 0.30000E+01 -.12654E+00 0.96382E-03 -.96382E-03 -.12870E+00 -.12870E+00 0.00000E+00 0.00000E+00 0.22433E+01      9076361   1/0.00000E+00
 0.50000E+02 0.55000E+02 0.00000E+00 -.76646E-02 0.91809E-03 -.91809E-03 -.77734E-02 -.77734E-02 0.00000E+00 0.00000E+00 0.11851E+00      9076361   1/0.00000E+00
 0.50000E+02 0.55000E+02 0.60000E+00 -.25183E-01 0.92580E-03 -.92580E-03 -.25541E-01 -.25541E-01 0.00000E+00 0.00000E+00 0.38665E+00      9076361   1/0.00000E+00
 0.50000E+02 0.55000E+02 0.12000E+01 -.49480E-01 0.93956E-03 -.93956E-03 -.50187E-01 -.50187E-01 0.00000E+00 0.00000E+00 0.75252E+00      9076361   1/0.00000E+00
 0.50000E+02 0.55000E+02 0.18000E+01 -.85154E-01 0.95577E-03 -.95577E-03 -.86387E-01 -.86387E-01 0.00000E+00 0.00000E+00 0.12899E+01      9076361   1/0.00000E+00
 0.50000E+02 0.55000E+02 0.24000E+01 -.13450E+00 0.97065E-03 -.97065E-03 -.13649E+00 -.13649E+00 0.00000E+00 0.00000E+00 0.20521E+01      9076361   1/0.00000E+00
 0.50000E+02 0.55000E+02 0.30000E+01 -.19312E+00 0.98988E-03 -.98988E-03 -.19606E+00 -.19606E+00 0.00000E+00 0.00000E+00 0.29738E+01      9076361   1/0.00000E+00
 0.55000E+02 0.60000E+02 0.00000E+00 -.10658E-01 0.96016E-03 -.96016E-03 -.10772E-01 -.10772E-01 0.00000E+00 0.00000E+00 0.11911E+00      9076361   1/0.00000E+00
 0.55000E+02 0.60000E+02 0.60000E+00 -.35020E-01 0.96822E-03 -.96822E-03 -.35397E-01 -.35397E-01 0.00000E+00 0.00000E+00 0.38981E+00      9076361   1/0.00000E+00
 0.55000E+02 0.60000E+02 0.12000E+01 -.68758E-01 0.98224E-03 -.98224E-03 -.69509E-01 -.69509E-01 0.00000E+00 0.00000E+00 0.76511E+00      9076361   1/0.00000E+00
 0.55000E+02 0.60000E+02 0.18000E+01 -.11801E+00 0.99768E-03 -.99768E-03 -.11934E+00 -.11934E+00 0.00000E+00 0.00000E+00 0.13303E+01      9076361   1/0.00000E+00
 0.55000E+02 0.60000E+02 0.24000E+01 -.18524E+00 0.10100E-02 -.10100E-02 -.18742E+00 -.18742E+00 0.00000E+00 0.00000E+00 0.21613E+01      9076361   1/0.00000E+00
 0.55000E+02 0.60000E+02 0.30000E+01 -.26356E+00 0.10274E-02 -.10274E-02 -.26685E+00 -.26685E+00 0.00000E+00 0.00000E+00 0.32028E+01      9076361   1/0.00000E+00
 0.60000E+02 0.65000E+02 0.00000E+00 -.13450E-01 0.98160E-03 -.98160E-03 -.13530E-01 -.13530E-01 0.00000E+00 0.00000E+00 0.81579E-01      9076361   1/0.00000E+00
 0.60000E+02 0.65000E+02 0.60000E+00 -.44208E-01 0.98995E-03 -.98995E-03 -.44476E-01 -.44476E-01 0.00000E+00 0.00000E+00 0.27010E+00      9076361   1/0.00000E+00
 0.60000E+02 0.65000E+02 0.12000E+01 -.86799E-01 0.10041E-02 -.10041E-02 -.87345E-01 -.87345E-01 0.00000E+00 0.00000E+00 0.54392E+00      9076361   1/0.00000E+00
 0.60000E+02 0.65000E+02 0.18000E+01 -.14879E+00 0.10187E-02 -.10187E-02 -.14980E+00 -.14980E+00 0.00000E+00 0.00000E+00 0.98907E+00      9076361   1/0.00000E+00
 0.60000E+02 0.65000E+02 0.24000E+01 -.23274E+00 0.10283E-02 -.10283E-02 -.23450E+00 -.23450E+00 0.00000E+00 0.00000E+00 0.17103E+01      9076361   1/0.00000E+00
 0.60000E+02 0.65000E+02 0.30000E+01 -.32954E+00 0.10434E-02 -.10434E-02 -.33237E+00 -.33237E+00 0.00000E+00 0.00000E+00 0.27147E+01      9076361   1/0.00000E+00
 0.65000E+02 0.70000E+02 0.00000E+00 -.15196E-01 0.95615E-03 -.95615E-03 -.15197E-01 -.15197E-01 0.00000E+00 0.00000E+00 0.13592E-02      9076361   1/0.00000E+00
 0.65000E+02 0.70000E+02 0.60000E+00 -.49980E-01 0.96468E-03 -.96468E-03 -.49991E-01 -.49991E-01 0.00000E+00 0.00000E+00 0.11141E-01      9076361   1/0.00000E+00
 0.65000E+02 0.70000E+02 0.12000E+01 -.98221E-01 0.97911E-03 -.97911E-03 -.98274E-01 -.98274E-01 0.00000E+00 0.00000E+00 0.54419E-01      9076361   1/0.00000E+00
 0.65000E+02 0.70000E+02 0.18000E+01 -.16845E+00 0.99374E-03 -.99374E-03 -.16865E+00 -.16865E+00 0.00000E+00 0.00000E+00 0.19946E+00      9076361   1/0.00000E+00
 0.65000E+02 0.70000E+02 0.24000E+01 -.26348E+00 0.10032E-02 -.10032E-02 -.26406E+00 -.26406E+00 0.00000E+00 0.00000E+00 0.57649E+00      9076361   1/0.00000E+00
 0.65000E+02 0.70000E+02 0.30000E+01 -.37305E+00 0.10200E-02 -.10200E-02 -.37438E+00 -.37438E+00 0.00000E+00 0.00000E+00 0.13067E+01      9076361   1/0.00000E+00
 0.70000E+02 0.75000E+02 0.00000E+00 -.14858E-01 0.86275E-03 -.86275E-03 -.14768E-01 -.14768E-01 0.00000E+00 0.00000E+00 -.10408E+00      9076361   1/0.00000E+00
 0.70000E+02 0.75000E+02 0.60000E+00 -.48914E-01 0.87120E-03 -.87120E-03 -.48626E-01 -.48626E-01 0.00000E+00 0.00000E+00 -.33079E+00      9076361   1/0.00000E+00
 0.70000E+02 0.75000E+02 0.12000E+01 -.96283E-01 0.88597E-03 -.88597E-03 -.95753E-01 -.95753E-01 0.00000E+00 0.00000E+00 -.59920E+00      9076361   1/0.00000E+00
 0.70000E+02 0.75000E+02 0.18000E+01 -.16545E+00 0.90255E-03 -.90255E-03 -.16466E+00 -.16466E+00 0.00000E+00 0.00000E+00 -.87834E+00      9076361   1/0.00000E+00
 0.70000E+02 0.75000E+02 0.24000E+01 -.25949E+00 0.91761E-03 -.91761E-03 -.25855E+00 -.25855E+00 0.00000E+00 0.00000E+00 -.10269E+01      9076361   1/0.00000E+00
 0.70000E+02 0.75000E+02 0.30000E+01 -.36898E+00 0.94654E-03 -.94654E-03 -.36823E+00 -.36823E+00 0.00000E+00 0.00000E+00 -.79465E+00      9076361   1/0.00000E+00
 0.75000E+02 0.80000E+02 0.00000E+00 -.11830E-01 0.69387E-03 -.69387E-03 -.11700E-01 -.11700E-01 0.00000E+00 0.00000E+00 -.18791E+00      9076361   1/0.00000E+00
 0.75000E+02 0.80000E+02 0.60000E+00 -.38986E-01 0.70153E-03 -.70153E-03 -.38562E-01 -.38562E-01 0.00000E+00 0.00000E+00 -.60365E+00      9076361   1/0.00000E+00
 0.75000E+02 0.80000E+02 0.12000E+01 -.76873E-01 0.71567E-03 -.71567E-03 -.76067E-01 -.76067E-01 0.00000E+00 0.00000E+00 -.11255E+01      9076361   1/0.00000E+00
 0.75000E+02 0.80000E+02 0.18000E+01 -.13238E+00 0.73409E-03 -.73409E-03 -.13109E+00 -.13109E+00 0.00000E+00 0.00000E+00 -.17590E+01      9076361   1/0.00000E+00
 0.75000E+02 0.80000E+02 0.24000E+01 -.20835E+00 0.75725E-03 -.75725E-03 -.20656E+00 -.20656E+00 0.00000E+00 0.00000E+00 -.23623E+01      9076361   1/0.00000E+00
 0.75000E+02 0.80000E+02 0.30000E+01 -.29820E+00 0.80390E-03 -.80390E-03 -.29613E+00 -.29613E+00 0.00000E+00 0.00000E+00 -.25830E+01      9076361   1/0.00000E+00
 0.80000E+02 0.85000E+02 0.00000E+00 -.64466E-02 0.45981E-03 -.45981E-03 -.63628E-02 -.63628E-02 0.00000E+00 0.00000E+00 -.18239E+00      9076361   1/0.00000E+00
 0.80000E+02 0.85000E+02 0.60000E+00 -.21263E-01 0.46543E-03 -.46543E-03 -.20990E-01 -.20990E-01 0.00000E+00 0.00000E+00 -.58736E+00      9076361   1/0.00000E+00
 0.80000E+02 0.85000E+02 0.12000E+01 -.41973E-01 0.47626E-03 -.47626E-03 -.41449E-01 -.41449E-01 0.00000E+00 0.00000E+00 -.11011E+01      9076361   1/0.00000E+00
 0.80000E+02 0.85000E+02 0.18000E+01 -.72345E-01 0.49196E-03 -.49196E-03 -.71491E-01 -.71491E-01 0.00000E+00 0.00000E+00 -.17359E+01      9076361   1/0.00000E+00
 0.80000E+02 0.85000E+02 0.24000E+01 -.11414E+00 0.51537E-03 -.51537E-03 -.11292E+00 -.11292E+00 0.00000E+00 0.00000E+00 -.23691E+01      9076361   1/0.00000E+00
 0.80000E+02 0.85000E+02 0.30000E+01 -.16469E+00 0.56444E-03 -.56443E-03 -.16319E+00 -.16319E+00 0.00000E+00 0.00000E+00 -.26716E+01      9076361   1/0.00000E+00
 0.85000E+02 0.90000E+02 0.00000E+00 0.50861E-03 0.17396E-03 0.17914E-03 0.47959E-03 0.47959E-03 0.00000E+00 0.00000E+00 0.16682E+00      9076361   1/0.00000E+00
 0.85000E+02 0.90000E+02 0.60000E+00 0.16641E-02 0.17617E-03 0.18145E-03 0.15688E-02 0.15688E-02 0.00000E+00 0.00000E+00 0.54087E+00      9076361   1/0.00000E+00
 0.85000E+02 0.90000E+02 0.12000E+01 0.32540E-02 0.18055E-03 0.18595E-03 0.30676E-02 0.30676E-02 0.00000E+00 0.00000E+00 0.10325E+01      9076361   1/0.00000E+00
 0.85000E+02 0.90000E+02 0.18000E+01 0.55311E-02 0.18717E-03 0.19276E-03 0.52151E-02 0.52151E-02 0.00000E+00 0.00000E+00 0.16886E+01      9076361   1/0.00000E+00
 0.85000E+02 0.90000E+02 0.24000E+01 0.82568E-02 0.19757E-03 0.20362E-03 0.77737E-02 0.77737E-02 0.00000E+00 0.00000E+00 0.24452E+01      9076361   1/0.00000E+00
 0.85000E+02 0.90000E+02 0.30000E+01 0.94846E-02 0.21943E-03 0.22744E-03 0.88283E-02 0.88283E-02 0.00000E+00 0.00000E+00 0.29908E+01      9076361   1/0.00000E+00
 0.90000E+02 0.95000E+02 0.00000E+00 0.44446E-02 0.96793E-04 0.97860E-04 0.43481E-02 0.43481E-02 0.00000E+00 0.00000E+00 0.99643E+00      9076361   1/0.00000E+00
 0.90000E+02 0.95000E+02 0.60000E+00 0.14633E-01 0.98042E-04 0.99116E-04 0.14317E-01 0.14317E-01 0.00000E+00 0.00000E+00 0.32172E+01      9076361   1/0.00000E+00
 0.90000E+02 0.95000E+02 0.12000E+01 0.28788E-01 0.10048E-03 0.10156E-03 0.28178E-01 0.28178E-01 0.00000E+00 0.00000E+00 0.60735E+01      9076361   1/0.00000E+00
 0.90000E+02 0.95000E+02 0.18000E+01 0.49277E-01 0.10415E-03 0.10524E-03 0.48266E-01 0.48266E-01 0.00000E+00 0.00000E+00 0.97123E+01      9076361   1/0.00000E+00
 0.90000E+02 0.95000E+02 0.24000E+01 0.76473E-01 0.11007E-03 0.11116E-03 0.74979E-01 0.74979E-01 0.00000E+00 0.00000E+00 0.13569E+02      9076361   1/0.00000E+00
 0.90000E+02 0.95000E+02 0.30000E+01 0.10554E+00 0.12346E-03 0.12461E-03 0.10360E+00 0.10360E+00 0.00000E+00 0.00000E+00 0.15724E+02      9076361   1/0.00000E+00
 0.95000E+02 0.10000E+03 0.00000E+00 0.10285E-01 0.33194E-03 0.33496E-03 0.10101E-01 0.10101E-01 0.00000E+00 0.00000E+00 0.55495E+00      9076361   1/0.00000E+00
 0.95000E+02 0.10000E+03 0.60000E+00 0.33843E-01 0.33607E-03 0.33909E-03 0.33243E-01 0.33243E-01 0.00000E+00 0.00000E+00 0.17869E+01      9076361   1/0.00000E+00
 0.95000E+02 0.10000E+03 0.12000E+01 0.66437E-01 0.34391E-03 0.34693E-03 0.65285E-01 0.65285E-01 0.00000E+00 0.00000E+00 0.33499E+01      9076361   1/0.00000E+00
 0.95000E+02 0.10000E+03 0.18000E+01 0.11313E+00 0.35525E-03 0.35824E-03 0.11125E+00 0.11125E+00 0.00000E+00 0.00000E+00 0.52889E+01      9076361   1/0.00000E+00
 0.95000E+02 0.10000E+03 0.24000E+01 0.17447E+00 0.37331E-03 0.37624E-03 0.17177E+00 0.17177E+00 0.00000E+00 0.00000E+00 0.72423E+01      9076361   1/0.00000E+00
 0.95000E+02 0.10000E+03 0.30000E+01 0.24018E+00 0.41788E-03 0.42086E-03 0.23678E+00 0.23678E+00 0.00000E+00 0.00000E+00 0.81202E+01      9076361   1/0.00000E+00
 0.10000E+03 0.10500E+03 0.00000E+00 0.15393E-01 0.61384E-03 0.61865E-03 0.15155E-01 0.15155E-01 0.00000E+00 0.00000E+00 0.38801E+00      9076361   1/0.00000E+00
 0.10000E+03 0.10500E+03 0.60000E+00 0.50591E-01 0.62094E-03 0.62574E-03 0.49818E-01 0.49818E-01 0.00000E+00 0.00000E+00 0.12454E+01      9076361   1/0.00000E+00
 0.10000E+03 0.10500E+03 0.12000E+01 0.98985E-01 0.63386E-03 0.63861E-03 0.97516E-01 0.97516E-01 0.00000E+00 0.00000E+00 0.23166E+01      9076361   1/0.00000E+00
 0.10000E+03 0.10500E+03 0.18000E+01 0.16740E+00 0.65111E-03 0.65572E-03 0.16505E+00 0.16505E+00 0.00000E+00 0.00000E+00 0.36057E+01      9076361   1/0.00000E+00
 0.10000E+03 0.10500E+03 0.24000E+01 0.25557E+00 0.67770E-03 0.68209E-03 0.25229E+00 0.25229E+00 0.00000E+00 0.00000E+00 0.48356E+01      9076361   1/0.00000E+00
 0.10000E+03 0.10500E+03 0.30000E+01 0.34709E+00 0.75355E-03 0.75785E-03 0.34315E+00 0.34315E+00 0.00000E+00 0.00000E+00 0.52212E+01      9076361   1/0.00000E+00
 0.10500E+03 0.11000E+03 0.00000E+00 0.19494E-01 0.88330E-03 0.88925E-03 0.19234E-01 0.19234E-01 0.00000E+00 0.00000E+00 0.29434E+00      9076361   1/0.00000E+00
 0.10500E+03 0.11000E+03 0.60000E+00 0.63977E-01 0.89265E-03 0.89857E-03 0.63137E-01 0.63137E-01 0.00000E+00 0.00000E+00 0.94058E+00      9076361   1/0.00000E+00
 0.10500E+03 0.11000E+03 0.12000E+01 0.12471E+00 0.90869E-03 0.91448E-03 0.12314E+00 0.12314E+00 0.00000E+00 0.00000E+00 0.17329E+01      9076361   1/0.00000E+00
 0.10500E+03 0.11000E+03 0.18000E+01 0.20938E+00 0.92778E-03 0.93328E-03 0.20691E+00 0.20691E+00 0.00000E+00 0.00000E+00 0.26515E+01      9076361   1/0.00000E+00
 0.10500E+03 0.11000E+03 0.24000E+01 0.31623E+00 0.95614E-03 0.96118E-03 0.31292E+00 0.31292E+00 0.00000E+00 0.00000E+00 0.34611E+01      9076361   1/0.00000E+00
 0.10500E+03 0.11000E+03 0.30000E+01 0.42284E+00 0.10568E-02 0.10616E-02 0.41908E+00 0.41908E+00 0.00000E+00 0.00000E+00 0.35615E+01      9076361   1/0.00000E+00
 0.11000E+03 0.11500E+03 0.00000E+00 0.22874E-01 0.11447E-02 0.11513E-02 0.22613E-01 0.22613E-01 0.00000E+00 0.00000E+00 0.22782E+00      9076361   1/0.00000E+00
 0.11000E+03 0.11500E+03 0.60000E+00 0.74954E-01 0.11557E-02 0.11622E-02 0.74116E-01 0.74116E-01 0.00000E+00 0.00000E+00 0.72445E+00      9076361   1/0.00000E+00
 0.11000E+03 0.11500E+03 0.12000E+01 0.14555E+00 0.11731E-02 0.11794E-02 0.14400E+00 0.14400E+00 0.00000E+00 0.00000E+00 0.13186E+01      9076361   1/0.00000E+00
 0.11000E+03 0.11500E+03 0.18000E+01 0.24255E+00 0.11908E-02 0.11966E-02 0.24020E+00 0.24020E+00 0.00000E+00 0.00000E+00 0.19750E+01      9076361   1/0.00000E+00
 0.11000E+03 0.11500E+03 0.24000E+01 0.36235E+00 0.12163E-02 0.12214E-02 0.35933E+00 0.35933E+00 0.00000E+00 0.00000E+00 0.24853E+01      9076361   1/0.00000E+00
 0.11000E+03 0.11500E+03 0.30000E+01 0.47695E+00 0.13404E-02 0.13449E-02 0.47374E+00 0.47374E+00 0.00000E+00 0.00000E+00 0.23964E+01      9076361   1/0.00000E+00
 0.11500E+03 0.12000E+03 0.00000E+00 0.25714E-01 0.14009E-02 0.14078E-02 0.25465E-01 0.25465E-01 0.00000E+00 0.00000E+00 0.17762E+00      9076361   1/0.00000E+00
 0.11500E+03 0.12000E+03 0.60000E+00 0.84125E-01 0.14129E-02 0.14196E-02 0.83332E-01 0.83332E-01 0.00000E+00 0.00000E+00 0.56128E+00      9076361   1/0.00000E+00
 0.11500E+03 0.12000E+03 0.12000E+01 0.16271E+00 0.14304E-02 0.14368E-02 0.16127E+00 0.16127E+00 0.00000E+00 0.00000E+00 0.10071E+01      9076361   1/0.00000E+00
 0.11500E+03 0.12000E+03 0.18000E+01 0.26919E+00 0.14442E-02 0.14499E-02 0.26707E+00 0.26707E+00 0.00000E+00 0.00000E+00 0.14668E+01      9076361   1/0.00000E+00
 0.11500E+03 0.12000E+03 0.24000E+01 0.39780E+00 0.14642E-02 0.14689E-02 0.39523E+00 0.39523E+00 0.00000E+00 0.00000E+00 0.17575E+01      9076361   1/0.00000E+00
 0.11500E+03 0.12000E+03 0.30000E+01 0.51570E+00 0.16150E-02 0.16189E-02 0.51321E+00 0.51321E+00 0.00000E+00 0.00000E+00 0.15463E+01      9076361   1/0.00000E+00
 0.12000E+03 0.12500E+03 0.00000E+00 0.28149E-01 0.16543E-02 0.16610E-02 0.27920E-01 0.27920E-01 0.00000E+00 0.00000E+00 0.13881E+00      9076361   1/0.00000E+00
 0.12000E+03 0.12500E+03 0.60000E+00 0.91942E-01 0.16668E-02 0.16734E-02 0.91217E-01 0.91217E-01 0.00000E+00 0.00000E+00 0.43524E+00      9076361   1/0.00000E+00
 0.12000E+03 0.12500E+03 0.12000E+01 0.17713E+00 0.16832E-02 0.16894E-02 0.17584E+00 0.17584E+00 0.00000E+00 0.00000E+00 0.76628E+00      9076361   1/0.00000E+00
 0.12000E+03 0.12500E+03 0.18000E+01 0.29096E+00 0.16914E-02 0.16967E-02 0.28914E+00 0.28914E+00 0.00000E+00 0.00000E+00 0.10771E+01      9076361   1/0.00000E+00
 0.12000E+03 0.12500E+03 0.24000E+01 0.42544E+00 0.17048E-02 0.17089E-02 0.42339E+00 0.42339E+00 0.00000E+00 0.00000E+00 0.12060E+01      9076361   1/0.00000E+00
 0.12000E+03 0.12500E+03 0.30000E+01 0.54364E+00 0.18890E-02 0.18920E-02 0.54190E+00 0.54190E+00 0.00000E+00 0.00000E+00 0.92338E+00      9076361   1/0.00000E+00
 0.12500E+03 0.13000E+03 0.00000E+00 0.30281E-01 0.19066E-02 0.19132E-02 0.30075E-01 0.30075E-01 0.00000E+00 0.00000E+00 0.10835E+00      9076361   1/0.00000E+00
 0.12500E+03 0.13000E+03 0.60000E+00 0.98742E-01 0.19193E-02 0.19256E-02 0.98096E-01 0.98096E-01 0.00000E+00 0.00000E+00 0.33665E+00      9076361   1/0.00000E+00
 0.12500E+03 0.13000E+03 0.12000E+01 0.18947E+00 0.19336E-02 0.19394E-02 0.18835E+00 0.18835E+00 0.00000E+00 0.00000E+00 0.57894E+00      9076361   1/0.00000E+00
 0.12500E+03 0.13000E+03 0.18000E+01 0.30911E+00 0.19349E-02 0.19396E-02 0.30761E+00 0.30761E+00 0.00000E+00 0.00000E+00 0.77558E+00      9076361   1/0.00000E+00
 0.12500E+03 0.13000E+03 0.24000E+01 0.44736E+00 0.19420E-02 0.19453E-02 0.44583E+00 0.44583E+00 0.00000E+00 0.00000E+00 0.78511E+00      9076361   1/0.00000E+00
 0.12500E+03 0.13000E+03 0.30000E+01 0.56394E+00 0.21686E-02 0.21706E-02 0.56293E+00 0.56293E+00 0.00000E+00 0.00000E+00 0.46837E+00      9076361   1/0.00000E+00
 0.13000E+03 0.13500E+03 0.00000E+00 0.32184E-01 0.21597E-02 0.21658E-02 0.32002E-01 0.32002E-01 0.00000E+00 0.00000E+00 0.84293E-01      9076361   1/0.00000E+00
 0.13000E+03 0.13500E+03 0.60000E+00 0.10477E+00 0.21721E-02 0.21780E-02 0.10421E+00 0.10421E+00 0.00000E+00 0.00000E+00 0.25871E+00      9076361   1/0.00000E+00
 0.13000E+03 0.13500E+03 0.12000E+01 0.20026E+00 0.21836E-02 0.21887E-02 0.19932E+00 0.19932E+00 0.00000E+00 0.00000E+00 0.43179E+00      9076361   1/0.00000E+00
 0.13000E+03 0.13500E+03 0.18000E+01 0.32453E+00 0.21770E-02 0.21809E-02 0.32335E+00 0.32335E+00 0.00000E+00 0.00000E+00 0.54103E+00      9076361   1/0.00000E+00
 0.13000E+03 0.13500E+03 0.24000E+01 0.46506E+00 0.21786E-02 0.21810E-02 0.46405E+00 0.46405E+00 0.00000E+00 0.00000E+00 0.46322E+00      9076361   1/0.00000E+00
 0.13000E+03 0.13500E+03 0.30000E+01 0.57881E+00 0.24586E-02 0.24593E-02 0.57846E+00 0.57846E+00 0.00000E+00 0.00000E+00 0.13940E+00      9076361   1/0.00000E+00
 0.13500E+03 0.14000E+03 0.00000E+00 0.33914E-01 0.24148E-02 0.24204E-02 0.33757E-01 0.33757E-01 0.00000E+00 0.00000E+00 0.65110E-01      9076361   1/0.00000E+00
 0.13500E+03 0.14000E+03 0.60000E+00 0.11023E+00 0.24266E-02 0.24319E-02 0.10975E+00 0.10975E+00 0.00000E+00 0.00000E+00 0.19684E+00      9076361   1/0.00000E+00
 0.13500E+03 0.14000E+03 0.12000E+01 0.20986E+00 0.24343E-02 0.24388E-02 0.20909E+00 0.20909E+00 0.00000E+00 0.00000E+00 0.31522E+00      9076361   1/0.00000E+00
 0.13500E+03 0.14000E+03 0.18000E+01 0.33787E+00 0.24192E-02 0.24223E-02 0.33701E+00 0.33701E+00 0.00000E+00 0.00000E+00 0.35684E+00      9076361   1/0.00000E+00
 0.13500E+03 0.14000E+03 0.24000E+01 0.47963E+00 0.24169E-02 0.24182E-02 0.47910E+00 0.47910E+00 0.00000E+00 0.00000E+00 0.21697E+00      9076361   1/0.00000E+00
 0.13500E+03 0.14000E+03 0.30000E+01 0.58975E+00 0.27625E-02 0.27619E-02 0.59002E+00 0.59002E+00 0.00000E+00 0.00000E+00 -.96114E-01      9076361   1/0.00000E+00
 0.14000E+03 0.14500E+03 0.00000E+00 0.35511E-01 0.26729E-02 0.26779E-02 0.35378E-01 0.35378E-01 0.00000E+00 0.00000E+00 0.49647E-01      9076361   1/0.00000E+00
 0.14000E+03 0.14500E+03 0.60000E+00 0.11523E+00 0.26837E-02 0.26883E-02 0.11483E+00 0.11483E+00 0.00000E+00 0.00000E+00 0.14679E+00      9076361   1/0.00000E+00
 0.14000E+03 0.14500E+03 0.12000E+01 0.21854E+00 0.26871E-02 0.26908E-02 0.21794E+00 0.21794E+00 0.00000E+00 0.00000E+00 0.22177E+00      9076361   1/0.00000E+00
 0.14000E+03 0.14500E+03 0.18000E+01 0.34960E+00 0.26629E-02 0.26650E-02 0.34904E+00 0.34904E+00 0.00000E+00 0.00000E+00 0.21130E+00      9076361   1/0.00000E+00
 0.14000E+03 0.14500E+03 0.24000E+01 0.49182E+00 0.26585E-02 0.26587E-02 0.49174E+00 0.49174E+00 0.00000E+00 0.00000E+00 0.28422E-01      9076361   1/0.00000E+00
 0.14000E+03 0.14500E+03 0.30000E+01 0.59787E+00 0.30833E-02 0.30812E-02 0.59868E+00 0.59868E+00 0.00000E+00 0.00000E+00 -.26226E+00      9076361   1/0.00000E+00
