           1
          66
 str100 CC e-p                                                                   
 x           Q2          y              data      +- uncor     +- tot     th orig         th mod   therr+         therr-     pull    iset       iplot
 0.10000E-03 0.10000E+03 0.59520E+00 0.23390E+01 0.98238E-01 0.98238E-01 0.23390E+01 0.23390E+01 0.52317E-01 0.52317E-01 -.36446E-03   66 999/0.00000E+00
 0.25000E-03 0.10000E+03 0.23810E+00 0.27351E+01 0.99011E-01 0.99011E-01 0.27350E+01 0.27351E+01 0.96526E-01 0.96526E-01 -.10898E-04   66 999/0.00000E+00
 0.35000E-03 0.10000E+03 0.17010E+00 0.26615E+01 0.93153E-01 0.93153E-01 0.26615E+01 0.26615E+01 0.95744E-01 0.95744E-01 -.24151E-03   66 999/0.00000E+00
 0.50000E-03 0.10000E+03 0.11900E+00 0.25109E+01 0.86877E-01 0.86877E-01 0.25109E+01 0.25110E+01 0.89369E-01 0.89369E-01 -.72858E-03   66 999/0.00000E+00
 0.10000E-02 0.10000E+03 0.59500E-01 0.21129E+01 0.66345E-01 0.66345E-01 0.21129E+01 0.21130E+01 0.69608E-01 0.69608E-01 -.84894E-03   66 999/0.00000E+00
 0.25000E-02 0.10000E+03 0.23800E-01 0.15541E+01 0.56725E-01 0.56725E-01 0.15541E+01 0.15541E+01 0.42939E-01 0.42939E-01 -.66670E-03   66 999/0.00000E+00
 0.35000E-02 0.10000E+03 0.17000E-01 0.13634E+01 0.50446E-01 0.50446E-01 0.13633E+01 0.13634E+01 0.34670E-01 0.34670E-01 0.77531E-03   66 999/0.00000E+00
 0.50000E-02 0.10000E+03 0.11900E-01 0.11743E+01 0.45563E-01 0.45563E-01 0.11743E+01 0.11743E+01 0.27084E-01 0.27084E-01 -.54535E-03   66 999/0.00000E+00
 0.10000E-01 0.10000E+03 0.60000E-02 0.84720E+00 0.34396E-01 0.34396E-01 0.84719E+00 0.84720E+00 0.15716E-01 0.15716E-01 0.47248E-04   66 999/0.00000E+00
 0.12000E-01 0.10000E+03 0.50000E-02 0.77008E+00 0.31650E-01 0.31650E-01 0.77007E+00 0.77008E+00 0.13450E-01 0.13450E-01 -.11815E-03   66 999/0.00000E+00
 0.18000E-01 0.10000E+03 0.33000E-02 0.61212E+00 0.27913E-01 0.27913E-01 0.61211E+00 0.61212E+00 0.94563E-02 0.94563E-02 -.77047E-04   66 999/0.00000E+00
 0.25000E-01 0.10000E+03 0.24000E-02 0.49698E+00 0.26837E-01 0.26837E-01 0.49697E+00 0.49698E+00 0.71681E-02 0.71681E-02 0.67458E-04   66 999/0.00000E+00
 0.25000E-03 0.18000E+03 0.42860E+00 0.25000E+01 0.92000E-01 0.92000E-01 0.25000E+01 0.25000E+01 0.58607E-01 0.58607E-01 -.26170E-03   66 999/0.00000E+00
 0.35000E-03 0.18000E+03 0.30610E+00 0.25841E+01 0.88118E-01 0.88118E-01 0.25841E+01 0.25842E+01 0.69172E-01 0.69172E-01 -.78432E-03   66 999/0.00000E+00
 0.50000E-03 0.18000E+03 0.21430E+00 0.25464E+01 0.84795E-01 0.84795E-01 0.25464E+01 0.25465E+01 0.72050E-01 0.72050E-01 -.70639E-03   66 999/0.00000E+00
 0.10000E-02 0.18000E+03 0.10710E+00 0.22424E+01 0.68393E-01 0.68393E-01 0.22424E+01 0.22425E+01 0.62591E-01 0.62591E-01 -.75190E-03   66 999/0.00000E+00
 0.25000E-02 0.18000E+03 0.42900E-01 0.16782E+01 0.55381E-01 0.55381E-01 0.16782E+01 0.16782E+01 0.40773E-01 0.40773E-01 -.46758E-04   66 999/0.00000E+00
 0.35000E-02 0.18000E+03 0.30600E-01 0.14726E+01 0.48890E-01 0.48890E-01 0.14726E+01 0.14726E+01 0.33218E-01 0.33218E-01 0.40341E-03   66 999/0.00000E+00
 0.50000E-02 0.18000E+03 0.21400E-01 0.12660E+01 0.42158E-01 0.42158E-01 0.12660E+01 0.12660E+01 0.26104E-01 0.26104E-01 -.15007E-03   66 999/0.00000E+00
 0.10000E-01 0.18000E+03 0.10700E-01 0.90630E+00 0.30814E-01 0.30814E-01 0.90629E+00 0.90630E+00 0.15240E-01 0.15240E-01 0.19487E-04   66 999/0.00000E+00
 0.12000E-01 0.18000E+03 0.89000E-02 0.82160E+00 0.29085E-01 0.29085E-01 0.82159E+00 0.82160E+00 0.13057E-01 0.13057E-01 -.52662E-04   66 999/0.00000E+00
 0.18000E-01 0.18000E+03 0.60000E-02 0.64864E+00 0.23416E-01 0.23416E-01 0.64863E+00 0.64864E+00 0.92062E-02 0.92062E-02 0.41701E-04   66 999/0.00000E+00
 0.25000E-01 0.18000E+03 0.43000E-02 0.52352E+00 0.19998E-01 0.19998E-01 0.52351E+00 0.52351E+00 0.70029E-02 0.70029E-02 0.31375E-03   66 999/0.00000E+00
 0.25000E-03 0.32000E+03 0.76190E+00 0.19605E+01 0.16351E+00 0.16351E+00 0.19605E+01 0.19605E+01 0.20966E-01 0.20966E-01 0.23215E-03   66 999/0.00000E+00
 0.35000E-03 0.32000E+03 0.54420E+00 0.21900E+01 0.79716E-01 0.79716E-01 0.21900E+01 0.21900E+01 0.35092E-01 0.35092E-01 -.35111E-03   66 999/0.00000E+00
 0.50000E-03 0.32000E+03 0.38100E+00 0.23271E+01 0.77958E-01 0.77958E-01 0.23271E+01 0.23271E+01 0.47198E-01 0.47198E-01 0.49168E-04   66 999/0.00000E+00
 0.10000E-02 0.32000E+03 0.19050E+00 0.22408E+01 0.67672E-01 0.67672E-01 0.22407E+01 0.22408E+01 0.51755E-01 0.51755E-01 0.41168E-03   66 999/0.00000E+00
 0.25000E-02 0.32000E+03 0.76200E-01 0.17545E+01 0.55091E-01 0.55091E-01 0.17545E+01 0.17545E+01 0.37593E-01 0.37593E-01 -.40848E-03   66 999/0.00000E+00
 0.35000E-02 0.32000E+03 0.54400E-01 0.15484E+01 0.49704E-01 0.49704E-01 0.15483E+01 0.15484E+01 0.31178E-01 0.31178E-01 0.78746E-03   66 999/0.00000E+00
 0.50000E-02 0.32000E+03 0.38100E-01 0.13344E+01 0.41900E-01 0.41900E-01 0.13343E+01 0.13344E+01 0.24806E-01 0.24806E-01 0.10260E-02   66 999/0.00000E+00
 0.10000E-01 0.32000E+03 0.19000E-01 0.95325E+00 0.30123E-01 0.30123E-01 0.95323E+00 0.95325E+00 0.14681E-01 0.14681E-01 0.15782E-03   66 999/0.00000E+00
 0.12000E-01 0.32000E+03 0.15900E-01 0.86265E+00 0.27864E-01 0.27864E-01 0.86264E+00 0.86265E+00 0.12606E-01 0.12606E-01 -.11511E-03   66 999/0.00000E+00
 0.18000E-01 0.32000E+03 0.10600E-01 0.67794E+00 0.22575E-01 0.22575E-01 0.67793E+00 0.67794E+00 0.89359E-02 0.89359E-02 0.19585E-03   66 999/0.00000E+00
 0.25000E-01 0.32000E+03 0.76000E-02 0.54458E+00 0.18625E-01 0.18625E-01 0.54457E+00 0.54457E+00 0.68282E-02 0.68282E-02 0.33564E-03   66 999/0.00000E+00
 0.40000E-01 0.32000E+03 0.48000E-02 0.37938E+00 0.13885E-01 0.13885E-01 0.37937E+00 0.37938E+00 0.49050E-02 0.49050E-02 -.22119E-04   66 999/0.00000E+00
 0.50000E-03 0.56000E+03 0.66670E+00 0.18508E+01 0.86617E-01 0.86617E-01 0.18508E+01 0.18508E+01 0.20031E-01 0.20031E-01 0.91171E-04   66 999/0.00000E+00
 0.10000E-02 0.56000E+03 0.33330E+00 0.20520E+01 0.63612E-01 0.63612E-01 0.20520E+01 0.20520E+01 0.36319E-01 0.36319E-01 0.10579E-03   66 999/0.00000E+00
 0.25000E-02 0.56000E+03 0.13330E+00 0.17586E+01 0.55396E-01 0.55396E-01 0.17585E+01 0.17586E+01 0.32903E-01 0.32903E-01 0.54191E-03   66 999/0.00000E+00
 0.35000E-02 0.56000E+03 0.95200E-01 0.15749E+01 0.48979E-01 0.48979E-01 0.15749E+01 0.15749E+01 0.28245E-01 0.28245E-01 0.53711E-03   66 999/0.00000E+00
 0.50000E-02 0.56000E+03 0.66700E-01 0.13699E+01 0.43563E-01 0.43563E-01 0.13699E+01 0.13699E+01 0.23021E-01 0.23021E-01 0.14637E-03   66 999/0.00000E+00
 0.10000E-01 0.56000E+03 0.33300E-01 0.98495E+00 0.32011E-01 0.32011E-01 0.98493E+00 0.98494E+00 0.13992E-01 0.13992E-01 0.17165E-03   66 999/0.00000E+00
 0.12000E-01 0.56000E+03 0.27800E-01 0.89131E+00 0.29235E-01 0.29235E-01 0.89130E+00 0.89131E+00 0.12070E-01 0.12070E-01 0.12262E-03   66 999/0.00000E+00
 0.18000E-01 0.56000E+03 0.18500E-01 0.69916E+00 0.22793E-01 0.22793E-01 0.69915E+00 0.69916E+00 0.86296E-02 0.86296E-02 0.14202E-03   66 999/0.00000E+00
 0.25000E-01 0.56000E+03 0.13300E-01 0.55994E+00 0.19094E-01 0.19094E-01 0.55993E+00 0.55994E+00 0.66354E-02 0.66354E-02 0.46321E-04   66 999/0.00000E+00
 0.40000E-01 0.56000E+03 0.83000E-02 0.38779E+00 0.13689E-01 0.13689E-01 0.38778E+00 0.38778E+00 0.48044E-02 0.48044E-02 0.44764E-03   66 999/0.00000E+00
 0.55000E-01 0.56000E+03 0.61000E-02 0.28919E+00 0.11076E-01 0.11076E-01 0.28918E+00 0.28919E+00 0.40225E-02 0.40225E-02 0.13541E-03   66 999/0.00000E+00
 0.10000E-02 0.10000E+04 0.59520E+00 0.16296E+01 0.53288E-01 0.53288E-01 0.16295E+01 0.16296E+01 0.17039E-01 0.17039E-01 0.79740E-03   66 999/0.00000E+00
 0.25000E-02 0.10000E+04 0.23810E+00 0.16481E+01 0.52739E-01 0.52739E-01 0.16481E+01 0.16481E+01 0.25614E-01 0.25614E-01 0.46531E-03   66 999/0.00000E+00
 0.35000E-02 0.10000E+04 0.17010E+00 0.15240E+01 0.47092E-01 0.47092E-01 0.15240E+01 0.15240E+01 0.23669E-01 0.23669E-01 -.97498E-04   66 999/0.00000E+00
 0.50000E-02 0.10000E+04 0.11900E+00 0.13561E+01 0.43124E-01 0.43124E-01 0.13561E+01 0.13561E+01 0.20296E-01 0.20296E-01 -.26801E-03   66 999/0.00000E+00
 0.10000E-01 0.10000E+04 0.59500E-01 0.99659E+00 0.31393E-01 0.31393E-01 0.99657E+00 0.99658E+00 0.13020E-01 0.13020E-01 0.25380E-03   66 999/0.00000E+00
 0.12000E-01 0.10000E+04 0.49600E-01 0.90422E+00 0.29116E-01 0.29116E-01 0.90421E+00 0.90422E+00 0.11332E-01 0.11332E-01 0.15822E-04   66 999/0.00000E+00
 0.18000E-01 0.10000E+04 0.33100E-01 0.71107E+00 0.22896E-01 0.22896E-01 0.71106E+00 0.71107E+00 0.82282E-02 0.82282E-02 -.50841E-04   66 999/0.00000E+00
 0.25000E-01 0.10000E+04 0.23800E-01 0.56931E+00 0.18503E-01 0.18503E-01 0.56930E+00 0.56931E+00 0.63911E-02 0.63911E-02 0.13398E-03   66 999/0.00000E+00
 0.40000E-01 0.10000E+04 0.14900E-01 0.39294E+00 0.13006E-01 0.13006E-01 0.39293E+00 0.39294E+00 0.46801E-02 0.46801E-02 -.15398E-05   66 999/0.00000E+00
 0.55000E-01 0.10000E+04 0.10800E-01 0.29198E+00 0.10540E-01 0.10540E-01 0.29197E+00 0.29198E+00 0.39408E-02 0.39408E-02 0.11650E-03   66 999/0.00000E+00
 0.80000E-01 0.10000E+04 0.74000E-02 0.19281E+00 0.81559E-02 0.81559E-02 0.19281E+00 0.19281E+00 0.32691E-02 0.32691E-02 -.11786E-03   66 999/0.00000E+00
 0.25000E-02 0.18000E+04 0.42860E+00 0.13737E+01 0.44645E-01 0.44645E-01 0.13737E+01 0.13737E+01 0.15458E-01 0.15458E-01 -.23995E-03   66 999/0.00000E+00
 0.35000E-02 0.18000E+04 0.30610E+00 0.13513E+01 0.42701E-01 0.42701E-01 0.13513E+01 0.13513E+01 0.16888E-01 0.16888E-01 -.10633E-03   66 999/0.00000E+00
 0.50000E-02 0.18000E+04 0.21430E+00 0.12595E+01 0.38667E-01 0.38667E-01 0.12595E+01 0.12595E+01 0.16153E-01 0.16153E-01 -.10539E-02   66 999/0.00000E+00
 0.10000E-01 0.18000E+04 0.10710E+00 0.97398E+00 0.29804E-01 0.29804E-01 0.97397E+00 0.97398E+00 0.11588E-01 0.11588E-01 0.60084E-04   66 999/0.00000E+00
 0.12000E-01 0.18000E+04 0.89300E-01 0.89031E+00 0.27867E-01 0.27867E-01 0.89030E+00 0.89030E+00 0.10260E-01 0.10260E-01 0.22658E-03   66 999/0.00000E+00
 0.18000E-01 0.18000E+04 0.59500E-01 0.70788E+00 0.22015E-01 0.22015E-01 0.70787E+00 0.70787E+00 0.76702E-02 0.76702E-02 0.25540E-03   66 999/0.00000E+00
 0.25000E-01 0.18000E+04 0.42900E-01 0.56919E+00 0.17929E-01 0.17929E-01 0.56918E+00 0.56919E+00 0.60592E-02 0.60592E-02 0.13151E-03   66 999/0.00000E+00
 0.40000E-01 0.18000E+04 0.26800E-01 0.39349E+00 0.12434E-01 0.12434E-01 0.39348E+00 0.39348E+00 0.45173E-02 0.45173E-02 0.45981E-03   66 999/0.00000E+00
 0.55000E-01 0.18000E+04 0.19500E-01 0.29195E+00 0.95760E-02 0.95760E-02 0.29195E+00 0.29195E+00 0.38356E-02 0.38356E-02 -.22372E-03   66 999/0.00000E+00
 0.80000E-01 0.18000E+04 0.13400E-01 0.19209E+00 0.67232E-02 0.67232E-02 0.19209E+00 0.19209E+00 0.32040E-02 0.32040E-02 -.12136E-03   66 999/0.00000E+00
 0.25000E-02 0.32000E+04 0.76190E+00 0.98893E+00 0.58841E-01 0.58841E-01 0.98893E+00 0.98893E+00 0.65725E-02 0.65725E-02 0.66745E-05   66 999/0.00000E+00
 0.35000E-02 0.32000E+04 0.54420E+00 0.10439E+01 0.34553E-01 0.34553E-01 0.10439E+01 0.10439E+01 0.87468E-02 0.87468E-02 0.84059E-03   66 999/0.00000E+00
 0.50000E-02 0.32000E+04 0.38100E+00 0.10531E+01 0.33278E-01 0.33278E-01 0.10531E+01 0.10531E+01 0.10518E-01 0.10518E-01 0.75384E-03   66 999/0.00000E+00
 0.10000E-01 0.32000E+04 0.19050E+00 0.89938E+00 0.27791E-01 0.27791E-01 0.89937E+00 0.89937E+00 0.95107E-02 0.95107E-02 0.29284E-03   66 999/0.00000E+00
 0.12000E-01 0.32000E+04 0.15870E+00 0.83549E+00 0.25566E-01 0.25566E-01 0.83548E+00 0.83549E+00 0.87119E-02 0.87119E-02 0.12654E-03   66 999/0.00000E+00
 0.18000E-01 0.32000E+04 0.10580E+00 0.68123E+00 0.21391E-01 0.21391E-01 0.68122E+00 0.68123E+00 0.68729E-02 0.68729E-02 0.16838E-03   66 999/0.00000E+00
 0.25000E-01 0.32000E+04 0.76200E-01 0.55478E+00 0.17254E-01 0.17254E-01 0.55477E+00 0.55478E+00 0.55937E-02 0.55937E-02 0.26901E-03   66 999/0.00000E+00
 0.40000E-01 0.32000E+04 0.47600E-01 0.38729E+00 0.12238E-01 0.12238E-01 0.38728E+00 0.38728E+00 0.42934E-02 0.42934E-02 0.53698E-03   66 999/0.00000E+00
 0.55000E-01 0.32000E+04 0.34600E-01 0.28810E+00 0.91616E-02 0.91616E-02 0.28810E+00 0.28811E+00 0.36945E-02 0.36945E-02 -.68020E-03   66 999/0.00000E+00
 0.80000E-01 0.32000E+04 0.23800E-01 0.18954E+00 0.63117E-02 0.63117E-02 0.18954E+00 0.18954E+00 0.31192E-02 0.31192E-02 -.44822E-03   66 999/0.00000E+00
 0.15000E+00 0.32000E+04 0.12700E-01 0.71344E-01 0.27896E-02 0.27896E-02 0.71343E-01 0.71347E-01 0.21701E-02 0.21701E-02 -.10222E-02   66 999/0.00000E+00
 0.50000E-02 0.56000E+04 0.66670E+00 0.75859E+00 0.34364E-01 0.34364E-01 0.75858E+00 0.75859E+00 0.50036E-02 0.50036E-02 0.11263E-03   66 999/0.00000E+00
 0.10000E-01 0.56000E+04 0.33330E+00 0.75660E+00 0.24892E-01 0.24892E-01 0.75659E+00 0.75660E+00 0.66944E-02 0.66944E-02 0.81544E-04   66 999/0.00000E+00
 0.12000E-01 0.56000E+04 0.27780E+00 0.72437E+00 0.23180E-01 0.23180E-01 0.72436E+00 0.72437E+00 0.65552E-02 0.65552E-02 0.64395E-04   66 999/0.00000E+00
 0.18000E-01 0.56000E+04 0.18520E+00 0.62089E+00 0.19744E-01 0.19744E-01 0.62088E+00 0.62088E+00 0.57332E-02 0.57332E-02 0.35317E-03   66 999/0.00000E+00
 0.25000E-01 0.56000E+04 0.13330E+00 0.51943E+00 0.16881E-01 0.16881E-01 0.51942E+00 0.51942E+00 0.49238E-02 0.49238E-02 0.42027E-03   66 999/0.00000E+00
 0.40000E-01 0.56000E+04 0.83300E-01 0.37127E+00 0.12215E-01 0.12215E-01 0.37126E+00 0.37126E+00 0.39712E-02 0.39712E-02 0.45038E-03   66 999/0.00000E+00
 0.55000E-01 0.56000E+04 0.60600E-01 0.27870E+00 0.93922E-02 0.93922E-02 0.27870E+00 0.27870E+00 0.34926E-02 0.34926E-02 -.48092E-03   66 999/0.00000E+00
 0.80000E-01 0.56000E+04 0.41700E-01 0.18439E+00 0.64721E-02 0.64721E-02 0.18439E+00 0.18440E+00 0.30000E-02 0.30000E-02 -.82885E-03   66 999/0.00000E+00
 0.15000E+00 0.56000E+04 0.22200E-01 0.69418E-01 0.27281E-02 0.27281E-02 0.69417E-01 0.69421E-01 0.21128E-02 0.21128E-02 -.12116E-02   66 999/0.00000E+00
 0.10000E-01 0.10000E+05 0.59520E+00 0.53586E+00 0.23256E-01 0.23256E-01 0.53586E+00 0.53586E+00 0.35002E-02 0.35002E-02 -.12634E-03   66 999/0.00000E+00
 0.12000E-01 0.10000E+05 0.49600E+00 0.53905E+00 0.19999E-01 0.19999E-01 0.53905E+00 0.53905E+00 0.38097E-02 0.38097E-02 -.16214E-03   66 999/0.00000E+00
 0.18000E-01 0.10000E+05 0.33070E+00 0.50828E+00 0.17383E-01 0.17383E-01 0.50827E+00 0.50827E+00 0.40846E-02 0.40846E-02 0.33496E-03   66 999/0.00000E+00
 0.25000E-01 0.10000E+05 0.23810E+00 0.44951E+00 0.14879E-01 0.14879E-01 0.44950E+00 0.44951E+00 0.39067E-02 0.39067E-02 0.29119E-03   66 999/0.00000E+00
 0.40000E-01 0.10000E+05 0.14880E+00 0.33845E+00 0.11372E-01 0.11372E-01 0.33844E+00 0.33845E+00 0.34659E-02 0.34659E-02 0.22078E-03   66 999/0.00000E+00
 0.55000E-01 0.10000E+05 0.10820E+00 0.25976E+00 0.90137E-02 0.90137E-02 0.25975E+00 0.25976E+00 0.31738E-02 0.31738E-02 0.97206E-04   66 999/0.00000E+00
 0.80000E-01 0.10000E+05 0.74400E-01 0.17473E+00 0.62204E-02 0.62204E-02 0.17473E+00 0.17473E+00 0.28123E-02 0.28123E-02 -.74419E-03   66 999/0.00000E+00
 0.15000E+00 0.10000E+05 0.39700E-01 0.66539E-01 0.27547E-02 0.27547E-02 0.66537E-01 0.66541E-01 0.20279E-02 0.20279E-02 -.84127E-03   66 999/0.00000E+00
 0.25000E+00 0.10000E+05 0.23800E-01 0.18525E-01 0.18692E-02 0.18692E-02 0.18517E-01 0.18519E-01 0.11023E-02 0.11023E-02 0.30174E-02   66 999/0.00000E+00
 0.18000E-01 0.18000E+05 0.59520E+00 0.34382E+00 0.16435E-01 0.16435E-01 0.34382E+00 0.34382E+00 0.22745E-02 0.22745E-02 -.20786E-03   66 999/0.00000E+00
 0.25000E-01 0.18000E+05 0.42860E+00 0.33516E+00 0.12636E-01 0.12636E-01 0.33515E+00 0.33516E+00 0.25532E-02 0.25532E-02 0.23410E-03   66 999/0.00000E+00
 0.40000E-01 0.18000E+05 0.26790E+00 0.28050E+00 0.98736E-02 0.98736E-02 0.28049E+00 0.28049E+00 0.27099E-02 0.27099E-02 0.52494E-03   66 999/0.00000E+00
 0.55000E-01 0.18000E+05 0.19480E+00 0.22580E+00 0.79707E-02 0.79707E-02 0.22580E+00 0.22580E+00 0.26776E-02 0.26776E-02 0.14021E-03   66 999/0.00000E+00
 0.80000E-01 0.18000E+05 0.13390E+00 0.15776E+00 0.58371E-02 0.58371E-02 0.15776E+00 0.15776E+00 0.25131E-02 0.25131E-02 -.66437E-03   66 999/0.00000E+00
 0.15000E+00 0.18000E+05 0.71400E-01 0.62138E-01 0.25787E-02 0.25787E-02 0.62137E-01 0.62140E-01 0.18980E-02 0.18980E-02 -.86701E-03   66 999/0.00000E+00
 0.25000E+00 0.18000E+05 0.42900E-01 0.17458E-01 0.16498E-02 0.16498E-02 0.17449E-01 0.17451E-01 0.10405E-02 0.10405E-02 0.39774E-02   66 999/0.00000E+00
 0.25000E-01 0.32000E+05 0.76190E+00 0.20279E+00 0.35975E-01 0.35975E-01 0.20279E+00 0.20279E+00 0.15237E-02 0.15237E-02 -.13136E-03   66 999/0.00000E+00
 0.40000E-01 0.32000E+05 0.47620E+00 0.19598E+00 0.10289E-01 0.10289E-01 0.19598E+00 0.19598E+00 0.17876E-02 0.17876E-02 -.10966E-03   66 999/0.00000E+00
 0.55000E-01 0.32000E+05 0.34630E+00 0.17305E+00 0.79430E-02 0.79430E-02 0.17305E+00 0.17305E+00 0.19916E-02 0.19916E-02 -.52944E-04   66 999/0.00000E+00
 0.80000E-01 0.32000E+05 0.23810E+00 0.13070E+00 0.59861E-02 0.59861E-02 0.13069E+00 0.13070E+00 0.20667E-02 0.20667E-02 0.49057E-03   66 999/0.00000E+00
 0.15000E+00 0.32000E+05 0.12700E+00 0.55474E-01 0.27626E-02 0.27626E-02 0.55472E-01 0.55476E-01 0.17007E-02 0.17007E-02 -.55235E-03   66 999/0.00000E+00
 0.25000E+00 0.32000E+05 0.76200E-01 0.16033E-01 0.19721E-02 0.19721E-02 0.16024E-01 0.16026E-01 0.95671E-03 0.95671E-03 0.35568E-02   66 999/0.00000E+00
 0.55000E-01 0.56000E+05 0.60610E+00 0.10613E+00 0.16684E-01 0.16684E-01 0.10613E+00 0.10613E+00 0.12865E-02 0.12865E-02 -.22795E-03   66 999/0.00000E+00
 0.80000E-01 0.56000E+05 0.41670E+00 0.92262E-01 0.93185E-02 0.93185E-02 0.92261E-01 0.92263E-01 0.14831E-02 0.14831E-02 -.91758E-04   66 999/0.00000E+00
 0.15000E+00 0.56000E+05 0.22220E+00 0.45667E-01 0.39593E-02 0.39593E-02 0.45666E-01 0.45669E-01 0.14107E-02 0.14107E-02 -.43428E-03   66 999/0.00000E+00
 0.25000E+00 0.56000E+05 0.13330E+00 0.14061E-01 0.29598E-02 0.29598E-02 0.14053E-01 0.14054E-01 0.83947E-03 0.83947E-03 0.23157E-02   66 999/0.00000E+00
 0.15000E+00 0.10000E+06 0.39680E+00 0.31220E-01 0.57257E-02 0.57257E-02 0.31219E-01 0.31221E-01 0.99162E-03 0.99162E-03 -.15545E-03   66 999/0.00000E+00
