* Theory file for str100 CC e-p
&Data 
   Name = "Theory for str100 CC e-p"
   NData =   114
   NColumn =    33
   ColumnType = 3*"Bin","Theory", 29*"Error"
   ColumnName = "x","Q2","y","theory","PDF_nuisance_param_1","PDF_nuisance_param_2","PDF_nuisance_param_3","PDF_nuisance_param_4","PDF_nuisance_param_5","PDF_nuisance_param_6","PDF_nuisance_param_7","PDF_nuisance_param_8","PDF_nuisance_param_9","PDF_nuisance_param_10","PDF_nuisance_param_11","PDF_nuisance_param_12","PDF_nuisance_param_13","PDF_nuisance_param_14","PDF_nuisance_param_15","PDF_nuisance_param_16","PDF_nuisance_param_17","PDF_nuisance_param_18","PDF_nuisance_param_19","PDF_nuisance_param_20","PDF_nuisance_param_21","PDF_nuisance_param_22","PDF_nuisance_param_23","PDF_nuisance_param_24","PDF_nuisance_param_25","PDF_nuisance_param_26","PDF_nuisance_param_27","PDF_nuisance_param_28","PDF_nuisance_param_29"
   Percent =  29*True
&End 
  0.1000E-03  0.1000E+03  0.5952E+00  0.2339E+01 -0.9934E-02  0.1776E-01  0.7772E-03 -0.1989E+00 -0.4028E+00  0.3501E+00 -0.9676E-01 -0.1331E+00 -0.2995E-01  0.2193E+00 -0.3650E-02 -0.6828E+00 -0.7220E+00  0.5351E+00  0.2657E+00  0.9843E-01 -0.1672E+00 -0.3543E-01  0.2239E+00  0.7688E-01 -0.2857E+00  0.5581E+00 -0.1481E+01 -0.7863E-01  0.1666E+00  0.6911E+00 -0.1969E+00  0.1568E+00 -0.3323E-01
  0.2500E-03  0.1000E+03  0.2381E+00  0.2735E+01 -0.4713E-02  0.6461E-02  0.9704E-03 -0.2402E+00 -0.1953E+00  0.5409E+00 -0.2071E+00 -0.6772E-01 -0.7717E-01  0.3147E+00  0.2066E-01 -0.1395E+01 -0.7823E+00  0.6365E+00  0.2859E+00  0.1357E+00 -0.1400E+00 -0.1741E-01  0.2558E+00  0.2848E+00 -0.5313E+00  0.9494E+00 -0.2434E+01 -0.1806E+00  0.1826E+00  0.1069E+01 -0.5951E+00  0.1065E+00  0.3807E-01
  0.3500E-03  0.1000E+03  0.1701E+00  0.2661E+01 -0.3915E-02  0.4307E-02  0.9992E-03 -0.2451E+00 -0.1493E+00  0.5733E+00 -0.2299E+00 -0.4823E-01 -0.9261E-01  0.3212E+00  0.2541E-01 -0.1444E+01 -0.7605E+00  0.6379E+00  0.2730E+00  0.1430E+00 -0.1354E+00 -0.1420E-01  0.2483E+00  0.3225E+00 -0.5565E+00  0.9628E+00 -0.2476E+01 -0.1957E+00  0.1608E+00  0.1081E+01 -0.6332E+00  0.9768E-01  0.3926E-01
  0.5000E-03  0.1000E+03  0.1190E+00  0.2511E+01 -0.3339E-02  0.2504E-02  0.1018E-02 -0.2477E+00 -0.1083E+00  0.5979E+00 -0.2495E+00 -0.2886E-01 -0.1082E+00  0.3205E+00  0.2928E-01 -0.1442E+01 -0.7258E+00  0.6300E+00  0.2541E+00  0.1491E+00 -0.1319E+00 -0.1196E-01  0.2355E+00  0.3513E+00 -0.5657E+00  0.9436E+00 -0.2441E+01 -0.2060E+00  0.1321E+00  0.1061E+01 -0.6421E+00  0.9209E-01  0.3337E-01
  0.1000E-02  0.1000E+03  0.5950E-01  0.2113E+01 -0.2579E-02 -0.3705E-03  0.1038E-02 -0.2485E+00 -0.3995E-01  0.6314E+00 -0.2810E+00  0.6423E-02 -0.1372E+00  0.3053E+00  0.3477E-01 -0.1340E+01 -0.6373E+00  0.5988E+00  0.2069E+00  0.1578E+00 -0.1271E+00 -0.1049E-01  0.2024E+00  0.3857E+00 -0.5514E+00  0.8500E+00 -0.2234E+01 -0.2159E+00  0.7092E-01  0.9656E+00 -0.5956E+00  0.9112E-01  0.8159E-02
  0.2500E-02  0.1000E+03  0.2380E-01  0.1554E+01 -0.1560E-02 -0.4154E-02  0.1056E-02 -0.2477E+00  0.4562E-01  0.6694E+00 -0.3198E+00  0.4867E-01 -0.1734E+00  0.2692E+00  0.3984E-01 -0.1104E+01 -0.4972E+00  0.5430E+00  0.1305E+00  0.1650E+00 -0.1219E+00 -0.1516E-01  0.1513E+00  0.3966E+00 -0.4915E+00  0.6763E+00 -0.1826E+01 -0.2191E+00  0.3931E-02  0.7888E+00 -0.4412E+00  0.1094E+00 -0.3971E-01
  0.3500E-02  0.1000E+03  0.1700E-01  0.1363E+01 -0.1055E-02 -0.5746E-02  0.1064E-02 -0.2482E+00  0.7857E-01  0.6855E+00 -0.3350E+00  0.6249E-01 -0.1864E+00  0.2525E+00  0.4135E-01 -0.9971E+00 -0.4409E+00  0.5207E+00  0.9871E-01  0.1666E+00 -0.1200E+00 -0.1954E-01  0.1315E+00  0.3897E+00 -0.4588E+00  0.6070E+00 -0.1656E+01 -0.2186E+00 -0.1052E-01  0.7174E+00 -0.3621E+00  0.1209E+00 -0.5790E-01
  0.5000E-02  0.1000E+03  0.1190E-01  0.1174E+01 -0.3893E-03 -0.7635E-02  0.1076E-02 -0.2496E+00  0.1153E+00  0.7052E+00 -0.3521E+00  0.7547E-01 -0.1997E+00  0.2327E+00  0.4278E-01 -0.8735E+00 -0.3792E+00  0.4968E+00  0.6258E-01  0.1674E+00 -0.1178E+00 -0.2620E-01  0.1101E+00  0.3747E+00 -0.4174E+00  0.5339E+00 -0.1468E+01 -0.2171E+00 -0.1681E-01  0.6411E+00 -0.2681E+00  0.1348E+00 -0.7501E-01
  0.1000E-01  0.1000E+03  0.6000E-02  0.8472E+00  0.1367E-02 -0.1207E-01  0.1113E-02 -0.2567E+00  0.1936E+00  0.7541E+00 -0.3893E+00  0.9376E-01 -0.2243E+00  0.1869E+00  0.4525E-01 -0.5923E+00 -0.2512E+00  0.4494E+00 -0.1720E-01  0.1651E+00 -0.1130E+00 -0.4640E-01  0.6536E-01  0.3178E+00 -0.3110E+00  0.3970E+00 -0.1085E+01 -0.2108E+00  0.4448E-02  0.4933E+00 -0.6505E-01  0.1602E+00 -0.9368E-01
  0.1200E-01  0.1000E+03  0.5000E-02  0.7701E+00  0.1949E-02 -0.1346E-01  0.1127E-02 -0.2598E+00  0.2161E+00  0.7698E+00 -0.4001E+00  0.9640E-01 -0.2302E+00  0.1730E+00  0.4588E-01 -0.5072E+00 -0.2156E+00  0.4367E+00 -0.4077E-01  0.1632E+00 -0.1116E+00 -0.5350E-01  0.5231E-01  0.2960E+00 -0.2762E+00  0.3641E+00 -0.9822E+00 -0.2081E+00  0.1884E-01  0.4558E+00 -0.1132E-01  0.1643E+00 -0.9300E-01
  0.1800E-01  0.1000E+03  0.3300E-02  0.6121E+00  0.3458E-02 -0.1695E-01  0.1165E-02 -0.2693E+00  0.2687E+00  0.8098E+00 -0.4256E+00  0.9738E-01 -0.2415E+00  0.1388E+00  0.4742E-01 -0.2987E+00 -0.1340E+00  0.4088E+00 -0.9754E-01  0.1564E+00 -0.1078E+00 -0.7222E-01  0.2027E-01  0.2365E+00 -0.1873E+00  0.3013E+00 -0.7593E+00 -0.2005E+00  0.6696E-01  0.3789E+00  0.9877E-01  0.1654E+00 -0.7806E-01
  0.2500E-01  0.1000E+03  0.2400E-02  0.4970E+00  0.4889E-02 -0.2028E-01  0.1205E-02 -0.2800E+00  0.3141E+00  0.8472E+00 -0.4476E+00  0.9203E-01 -0.2480E+00  0.1077E+00  0.4911E-01 -0.1043E+00 -0.6423E-01  0.3858E+00 -0.1490E+00  0.1471E+00 -0.1040E+00 -0.9008E-01 -0.1150E-01  0.1786E+00 -0.1024E+00  0.2665E+00 -0.5912E+00 -0.1922E+00  0.1228E+00  0.3262E+00  0.1653E+00  0.1519E+00 -0.4750E-01
  0.2500E-03  0.1800E+03  0.4286E+00  0.2500E+01 -0.8576E-02  0.1455E-01  0.7861E-03 -0.1968E+00 -0.2898E+00  0.3822E+00 -0.1389E+00 -0.4773E-01 -0.1126E+00  0.2532E+00  0.1702E-01 -0.8128E+00 -0.6276E+00  0.5123E+00  0.2386E+00  0.1418E+00 -0.1634E+00 -0.3756E-01  0.1860E+00  0.1902E+00 -0.3736E+00  0.5861E+00 -0.1579E+01 -0.1451E+00  0.1433E+00  0.6986E+00 -0.3463E+00  0.9865E-01 -0.1926E-01
  0.3500E-03  0.1800E+03  0.3061E+00  0.2584E+01 -0.7016E-02  0.1084E-01  0.8470E-03 -0.2093E+00 -0.2244E+00  0.4431E+00 -0.1742E+00 -0.2982E-01 -0.1224E+00  0.2753E+00  0.2310E-01 -0.9981E+00 -0.6385E+00  0.5389E+00  0.2384E+00  0.1496E+00 -0.1539E+00 -0.3114E-01  0.1935E+00  0.2483E+00 -0.4364E+00  0.6848E+00 -0.1820E+01 -0.1705E+00  0.1382E+00  0.7949E+00 -0.4418E+00  0.9007E-01 -0.4603E-02
  0.5000E-03  0.1800E+03  0.2143E+00  0.2546E+01 -0.5921E-02  0.7937E-02  0.8884E-03 -0.2171E+00 -0.1700E+00  0.4876E+00 -0.2025E+00 -0.1190E-01 -0.1331E+00  0.2852E+00  0.2774E-01 -0.1091E+01 -0.6272E+00  0.5486E+00  0.2284E+00  0.1555E+00 -0.1467E+00 -0.2640E-01  0.1915E+00  0.2912E+00 -0.4718E+00  0.7256E+00 -0.1925E+01 -0.1874E+00  0.1207E+00  0.8342E+00 -0.4906E+00  0.8503E-01 -0.1344E-02
  0.1000E-02  0.1800E+03  0.1071E+00  0.2242E+01 -0.4621E-02  0.3796E-02  0.9319E-03 -0.2233E+00 -0.8706E-01  0.5429E+00 -0.2434E+00  0.2116E-01 -0.1540E+00  0.2819E+00  0.3374E-01 -0.1101E+01 -0.5668E+00  0.5374E+00  0.1923E+00  0.1630E+00 -0.1371E+00 -0.2151E-01  0.1714E+00  0.3416E+00 -0.4876E+00  0.7023E+00 -0.1882E+01 -0.2041E+00  0.7171E-01  0.8087E+00 -0.4905E+00  0.8509E-01 -0.1644E-01
  0.2500E-02  0.1800E+03  0.4290E-01  0.1678E+01 -0.3326E-02 -0.8713E-03  0.9621E-03 -0.2254E+00  0.7279E-02  0.5945E+00 -0.2880E+00  0.6146E-01 -0.1814E+00  0.2540E+00  0.3872E-01 -0.9488E+00 -0.4483E+00  0.4955E+00  0.1252E+00  0.1682E+00 -0.1279E+00 -0.2289E-01  0.1305E+00  0.3645E+00 -0.4501E+00  0.5810E+00 -0.1597E+01 -0.2109E+00  0.1166E-01  0.6833E+00 -0.3725E+00  0.1037E+00 -0.5724E-01
  0.3500E-02  0.1800E+03  0.3060E-01  0.1473E+01 -0.2777E-02 -0.2691E-02  0.9726E-03 -0.2263E+00  0.4213E-01  0.6135E+00 -0.3044E+00  0.7480E-01 -0.1913E+00  0.2395E+00  0.4011E-01 -0.8651E+00 -0.3980E+00  0.4766E+00  0.9618E-01  0.1691E+00 -0.1248E+00 -0.2617E-01  0.1134E+00  0.3611E+00 -0.4237E+00  0.5258E+00 -0.1460E+01 -0.2111E+00 -0.1696E-02  0.6257E+00 -0.3043E+00  0.1150E+00 -0.7356E-01
  0.5000E-02  0.1800E+03  0.2140E-01  0.1266E+01 -0.2088E-02 -0.4786E-02  0.9860E-03 -0.2280E+00  0.8041E-01  0.6358E+00 -0.3226E+00  0.8747E-01 -0.2016E+00  0.2218E+00  0.4140E-01 -0.7635E+00 -0.3418E+00  0.4558E+00  0.6275E-01  0.1692E+00 -0.1214E+00 -0.3169E-01  0.9461E-01  0.3495E+00 -0.3883E+00  0.4657E+00 -0.1303E+01 -0.2102E+00 -0.7472E-02  0.5621E+00 -0.2207E+00  0.1287E+00 -0.8911E-01
  0.1000E-01  0.1800E+03  0.1070E-01  0.9063E+00 -0.3312E-03 -0.9554E-02  0.1024E-02 -0.2350E+00  0.1610E+00  0.6882E+00 -0.3615E+00  0.1058E+00 -0.2207E+00  0.1796E+00  0.4363E-01 -0.5206E+00 -0.2231E+00  0.4133E+00 -0.1210E-01  0.1658E+00 -0.1146E+00 -0.4977E-01  0.5436E-01  0.2993E+00 -0.2929E+00  0.3503E+00 -0.9719E+00 -0.2049E+00  0.1365E-01  0.4351E+00 -0.3533E-01  0.1538E+00 -0.1057E+00
  0.1200E-01  0.1800E+03  0.8900E-02  0.8216E+00  0.2430E-03 -0.1101E-01  0.1037E-02 -0.2379E+00  0.1839E+00  0.7045E+00 -0.3727E+00  0.1087E+00 -0.2253E+00  0.1665E+00  0.4421E-01 -0.4450E+00 -0.1896E+00  0.4017E+00 -0.3442E-01  0.1638E+00 -0.1126E+00 -0.5637E-01  0.4244E-01  0.2792E+00 -0.2610E+00  0.3223E+00 -0.8814E+00 -0.2026E+00  0.2789E-01  0.4024E+00  0.1444E-01  0.1580E+00 -0.1047E+00
  0.1800E-01  0.1800E+03  0.6000E-02  0.6486E+00  0.1724E-02 -0.1464E-01  0.1075E-02 -0.2470E+00  0.2374E+00  0.7457E+00 -0.3989E+00  0.1105E+00 -0.2340E+00  0.1344E+00  0.4563E-01 -0.2570E+00 -0.1123E+00  0.3760E+00 -0.8846E-01  0.1567E+00 -0.1079E+00 -0.7414E-01  0.1292E-01  0.2230E+00 -0.1780E+00  0.2696E+00 -0.6835E+00 -0.1957E+00  0.7614E-01  0.3353E+00  0.1172E+00  0.1595E+00 -0.8930E-01
  0.2500E-01  0.1800E+03  0.4300E-02  0.5235E+00  0.3128E-02 -0.1806E-01  0.1113E-02 -0.2570E+00  0.2835E+00  0.7839E+00 -0.4216E+00  0.1063E+00 -0.2386E+00  0.1049E+00  0.4722E-01 -0.7897E-01 -0.4567E-01  0.3545E+00 -0.1378E+00  0.1475E+00 -0.1034E+00 -0.9151E-01 -0.1657E-01  0.1669E+00 -0.9775E-01  0.2421E+00 -0.5337E+00 -0.1881E+00  0.1328E+00  0.2896E+00  0.1795E+00  0.1468E+00 -0.5842E-01
  0.2500E-03  0.3200E+03  0.7619E+00  0.1960E+01 -0.1333E-01  0.2431E-01  0.6029E-03 -0.1413E+00 -0.4031E+00  0.1854E+00 -0.5526E-01 -0.2194E-01 -0.1476E+00  0.1748E+00  0.1113E-01 -0.1065E+00 -0.4358E+00  0.3570E+00  0.1798E+00  0.1455E+00 -0.1889E+00 -0.5771E-01  0.9996E-01  0.8211E-01 -0.1827E+00  0.1413E+00 -0.5330E+00 -0.9801E-01  0.8000E-01  0.2437E+00 -0.4327E-01  0.9084E-01 -0.9603E-01
  0.3500E-03  0.3200E+03  0.5442E+00  0.2190E+01 -0.1088E-01  0.1875E-01  0.6979E-03 -0.1638E+00 -0.3157E+00  0.2822E+00 -0.1058E+00 -0.7281E-02 -0.1510E+00  0.2164E+00  0.1887E-01 -0.4565E+00 -0.4892E+00  0.4159E+00  0.1959E+00  0.1539E+00 -0.1740E+00 -0.4791E-01  0.1267E+00  0.1634E+00 -0.2910E+00  0.3447E+00 -0.1019E+01 -0.1359E+00  0.9720E-01  0.4444E+00 -0.2090E+00  0.8262E-01 -0.6389E-01
  0.5000E-03  0.3200E+03  0.3810E+00  0.2327E+01 -0.8864E-02  0.1398E-01  0.7736E-03 -0.1812E+00 -0.2388E+00  0.3621E+00 -0.1494E+00  0.7449E-02 -0.1554E+00  0.2436E+00  0.2503E-01 -0.6993E+00 -0.5158E+00  0.4554E+00  0.1995E+00  0.1600E+00 -0.1615E+00 -0.3979E-01  0.1420E+00  0.2281E+00 -0.3673E+00  0.4803E+00 -0.1345E+01 -0.1640E+00  0.9819E-01  0.5787E+00 -0.3213E+00  0.7830E-01 -0.4449E-01
  0.1000E-02  0.3200E+03  0.1905E+00  0.2241E+01 -0.6571E-02  0.7771E-02  0.8536E-03 -0.1980E+00 -0.1314E+00  0.4561E+00 -0.2069E+00  0.3617E-01 -0.1676E+00  0.2581E+00  0.3232E-01 -0.8717E+00 -0.4971E+00  0.4765E+00  0.1779E+00  0.1667E+00 -0.1457E+00 -0.3076E-01  0.1411E+00  0.3013E+00 -0.4265E+00  0.5593E+00 -0.1542E+01 -0.1915E+00  0.6779E-01  0.6561E+00 -0.3889E+00  0.7984E-01 -0.4236E-01
  0.2500E-02  0.3200E+03  0.7620E-01  0.1754E+01 -0.4784E-02  0.1901E-02  0.9011E-03 -0.2055E+00 -0.2419E-01  0.5288E+00 -0.2604E+00  0.7318E-01 -0.1868E+00  0.2402E+00  0.3755E-01 -0.8157E+00 -0.4041E+00  0.4529E+00  0.1201E+00  0.1703E+00 -0.1321E+00 -0.2902E-01  0.1120E+00  0.3372E+00 -0.4140E+00  0.4986E+00 -0.1399E+01 -0.2032E+00  0.1710E-01  0.5915E+00 -0.3120E+00  0.9920E-01 -0.7315E-01
  0.3500E-02  0.3200E+03  0.5440E-01  0.1548E+01 -0.4158E-02 -0.1777E-03  0.9140E-03 -0.2072E+00  0.1305E-01  0.5519E+00 -0.2785E+00  0.8575E-01 -0.1942E+00  0.2277E+00  0.3889E-01 -0.7543E+00 -0.3598E+00  0.4380E+00  0.9342E-01  0.1705E+00 -0.1279E+00 -0.3140E-01  0.9781E-01  0.3368E+00 -0.3934E+00  0.4572E+00 -0.1293E+01 -0.2042E+00  0.5292E-02  0.5476E+00 -0.2540E+00  0.1105E+00 -0.8720E-01
  0.5000E-02  0.3200E+03  0.3810E-01  0.1334E+01 -0.3420E-02 -0.2491E-02  0.9287E-03 -0.2095E+00  0.5315E-01  0.5774E+00 -0.2980E+00  0.9781E-01 -0.2019E+00  0.2119E+00  0.4010E-01 -0.6726E+00 -0.3090E+00  0.4205E+00  0.6226E-01  0.1699E+00 -0.1235E+00 -0.3603E-01  0.8152E-01  0.3281E+00 -0.3633E+00  0.4092E+00 -0.1165E+01 -0.2040E+00  0.5009E-03  0.4959E+00 -0.1798E+00  0.1240E+00 -0.1008E+00
  0.1000E-01  0.3200E+03  0.1900E-01  0.9532E+00 -0.1629E-02 -0.7585E-02  0.9659E-03 -0.2168E+00  0.1361E+00  0.6339E+00 -0.3387E+00  0.1157E+00 -0.2166E+00  0.1728E+00  0.4214E-01 -0.4624E+00 -0.1987E+00  0.3827E+00 -0.8595E-02  0.1656E+00 -0.1150E+00 -0.5252E-01  0.4538E-01  0.2827E+00 -0.2768E+00  0.3126E+00 -0.8790E+00 -0.1996E+00  0.2236E-01  0.3875E+00 -0.1007E-01  0.1486E+00 -0.1147E+00
  0.1200E-01  0.3200E+03  0.1590E-01  0.8626E+00 -0.1057E-02 -0.9110E-02  0.9787E-03 -0.2197E+00  0.1594E+00  0.6510E+00 -0.3502E+00  0.1186E+00 -0.2201E+00  0.1605E+00  0.4267E-01 -0.3946E+00 -0.1671E+00  0.3722E+00 -0.2991E-01  0.1634E+00 -0.1126E+00 -0.5874E-01  0.3444E-01  0.2637E+00 -0.2470E+00  0.2888E+00 -0.7986E+00 -0.1975E+00  0.3668E-01  0.3590E+00  0.3617E-01  0.1527E+00 -0.1131E+00
  0.1800E-01  0.3200E+03  0.1060E-01  0.6779E+00  0.4110E-03 -0.1287E-01  0.1014E-02 -0.2285E+00  0.2137E+00  0.6936E+00 -0.3772E+00  0.1207E+00 -0.2266E+00  0.1299E+00  0.4398E-01 -0.2231E+00 -0.9356E-01  0.3484E+00 -0.8180E-01  0.1561E+00 -0.1071E+00 -0.7580E-01  0.7110E-02  0.2098E+00 -0.1688E+00  0.2446E+00 -0.6216E+00 -0.1911E+00  0.8530E-01  0.3002E+00  0.1320E+00  0.1542E+00 -0.9658E-01
  0.2500E-01  0.3200E+03  0.7600E-02  0.5446E+00  0.1796E-02 -0.1638E-01  0.1051E-02 -0.2382E+00  0.2605E+00  0.7327E+00 -0.4004E+00  0.1171E+00 -0.2296E+00  0.1016E+00  0.4547E-01 -0.5819E-01 -0.2968E-01  0.3283E+00 -0.1294E+00  0.1468E+00 -0.1020E+00 -0.9279E-01 -0.2048E-01  0.1550E+00 -0.9205E-01  0.2231E+00 -0.4868E+00 -0.1840E+00  0.1428E+00  0.2604E+00  0.1899E+00  0.1417E+00 -0.6481E-01
  0.4000E-01  0.3200E+03  0.4800E-02  0.3794E+00  0.4088E-02 -0.2227E-01  0.1117E-02 -0.2570E+00  0.3311E+00  0.7959E+00 -0.4352E+00  0.1008E+00 -0.2282E+00  0.5562E-01  0.4906E-01  0.2260E+00  0.6902E-01  0.2978E+00 -0.2073E+00  0.1262E+00 -0.9331E-01 -0.1212E+00 -0.7371E-01  0.6399E-01  0.3772E-01  0.2326E+00 -0.3349E+00 -0.1708E+00  0.2557E+00  0.2272E+00  0.2145E+00  0.9071E-01  0.2098E-01
  0.5000E-03  0.5600E+03  0.6667E+00  0.1851E+01 -0.1282E-01  0.2183E-01  0.5908E-03 -0.1327E+00 -0.3287E+00  0.1958E+00 -0.7937E-01  0.3292E-01 -0.1781E+00  0.1869E+00  0.2030E-01 -0.1910E+00 -0.3699E+00  0.3317E+00  0.1617E+00  0.1630E+00 -0.1789E+00 -0.5410E-01  0.7730E-01  0.1502E+00 -0.2318E+00  0.1596E+00 -0.5893E+00 -0.1303E+00  0.5820E-01  0.2441E+00 -0.1004E+00  0.7113E-01 -0.1057E+00
  0.1000E-02  0.5600E+03  0.3333E+00  0.2052E+01 -0.8890E-02  0.1233E-01  0.7401E-03 -0.1679E+00 -0.1827E+00  0.3549E+00 -0.1645E+00  0.5366E-01 -0.1798E+00  0.2298E+00  0.3006E-01 -0.6100E+00 -0.4168E+00  0.4054E+00  0.1614E+00  0.1695E+00 -0.1545E+00 -0.3963E-01  0.1062E+00  0.2579E+00 -0.3571E+00  0.3949E+00 -0.1152E+01 -0.1755E+00  0.5733E-01  0.4802E+00 -0.2727E+00  0.7459E-01 -0.7491E-01
  0.2500E-02  0.5600E+03  0.1333E+00  0.1759E+01 -0.6183E-02  0.4524E-02  0.8260E-03 -0.1856E+00 -0.5368E-01  0.4648E+00 -0.2336E+00  0.8491E-01 -0.1905E+00  0.2263E+00  0.3620E-01 -0.6896E+00 -0.3608E+00  0.4111E+00  0.1150E+00  0.1715E+00 -0.1355E+00 -0.3424E-01  0.9421E-01  0.3119E+00 -0.3797E+00  0.4198E+00 -0.1208E+01 -0.1954E+00  0.2054E-01  0.5031E+00 -0.2537E+00  0.9534E-01 -0.8946E-01
  0.3500E-02  0.5600E+03  0.9520E-01  0.1575E+01 -0.5410E-02  0.2088E-02  0.8452E-03 -0.1890E+00 -0.1279E-01  0.4945E+00 -0.2544E+00  0.9624E-01 -0.1956E+00  0.2164E+00  0.3759E-01 -0.6539E+00 -0.3237E+00  0.4015E+00  0.9067E-01  0.1711E+00 -0.1301E+00 -0.3576E-01  0.8334E-01  0.3149E+00 -0.3656E+00  0.3945E+00 -0.1141E+01 -0.1975E+00  0.1082E-01  0.4757E+00 -0.2072E+00  0.1067E+00 -0.1004E+00
  0.5000E-02  0.5600E+03  0.6670E-01  0.1370E+01 -0.4573E-02 -0.5056E-03  0.8641E-03 -0.1924E+00  0.2998E-01  0.5248E+00 -0.2760E+00  0.1073E+00 -0.2012E+00  0.2026E+00  0.3879E-01 -0.5930E+00 -0.2788E+00  0.3881E+00  0.6156E-01  0.1700E+00 -0.1247E+00 -0.3960E-01  0.6983E-01  0.3089E+00 -0.3408E+00  0.3593E+00 -0.1043E+01 -0.1980E+00  0.7411E-02  0.4371E+00 -0.1428E+00  0.1200E+00 -0.1115E+00
  0.1000E-01  0.5600E+03  0.3330E-01  0.9849E+00 -0.2689E-02 -0.5976E-02  0.9053E-03 -0.2009E+00  0.1160E+00  0.5872E+00 -0.3192E+00  0.1240E+00 -0.2120E+00  0.1664E+00  0.4071E-01 -0.4137E+00 -0.1769E+00  0.3558E+00 -0.5962E-02  0.1648E+00 -0.1146E+00 -0.5478E-01  0.3781E-01  0.2676E+00 -0.2624E+00  0.2810E+00 -0.7999E+00 -0.1945E+00  0.3054E-01  0.3472E+00  0.1191E-01  0.1441E+00 -0.1217E+00
  0.1200E-01  0.5600E+03  0.2780E-01  0.8913E+00 -0.2107E-02 -0.7576E-02  0.9186E-03 -0.2039E+00  0.1399E+00  0.6054E+00 -0.3312E+00  0.1268E+00 -0.2146E+00  0.1547E+00  0.4120E-01 -0.3527E+00 -0.1471E+00  0.3463E+00 -0.2648E-01  0.1624E+00 -0.1119E+00 -0.6070E-01  0.2780E-01  0.2495E+00 -0.2344E+00  0.2610E+00 -0.7287E+00 -0.1926E+00  0.4504E-01  0.3224E+00  0.5482E-01  0.1482E+00 -0.1194E+00
  0.1800E-01  0.5600E+03  0.1850E-01  0.6991E+00 -0.6318E-03 -0.1148E-01  0.9542E-03 -0.2128E+00  0.1952E+00  0.6498E+00 -0.3590E+00  0.1289E+00 -0.2192E+00  0.1254E+00  0.4242E-01 -0.1954E+00 -0.7717E-01  0.3246E+00 -0.7664E-01  0.1548E+00 -0.1057E+00 -0.7721E-01  0.2449E-02  0.1973E+00 -0.1599E+00  0.2244E+00 -0.5699E+00 -0.1866E+00  0.9413E-01  0.2711E+00  0.1440E+00  0.1493E+00 -0.1013E+00
  0.2500E-01  0.5600E+03  0.1330E-01  0.5599E+00  0.7480E-03 -0.1507E-01  0.9900E-03 -0.2223E+00  0.2425E+00  0.6901E+00 -0.3828E+00  0.1256E+00 -0.2209E+00  0.9808E-01  0.4382E-01 -0.4122E-01 -0.1581E-01  0.3058E+00 -0.1228E+00  0.1453E+00 -0.1001E+00 -0.9389E-01 -0.2349E-01  0.1434E+00 -0.8602E-01  0.2082E+00 -0.4480E+00 -0.1799E+00  0.1523E+00  0.2367E+00  0.1974E+00  0.1367E+00 -0.6825E-01
  0.4000E-01  0.5600E+03  0.8300E-02  0.3878E+00  0.3024E-02 -0.2106E-01  0.1055E-02 -0.2407E+00  0.3139E+00  0.7546E+00 -0.4184E+00  0.1102E+00 -0.2178E+00  0.5334E-01  0.4724E-01  0.2281E+00  0.7976E-01  0.2770E+00 -0.1989E+00  0.1248E+00 -0.9082E-01 -0.1223E+00 -0.7403E-01  0.5240E-01  0.4023E-01  0.2241E+00 -0.3118E+00 -0.1672E+00  0.2674E+00  0.2099E+00  0.2166E+00  0.8544E-01  0.1987E-01
  0.5500E-01  0.5600E+03  0.6100E-02  0.2892E+00  0.4747E-02 -0.2584E-01  0.1109E-02 -0.2569E+00  0.3640E+00  0.8023E+00 -0.4428E+00  0.9002E-01 -0.2093E+00  0.1999E-01  0.5144E-01  0.4487E+00  0.1501E+00  0.2557E+00 -0.2577E+00  0.1041E+00 -0.8293E-01 -0.1436E+00 -0.1232E+00 -0.1270E-01  0.1374E+00  0.2840E+00 -0.2818E+00 -0.1572E+00  0.3712E+00  0.2216E+00  0.1631E+00  0.1686E-01  0.1191E+00
  0.1000E-02  0.1000E+04  0.5952E+00  0.1630E+01 -0.1245E-01  0.1904E-01  0.5503E-03 -0.1222E+00 -0.2597E+00  0.2036E+00 -0.1013E+00  0.7937E-01 -0.1932E+00  0.1868E+00  0.2595E-01 -0.2273E+00 -0.2994E+00  0.2996E+00  0.1380E+00  0.1717E+00 -0.1664E+00 -0.5067E-01  0.5499E-01  0.1970E+00 -0.2562E+00  0.1529E+00 -0.5790E+00 -0.1499E+00  0.3462E-01  0.2209E+00 -0.1023E+00  0.6789E-01 -0.1266E+00
  0.2500E-02  0.1000E+04  0.2381E+00  0.1648E+01 -0.7930E-02  0.7679E-02  0.7224E-03 -0.1611E+00 -0.8964E-01  0.3868E+00 -0.2012E+00  0.9938E-01 -0.1936E+00  0.2095E+00  0.3437E-01 -0.5405E+00 -0.3090E+00  0.3604E+00  0.1094E+00  0.1725E+00 -0.1391E+00 -0.3984E-01  0.7284E-01  0.2832E+00 -0.3395E+00  0.3257E+00 -0.9822E+00 -0.1855E+00  0.2224E-01  0.3973E+00 -0.1841E+00  0.9107E-01 -0.1106E+00
  0.3500E-02  0.1000E+04  0.1701E+00  0.1524E+01 -0.6852E-02  0.4618E-02  0.7561E-03 -0.1681E+00 -0.4184E-01  0.4291E+00 -0.2273E+00  0.1084E+00 -0.1962E+00  0.2037E+00  0.3601E-01 -0.5435E+00 -0.2832E+00  0.3600E+00  0.8790E-01  0.1715E+00 -0.1322E+00 -0.4027E-01  0.6714E-01  0.2912E+00 -0.3352E+00  0.3248E+00 -0.9716E+00 -0.1898E+00  0.1581E-01  0.3953E+00 -0.1550E+00  0.1027E+00 -0.1161E+00
  0.5000E-02  0.1000E+04  0.1190E+00  0.1356E+01 -0.5803E-02  0.1565E-02  0.7853E-03 -0.1740E+00  0.5791E-02  0.4685E+00 -0.2526E+00  0.1177E+00 -0.1996E+00  0.1927E+00  0.3733E-01 -0.5110E+00 -0.2466E+00  0.3534E+00  0.6097E-01  0.1699E+00 -0.1256E+00 -0.4322E-01  0.5752E-01  0.2889E+00 -0.3175E+00  0.3074E+00 -0.9152E+00 -0.1917E+00  0.1445E-01  0.3754E+00 -0.1037E+00  0.1161E+00 -0.1231E+00
  0.1000E-01  0.1000E+04  0.5950E-01  0.9966E+00 -0.3707E-02 -0.4453E-02  0.8375E-03 -0.1851E+00  0.9710E-01  0.5413E+00 -0.3000E+00  0.1324E+00 -0.2070E+00  0.1600E+00  0.3927E-01 -0.3675E+00 -0.1553E+00  0.3291E+00 -0.3439E-02  0.1637E+00 -0.1139E+00 -0.5710E-01  0.3054E-01  0.2521E+00 -0.2480E+00  0.2509E+00 -0.7238E+00 -0.1895E+00  0.3943E-01  0.3081E+00  0.3343E-01  0.1398E+00 -0.1281E+00
  0.1200E-01  0.1000E+04  0.4960E-01  0.9042E+00 -0.3095E-02 -0.6153E-02  0.8524E-03 -0.1885E+00  0.1218E+00  0.5612E+00 -0.3128E+00  0.1348E+00 -0.2087E+00  0.1490E+00  0.3974E-01 -0.3137E+00 -0.1275E+00  0.3210E+00 -0.2326E-01  0.1611E+00 -0.1108E+00 -0.6273E-01  0.2157E-01  0.2350E+00 -0.2219E+00  0.2350E+00 -0.6625E+00 -0.1878E+00  0.5418E-01  0.2877E+00  0.7270E-01  0.1436E+00 -0.1247E+00
  0.1800E-01  0.1000E+04  0.3310E-01  0.7111E+00 -0.1579E-02 -0.1023E-01  0.8905E-03 -0.1978E+00  0.1786E+00  0.6086E+00 -0.3419E+00  0.1365E+00 -0.2117E+00  0.1210E+00  0.4089E-01 -0.1703E+00 -0.6143E-01  0.3019E+00 -0.7195E-01  0.1532E+00 -0.1040E+00 -0.7872E-01 -0.1706E-02  0.1843E+00 -0.1509E+00  0.2062E+00 -0.5221E+00 -0.1822E+00  0.1038E+00  0.2444E+00  0.1548E+00  0.1443E+00 -0.1045E+00
  0.2500E-01  0.1000E+04  0.2380E-01  0.5693E+00 -0.1840E-03 -0.1394E-01  0.9274E-03 -0.2075E+00  0.2268E+00  0.6507E+00 -0.3665E+00  0.1331E+00 -0.2122E+00  0.9449E-01  0.4222E-01 -0.2624E-01 -0.2701E-02  0.2847E+00 -0.1170E+00  0.1436E+00 -0.9796E-01 -0.9511E-01 -0.2601E-01  0.1312E+00 -0.7961E-01  0.1951E+00 -0.4128E+00 -0.1757E+00  0.1625E+00  0.2153E+00  0.2032E+00  0.1313E+00 -0.6983E-01
  0.4000E-01  0.1000E+04  0.1490E-01  0.3929E+00  0.2096E-02 -0.2005E-01  0.9924E-03 -0.2258E+00  0.2992E+00  0.7172E+00 -0.4031E+00  0.1180E+00 -0.2075E+00  0.5077E-01  0.4547E-01  0.2296E+00  0.8970E-01  0.2578E+00 -0.1914E+00  0.1230E+00 -0.8807E-01 -0.1234E+00 -0.7405E-01  0.4019E-01  0.4356E-01  0.2171E+00 -0.2913E+00 -0.1635E+00  0.2795E+00  0.1948E+00  0.2164E+00  0.7939E-01  0.2105E-01
  0.5500E-01  0.1000E+04  0.1080E-01  0.2920E+00  0.3817E-02 -0.2488E-01  0.1046E-02 -0.2417E+00  0.3498E+00  0.7659E+00 -0.4280E+00  0.9845E-01 -0.1980E+00  0.1792E-01  0.4949E-01  0.4413E+00  0.1581E+00  0.2375E+00 -0.2492E+00  0.1023E+00 -0.7984E-01 -0.1450E+00 -0.1211E+00 -0.2614E-01  0.1391E+00  0.2803E+00 -0.2694E+00 -0.1537E+00  0.3855E+00  0.2101E+00  0.1587E+00  0.9977E-02  0.1231E+00
  0.8000E-01  0.1000E+04  0.7400E-02  0.1928E+00  0.5955E-02 -0.3121E-01  0.1118E-02 -0.2637E+00  0.4097E+00  0.8258E+00 -0.4569E+00  0.6559E-01 -0.1786E+00 -0.2212E-01  0.5699E-01  0.7284E+00  0.2446E+00  0.2112E+00 -0.3238E+00  0.7050E-01 -0.6797E-01 -0.1704E+00 -0.1972E+00 -0.9398E-01  0.2515E+00  0.4377E+00 -0.3627E+00 -0.1435E+00  0.5391E+00  0.2783E+00 -0.4592E-02 -0.1167E+00  0.3018E+00
  0.2500E-02  0.1800E+04  0.4286E+00  0.1374E+01 -0.1059E-01  0.1234E-01  0.5978E-03 -0.1248E+00 -0.1437E+00  0.2720E+00 -0.1535E+00  0.1209E+00 -0.1966E+00  0.1855E+00  0.3148E-01 -0.3275E+00 -0.2352E+00  0.2868E+00  0.1025E+00  0.1738E+00 -0.1444E+00 -0.4708E-01  0.4216E-01  0.2436E+00 -0.2832E+00  0.1903E+00 -0.6579E+00 -0.1708E+00  0.2192E-01  0.2446E+00 -0.8478E-01  0.8530E-01 -0.1432E+00
  0.3500E-02  0.1800E+04  0.3061E+00  0.1351E+01 -0.8857E-02  0.8041E-02  0.6598E-03 -0.1398E+00 -0.8173E-01  0.3410E+00 -0.1908E+00  0.1252E+00 -0.1964E+00  0.1873E+00  0.3384E-01 -0.4000E+00 -0.2302E+00  0.3051E+00  0.8529E-01  0.1722E+00 -0.1350E+00 -0.4579E-01  0.4590E-01  0.2613E+00 -0.2966E+00  0.2334E+00 -0.7507E+00 -0.1796E+00  0.2109E-01  0.2895E+00 -0.8669E-01  0.9772E-01 -0.1383E+00
  0.5000E-02  0.1800E+04  0.2143E+00  0.1260E+01 -0.7359E-02  0.4126E-02  0.7083E-03 -0.1512E+00 -0.2439E-01  0.3991E+00 -0.2238E+00  0.1310E+00 -0.1976E+00  0.1813E+00  0.3556E-01 -0.4141E+00 -0.2079E+00  0.3111E+00  0.6106E-01  0.1699E+00 -0.1267E+00 -0.4745E-01  0.4276E-01  0.2654E+00 -0.2905E+00  0.2453E+00 -0.7633E+00 -0.1843E+00  0.2283E-01  0.3010E+00 -0.5671E-01  0.1116E+00 -0.1381E+00
  0.1000E-01  0.1800E+04  0.1071E+00  0.9740E+00 -0.4799E-02 -0.2833E-02  0.7797E-03 -0.1680E+00  0.7705E-01  0.4918E+00 -0.2795E+00  0.1416E+00 -0.2017E+00  0.1535E+00  0.3777E-01 -0.3206E+00 -0.1323E+00  0.3005E+00 -0.3515E-03  0.1627E+00 -0.1130E+00 -0.5973E-01  0.2309E-01  0.2354E+00 -0.2333E+00  0.2197E+00 -0.6449E+00 -0.1845E+00  0.5014E-01  0.2674E+00  0.5606E-01  0.1351E+00 -0.1346E+00
  0.1200E-01  0.1800E+04  0.8930E-01  0.8903E+00 -0.4120E-02 -0.4687E-02  0.7973E-03 -0.1722E+00  0.1033E+00  0.5150E+00 -0.2935E+00  0.1434E+00 -0.2027E+00  0.1433E+00  0.3826E-01 -0.2753E+00 -0.1072E+00  0.2946E+00 -0.1960E-01  0.1599E+00 -0.1096E+00 -0.6506E-01  0.1541E-01  0.2193E+00 -0.2092E+00  0.2090E+00 -0.5957E+00 -0.1831E+00  0.6514E-01  0.2525E+00  0.9095E-01  0.1388E+00 -0.1297E+00
  0.1800E-01  0.1800E+04  0.5950E-01  0.7079E+00 -0.2499E-02 -0.9029E-02  0.8393E-03 -0.1829E+00  0.1626E+00  0.5678E+00 -0.3249E+00  0.1441E+00 -0.2042E+00  0.1167E+00  0.3939E-01 -0.1471E+00 -0.4581E-01  0.2793E+00 -0.6717E-01  0.1516E+00 -0.1021E+00 -0.8050E-01 -0.5458E-02  0.1704E+00 -0.1419E+00  0.1890E+00 -0.4764E+00 -0.1780E+00  0.1151E+00  0.2188E+00  0.1648E+00  0.1390E+00 -0.1066E+00
  0.2500E-01  0.1800E+04  0.4290E-01  0.5692E+00 -0.1053E-02 -0.1289E-01  0.8776E-03 -0.1932E+00  0.2122E+00  0.6128E+00 -0.3508E+00  0.1402E+00 -0.2037E+00  0.9103E-01  0.4067E-01 -0.1310E-01  0.9937E-02  0.2644E+00 -0.1114E+00  0.1418E+00 -0.9565E-01 -0.9658E-01 -0.2805E-01  0.1182E+00 -0.7305E-01  0.1834E+00 -0.3800E+00 -0.1717E+00  0.1742E+00  0.1954E+00  0.2078E+00  0.1255E+00 -0.6985E-01
  0.4000E-01  0.1800E+04  0.2680E-01  0.3935E+00  0.1269E-02 -0.1916E-01  0.9429E-03 -0.2119E+00  0.2861E+00  0.6825E+00 -0.3887E+00  0.1250E+00 -0.1976E+00  0.4819E-01  0.4378E-01  0.2303E+00  0.9892E-01  0.2398E+00 -0.1846E+00  0.1210E+00 -0.8522E-01 -0.1247E+00 -0.7368E-01  0.2734E-01  0.4737E-01  0.2114E+00 -0.2729E+00 -0.1598E+00  0.2922E+00  0.1815E+00  0.2142E+00  0.7270E-01  0.2418E-01
  0.5500E-01  0.1800E+04  0.1950E-01  0.2919E+00  0.3002E-02 -0.2406E-01  0.9959E-03 -0.2278E+00  0.3374E+00  0.7328E+00 -0.4144E+00  0.1056E+00 -0.1873E+00  0.1573E-01  0.4763E-01  0.4342E+00  0.1654E+00  0.2208E+00 -0.2416E+00  0.1003E+00 -0.7667E-01 -0.1465E+00 -0.1189E+00 -0.3992E-01  0.1415E+00  0.2777E+00 -0.2585E+00 -0.1502E+00  0.3998E+00  0.2003E+00  0.1520E+00  0.2307E-02  0.1291E+00
  0.8000E-01  0.1800E+04  0.1340E-01  0.1921E+00  0.5149E-02 -0.3045E-01  0.1066E-02 -0.2495E+00  0.3982E+00  0.7942E+00 -0.4441E+00  0.7321E-01 -0.1667E+00 -0.2426E-01  0.5480E-01  0.7125E+00  0.2497E+00  0.1957E+00 -0.3153E+00  0.6851E-01 -0.6443E-01 -0.1724E+00 -0.1922E+00 -0.1106E+00  0.2532E+00  0.4374E+00 -0.3577E+00 -0.1400E+00  0.5565E+00  0.2716E+00 -0.1746E-01 -0.1264E+00  0.3125E+00
  0.2500E-02  0.3200E+04  0.7619E+00  0.9889E+00 -0.1475E-01  0.1957E-01  0.4042E-03 -0.6818E-01 -0.2277E+00  0.9384E-01 -0.7964E-01  0.1544E+00 -0.1992E+00  0.1488E+00  0.2671E-01 -0.6224E-02 -0.1230E+00  0.1735E+00  0.9319E-01  0.1751E+00 -0.1519E+00 -0.5741E-01 -0.4342E-02  0.1845E+00 -0.1987E+00 -0.1511E-01 -0.1667E+00 -0.1479E+00  0.1959E-01  0.1208E-01  0.6607E-01  0.7688E-01 -0.1947E+00
  0.3500E-02  0.3200E+04  0.5442E+00  0.1044E+01 -0.1214E-01  0.1358E-01  0.5057E-03 -0.9468E-01 -0.1467E+00  0.2010E+00 -0.1327E+00  0.1524E+00 -0.1965E+00  0.1626E+00  0.3039E-01 -0.1792E+00 -0.1488E+00  0.2191E+00  0.8289E-01  0.1738E+00 -0.1399E+00 -0.5420E-01  0.1306E-01  0.2163E+00 -0.2384E+00  0.9146E-01 -0.4096E+00 -0.1641E+00  0.2841E-01  0.1249E+00  0.1866E-01  0.9011E-01 -0.1747E+00
  0.5000E-02  0.3200E+04  0.3810E+00  0.1053E+01 -0.9717E-02  0.7985E-02  0.5946E-03 -0.1178E+00 -0.7000E-01  0.2973E+00 -0.1817E+00  0.1512E+00 -0.1953E+00  0.1660E+00  0.3314E-01 -0.2779E+00 -0.1534E+00  0.2505E+00  0.6272E-01  0.1710E+00 -0.1290E+00 -0.5370E-01  0.2187E-01  0.2329E+00 -0.2538E+00  0.1569E+00 -0.5487E+00 -0.1744E+00  0.3521E-01  0.1950E+00  0.9710E-02  0.1051E+00 -0.1606E+00
  0.1000E-01  0.3200E+04  0.1905E+00  0.8994E+00 -0.6167E-02 -0.7817E-03  0.7088E-03 -0.1470E+00  0.5198E-01  0.4314E+00 -0.2544E+00  0.1537E+00 -0.1964E+00  0.1468E+00  0.3618E-01 -0.2671E+00 -0.1051E+00  0.2662E+00  0.4340E-02  0.1625E+00 -0.1125E+00 -0.6344E-01  0.1449E-01  0.2152E+00 -0.2169E+00  0.1833E+00 -0.5533E+00 -0.1794E+00  0.6501E-01  0.2193E+00  0.8281E-01  0.1295E+00 -0.1424E+00
  0.1200E-01  0.3200E+04  0.1587E+00  0.8355E+00 -0.5341E-02 -0.2910E-02  0.7326E-03 -0.1532E+00  0.8130E-01  0.4607E+00 -0.2711E+00  0.1542E+00 -0.1968E+00  0.1377E+00  0.3674E-01 -0.2336E+00 -0.8412E-01  0.2643E+00 -0.1453E-01  0.1594E+00 -0.1086E+00 -0.6835E-01  0.8693E-02  0.2009E+00 -0.1956E+00  0.1800E+00 -0.5215E+00 -0.1786E+00  0.8003E-01  0.2127E+00  0.1116E+00  0.1331E+00 -0.1352E+00
  0.1800E-01  0.3200E+04  0.1058E+00  0.6812E+00 -0.3495E-02 -0.7692E-02  0.7839E-03 -0.1667E+00  0.1453E+00  0.5235E+00 -0.3065E+00  0.1527E+00 -0.1972E+00  0.1128E+00  0.3795E-01 -0.1245E+00 -0.2937E-01  0.2552E+00 -0.6147E-01  0.1506E+00 -0.1004E+00 -0.8306E-01 -0.9027E-02  0.1546E+00 -0.1329E+00  0.1714E+00 -0.4295E+00 -0.1742E+00  0.1297E+00  0.1921E+00  0.1750E+00  0.1330E+00 -0.1080E+00
  0.2500E-01  0.3200E+04  0.7620E-01  0.5548E+00 -0.1934E-02 -0.1180E-01  0.8267E-03 -0.1785E+00  0.1974E+00  0.5741E+00 -0.3347E+00  0.1477E+00 -0.1957E+00  0.8800E-01  0.3921E-01 -0.1596E-02  0.2257E-01  0.2437E+00 -0.1052E+00  0.1404E+00 -0.9345E-01 -0.9871E-01 -0.2965E-01  0.1036E+00 -0.6654E-01  0.1721E+00 -0.3482E+00 -0.1682E+00  0.1886E+00  0.1760E+00  0.2116E+00  0.1191E+00 -0.6855E-01
  0.4000E-01  0.3200E+04  0.4760E-01  0.3873E+00  0.4907E-03 -0.1831E-01  0.8953E-03 -0.1985E+00  0.2738E+00  0.6491E+00 -0.3749E+00  0.1316E+00 -0.1886E+00  0.4593E-01  0.4222E-01  0.2297E+00  0.1076E+00  0.2225E+00 -0.1779E+00  0.1193E+00 -0.8250E-01 -0.1265E+00 -0.7283E-01  0.1341E-01  0.5131E-01  0.2064E+00 -0.2562E+00 -0.1565E+00  0.3068E+00  0.1694E+00  0.2106E+00  0.6534E-01  0.2901E-01
  0.5500E-01  0.3200E+04  0.3460E-01  0.2881E+00  0.2266E-02 -0.2332E-01  0.9489E-03 -0.2148E+00  0.3262E+00  0.7020E+00 -0.4016E+00  0.1120E+00 -0.1774E+00  0.1373E-01  0.4593E-01  0.4266E+00  0.1719E+00  0.2052E+00 -0.2344E+00  0.9846E-01 -0.7366E-01 -0.1483E+00 -0.1163E+00 -0.5433E-01  0.1442E+00  0.2757E+00 -0.2489E+00 -0.1469E+00  0.4151E+00  0.1917E+00  0.1436E+00 -0.6035E-02  0.1367E+00
  0.8000E-01  0.3200E+04  0.2380E-01  0.1895E+00  0.4445E-02 -0.2981E-01  0.1018E-02 -0.2367E+00  0.3880E+00  0.7657E+00 -0.4323E+00  0.7963E-01 -0.1559E+00 -0.2632E-01  0.5281E-01  0.6976E+00  0.2542E+00  0.1816E+00 -0.3075E+00  0.6656E-01 -0.6107E-01 -0.1746E+00 -0.1873E+00 -0.1271E+00  0.2553E+00  0.4376E+00 -0.3535E+00 -0.1366E+00  0.5735E+00  0.2660E+00 -0.3192E-01 -0.1367E+00  0.3243E+00
  0.1500E+00  0.3200E+04  0.1270E-01  0.7134E-01  0.8203E-02 -0.4198E-01  0.1146E-02 -0.2784E+00  0.4891E+00  0.8742E+00 -0.4798E+00 -0.1702E-02 -0.8615E-01 -0.1018E+00  0.7151E-01  0.1277E+01  0.4145E+00  0.1285E+00 -0.4475E+00 -0.1122E-01 -0.3019E-01 -0.2134E+00 -0.3869E+00 -0.1785E+00  0.4055E+00  0.1114E+01 -0.1136E+01 -0.1337E+00  0.9708E+00  0.6333E+00 -0.6997E+00 -0.5337E+00  0.9153E+00
  0.5000E-02  0.5600E+04  0.6667E+00  0.7586E+00 -0.1367E-01  0.1453E-01  0.4044E-03 -0.6164E-01 -0.1479E+00  0.1265E+00 -0.1109E+00  0.1856E+00 -0.1919E+00  0.1419E+00  0.2934E-01 -0.5752E-01 -0.6463E-01  0.1504E+00  0.6734E-01  0.1735E+00 -0.1332E+00 -0.6415E-01 -0.1216E-01  0.1799E+00 -0.1955E+00  0.1259E-01 -0.1996E+00 -0.1590E+00  0.5672E-01  0.2106E-01  0.1176E+00  0.9424E-01 -0.1987E+00
  0.1000E-01  0.5600E+04  0.3333E+00  0.7566E+00 -0.8207E-02  0.2360E-02  0.6045E-03 -0.1164E+00  0.1355E-01  0.3420E+00 -0.2175E+00  0.1726E+00 -0.1908E+00  0.1388E+00  0.3433E-01 -0.1934E+00 -0.6690E-01  0.2171E+00  0.1283E-01  0.1639E+00 -0.1126E+00 -0.6966E-01  0.2480E-02  0.1861E+00 -0.1954E+00  0.1318E+00 -0.4249E+00 -0.1738E+00  0.8951E-01  0.1506E+00  0.1207E+00  0.1212E+00 -0.1540E+00
  0.1200E-01  0.5600E+04  0.2778E+00  0.7244E+00 -0.7072E-02 -0.3090E-03  0.6421E-03 -0.1266E+00  0.4913E-01  0.3845E+00 -0.2395E+00  0.1703E+00 -0.1908E+00  0.1317E+00  0.3511E-01 -0.1799E+00 -0.5326E-01  0.2230E+00 -0.6014E-02  0.1604E+00 -0.1082E+00 -0.7380E-01 -0.8752E-04  0.1752E+00 -0.1790E+00  0.1410E+00 -0.4231E+00 -0.1740E+00  0.1038E+00  0.1588E+00  0.1394E+00  0.1252E+00 -0.1426E+00
  0.1800E-01  0.5600E+04  0.1852E+00  0.6209E+00 -0.4751E-02 -0.5926E-02  0.7143E-03 -0.1464E+00  0.1227E+00  0.4677E+00 -0.2834E+00  0.1645E+00 -0.1904E+00  0.1093E+00  0.3657E-01 -0.9973E-01 -0.9594E-02  0.2257E+00 -0.5323E-01  0.1508E+00 -0.9893E-01 -0.8723E-01 -0.1290E-01  0.1341E+00 -0.1231E+00  0.1505E+00 -0.3744E+00 -0.1709E+00  0.1516E+00  0.1599E+00  0.1872E+00  0.1254E+00 -0.1090E+00
  0.2500E-01  0.5600E+04  0.1333E+00  0.5194E+00 -0.2949E-02 -0.1046E-01  0.7675E-03 -0.1615E+00  0.1798E+00  0.5288E+00 -0.3159E+00  0.1573E+00 -0.1884E+00  0.8567E-01  0.3788E-01  0.8951E-02  0.3666E-01  0.2203E+00 -0.9725E-01  0.1401E+00 -0.9151E-01 -0.1022E+00 -0.3088E-01  0.8550E-01 -0.5991E-01  0.1598E+00 -0.3137E+00 -0.1655E+00  0.2090E+00  0.1544E+00  0.2154E+00  0.1112E+00 -0.6592E-01
  0.4000E-01  0.5600E+04  0.8330E-01  0.3713E+00 -0.3134E-03 -0.1737E-01  0.8448E-03 -0.1843E+00  0.2605E+00  0.6136E+00 -0.3601E+00  0.1390E+00 -0.1803E+00  0.4431E-01  0.4082E-01  0.2271E+00  0.1164E+00  0.2046E+00 -0.1702E+00  0.1184E+00 -0.8002E-01 -0.1293E+00 -0.7129E-01 -0.3064E-02  0.5524E-01  0.2015E+00 -0.2395E+00 -0.1539E+00  0.3257E+00  0.1571E+00  0.2055E+00  0.5675E-01  0.3584E-01
  0.5500E-01  0.5600E+04  0.6060E-01  0.2787E+00  0.1550E-02 -0.2255E-01  0.9015E-03 -0.2017E+00  0.3148E+00  0.6708E+00 -0.3887E+00  0.1186E+00 -0.1686E+00  0.1224E-01  0.4440E-01  0.4176E+00  0.1781E+00  0.1897E+00 -0.2267E+00  0.9725E-01 -0.7089E-01 -0.1509E+00 -0.1131E+00 -0.7069E-01  0.1471E+00  0.2738E+00 -0.2396E+00 -0.1443E+00  0.4335E+00  0.1835E+00  0.1335E+00 -0.1549E-01  0.1463E+00
  0.8000E-01  0.5600E+04  0.4170E-01  0.1844E+00  0.3799E-02 -0.2919E-01  0.9728E-03 -0.2244E+00  0.3783E+00  0.7383E+00 -0.4209E+00  0.8569E-01 -0.1463E+00 -0.2802E-01  0.5103E-01  0.6823E+00  0.2581E+00  0.1682E+00 -0.2999E+00  0.6503E-01 -0.5797E-01 -0.1772E+00 -0.1820E+00 -0.1446E+00  0.2576E+00  0.4378E+00 -0.3495E+00 -0.1337E+00  0.5921E+00  0.2610E+00 -0.4811E-01 -0.1478E+00  0.3377E+00
  0.1500E+00  0.5600E+04  0.2220E-01  0.6942E-01  0.7627E-02 -0.4152E-01  0.1100E-02 -0.2664E+00  0.4813E+00  0.8510E+00 -0.4701E+00  0.4068E-02 -0.7435E-01 -0.1048E+00  0.6899E-01  0.1251E+01  0.4150E+00  0.1175E+00 -0.4395E+00 -0.1322E-01 -0.2644E-01 -0.2172E+00 -0.3768E+00 -0.2029E+00  0.4096E+00  0.1114E+01 -0.1134E+01 -0.1297E+00  0.9929E+00  0.6312E+00 -0.7315E+00 -0.5514E+00  0.9393E+00
  0.1000E-01  0.1000E+05  0.5952E+00  0.5359E+00 -0.1227E-01  0.8528E-02  0.3956E-03 -0.5775E-01 -0.6217E-01  0.1707E+00 -0.1466E+00  0.2101E+00 -0.1832E+00  0.1264E+00  0.3135E-01 -0.6042E-01  0.3461E-02  0.1250E+00  0.3154E-01  0.1689E+00 -0.1143E+00 -0.8265E-01 -0.1928E-01  0.1312E+00 -0.1583E+00  0.3620E-01 -0.1890E+00 -0.1655E+00  0.1403E+00  0.2281E-01  0.1901E+00  0.1051E+00 -0.1756E+00
  0.1200E-01  0.1000E+05  0.4960E+00  0.5391E+00 -0.1044E-01  0.4688E-02  0.4663E-03 -0.7749E-01 -0.1272E-01  0.2429E+00 -0.1809E+00  0.2019E+00 -0.1834E+00  0.1235E+00  0.3273E-01 -0.8762E-01  0.1381E-02  0.1482E+00  0.1217E-01  0.1649E+00 -0.1089E+00 -0.8525E-01 -0.1525E-01  0.1282E+00 -0.1519E+00  0.7134E-01 -0.2495E+00 -0.1683E+00  0.1525E+00  0.6210E-01  0.1887E+00  0.1104E+00 -0.1561E+00
  0.1800E-01  0.1000E+05  0.3307E+00  0.5083E+00 -0.6949E-02 -0.2841E-02  0.5935E-03 -0.1131E+00  0.8370E-01  0.3749E+00 -0.2451E+00  0.1858E+00 -0.1831E+00  0.1064E+00  0.3494E-01 -0.6448E-01  0.2133E-01  0.1784E+00 -0.3764E-01  0.1538E+00 -0.9808E-01 -0.9574E-01 -0.1830E-01  0.9972E-01 -0.1097E+00  0.1175E+00 -0.2891E+00 -0.1683E+00  0.1929E+00  0.1087E+00  0.2064E+00  0.1126E+00 -0.1100E+00
  0.2500E-01  0.1000E+05  0.2381E+00  0.4495E+00 -0.4561E-02 -0.8320E-02  0.6743E-03 -0.1361E+00  0.1519E+00  0.4606E+00 -0.2876E+00  0.1730E+00 -0.1809E+00  0.8445E-01  0.3647E-01  0.2015E-01  0.5651E-01  0.1863E+00 -0.8369E-01  0.1421E+00 -0.8992E-01 -0.1091E+00 -0.3173E-01  0.5703E-01 -0.5198E-01  0.1423E+00 -0.2659E+00 -0.1637E+00  0.2451E+00  0.1234E+00  0.2205E+00  0.9918E-01 -0.6083E-01
  0.4000E-01  0.1000E+05  0.1488E+00  0.3384E+00 -0.1426E-02 -0.1604E-01  0.7749E-03 -0.1656E+00  0.2422E+00  0.5665E+00 -0.3405E+00  0.1500E+00 -0.1725E+00  0.4385E-01  0.3943E-01  0.2204E+00  0.1271E+00  0.1818E+00 -0.1589E+00  0.1191E+00 -0.7776E-01 -0.1347E+00 -0.6827E-01 -0.2698E-01  0.5950E-01  0.1952E+00 -0.2191E+00 -0.1523E+00  0.3559E+00  0.1417E+00  0.1980E+00  0.4470E-01  0.4666E-01
  0.5500E-01  0.1000E+05  0.1082E+00  0.2598E+00  0.6420E-03 -0.2155E-01  0.8408E-03 -0.1858E+00  0.3005E+00  0.6326E+00 -0.3727E+00  0.1275E+00 -0.1603E+00  0.1172E-01  0.4290E-01  0.4041E+00  0.1851E+00  0.1715E+00 -0.2165E+00  0.9734E-01 -0.6831E-01 -0.1556E+00 -0.1082E+00 -0.9317E-01  0.1502E+00  0.2712E+00 -0.2286E+00 -0.1425E+00  0.4608E+00  0.1738E+00  0.1199E+00 -0.2806E-01  0.1601E+00
  0.8000E-01  0.1000E+05  0.7440E-01  0.1747E+00  0.3052E-02 -0.2845E-01  0.9189E-03 -0.2106E+00  0.3670E+00  0.7073E+00 -0.4079E+00  0.9288E-01 -0.1372E+00 -0.2905E-01  0.4929E-01  0.6633E+00  0.2619E+00  0.1535E+00 -0.2906E+00  0.6443E-01 -0.5504E-01 -0.1814E+00 -0.1752E+00 -0.1668E+00  0.2604E+00  0.4374E+00 -0.3444E+00 -0.1314E+00  0.6171E+00  0.2556E+00 -0.6838E-01 -0.1617E+00  0.3552E+00
  0.1500E+00  0.1000E+05  0.3970E-01  0.6654E-01  0.7034E-02 -0.4105E-01  0.1050E-02 -0.2542E+00  0.4732E+00  0.8271E+00 -0.4599E+00  0.9792E-02 -0.6330E-01 -0.1076E+00  0.6658E-01  0.1225E+01  0.4150E+00  0.1064E+00 -0.4311E+00 -0.1477E-01 -0.2285E-01 -0.2217E+00 -0.3658E+00 -0.2295E+00  0.4141E+00  0.1113E+01 -0.1129E+01 -0.1260E+00  0.1017E+01  0.6289E+00 -0.7664E+00 -0.5708E+00  0.9654E+00
  0.2500E+00  0.1000E+05  0.2380E-01  0.1852E-01  0.1017E-01 -0.4925E-01  0.1135E-02 -0.2817E+00  0.5504E+00  0.9279E+00 -0.4987E+00 -0.6903E-01  0.3915E-01 -0.2062E+00  0.7226E-01  0.1791E+01  0.5527E+00  0.5074E-01 -0.5457E+00 -0.9302E-01  0.1788E-01 -0.2390E+00 -0.6224E+00 -0.1079E+00  0.4243E+00  0.2478E+01 -0.3063E+01 -0.1669E+00  0.1612E+01  0.1434E+01 -0.1910E+01 -0.1185E+01  0.2030E+01
  0.1800E-01  0.1800E+05  0.5952E+00  0.3438E+00 -0.1156E-01  0.3683E-02  0.3066E-03 -0.4563E-01  0.1429E-02  0.1853E+00 -0.1666E+00  0.2311E+00 -0.1734E+00  0.1041E+00  0.3251E-01 -0.1781E-02  0.8116E-01  0.8447E-01 -0.2928E-02  0.1635E+00 -0.9849E-01 -0.1152E+00 -0.2775E-01  0.2924E-01 -0.8682E-01  0.5241E-01 -0.1244E+00 -0.1668E+00  0.2837E+00  0.7501E-02  0.2429E+00  0.8614E-01 -0.1110E+00
  0.2500E-01  0.1800E+05  0.4286E+00  0.3352E+00 -0.7701E-02 -0.4054E-02  0.4699E-03 -0.8888E-01  0.9732E-01  0.3320E+00 -0.2345E+00  0.2050E+00 -0.1729E+00  0.8593E-01  0.3479E-01  0.3361E-01  0.9132E-01  0.1248E+00 -0.5560E-01  0.1496E+00 -0.8922E-01 -0.1245E+00 -0.3184E-01  0.2206E-02 -0.4080E-01  0.1103E+00 -0.1823E+00 -0.1644E+00  0.3205E+00  0.6728E-01  0.2292E+00  0.7645E-01 -0.5014E-01
  0.4000E-01  0.1800E+05  0.2679E+00  0.2805E+00 -0.3284E-02 -0.1369E-01  0.6429E-03 -0.1361E+00  0.2112E+00  0.4906E+00 -0.3090E+00  0.1694E+00 -0.1652E+00  0.4614E-01  0.3802E-01  0.2042E+00  0.1428E+00  0.1468E+00 -0.1387E+00  0.1237E+00 -0.7608E-01 -0.1458E+00 -0.6192E-01 -0.6813E-01  0.6420E-01  0.1847E+00 -0.1888E+00 -0.1531E+00  0.4124E+00  0.1178E+00  0.1855E+00  0.2487E-01  0.6586E-01
  0.5500E-01  0.1800E+05  0.1948E+00  0.2258E+00 -0.7209E-03 -0.1993E-01  0.7372E-03 -0.1631E+00  0.2784E+00  0.5770E+00 -0.3496E+00  0.1418E+00 -0.1531E+00  0.1342E-01  0.4143E-01  0.3802E+00  0.1940E+00  0.1463E+00 -0.2001E+00  0.1004E+00 -0.6621E-01 -0.1648E+00 -0.9965E-01 -0.1291E+00  0.1535E+00  0.2665E+00 -0.2130E+00 -0.1426E+00  0.5079E+00  0.1601E+00  0.9948E-01 -0.4712E-01  0.1824E+00
  0.8000E-01  0.1800E+05  0.1339E+00  0.1578E+00  0.2058E-02 -0.2738E-01  0.8365E-03 -0.1930E+00  0.3516E+00  0.6669E+00 -0.3909E+00  0.1032E+00 -0.1294E+00 -0.2851E-01  0.4761E-01  0.6357E+00  0.2660E+00  0.1355E+00 -0.2774E+00  0.6594E-01 -0.5254E-01 -0.1891E+00 -0.1650E+00 -0.1995E+00  0.2637E+00  0.4353E+00 -0.3362E+00 -0.1306E+00  0.6562E+00  0.2482E+00 -0.9612E-01 -0.1811E+00  0.3803E+00
  0.1500E+00  0.1800E+05  0.7140E-01  0.6214E-01  0.6370E-02 -0.4048E-01  0.9854E-03 -0.2408E+00  0.4637E+00  0.8006E+00 -0.4483E+00  0.1637E-01 -0.5359E-01 -0.1096E+00  0.6435E-01  0.1194E+01  0.4142E+00  0.9473E-01 -0.4211E+00 -0.1516E-01 -0.1964E-01 -0.2281E+00 -0.3527E+00 -0.2619E+00  0.4194E+00  0.1110E+01 -0.1122E+01 -0.1230E+00  0.1048E+01  0.6255E+00 -0.8071E+00 -0.5937E+00  0.9961E+00
  0.2500E+00  0.1800E+05  0.4290E-01  0.1746E-01  0.9624E-02 -0.4897E-01  0.1074E-02 -0.2694E+00  0.5433E+00  0.9065E+00 -0.4888E+00 -0.6423E-01  0.5169E-01 -0.2106E+00  0.6977E-01  0.1755E+01  0.5491E+00  0.4161E-01 -0.5369E+00 -0.9449E-01  0.2183E-01 -0.2458E+00 -0.6053E+00 -0.1472E+00  0.4349E+00  0.2465E+01 -0.3041E+01 -0.1611E+00  0.1639E+01  0.1429E+01 -0.1967E+01 -0.1216E+01  0.2066E+01
  0.2500E-01  0.3200E+05  0.7619E+00  0.2028E+00 -0.1425E-01  0.5251E-02  0.1076E-03  0.9999E-02 -0.1961E-01  0.6128E-01 -0.1224E+00  0.2736E+00 -0.1612E+00  0.9285E-01  0.3216E-01  0.5100E-01  0.1608E+00 -0.1922E-02  0.6618E-02  0.1690E+00 -0.8963E-01 -0.1588E+00 -0.2945E-01 -0.1142E+00 -0.2158E-01  0.4452E-01 -0.1462E-01 -0.1693E+00  0.4854E+00 -0.4753E-01  0.2443E+00  0.2818E-01 -0.2572E-01
  0.4000E-01  0.3200E+05  0.4762E+00  0.1960E+00 -0.7021E-02 -0.8606E-02  0.4264E-03 -0.7758E-01  0.1466E+00  0.3381E+00 -0.2459E+00  0.2112E+00 -0.1587E+00  0.5530E-01  0.3648E-01  0.1632E+00  0.1715E+00  0.7942E-01 -0.9521E-01  0.1379E+00 -0.7557E-01 -0.1716E+00 -0.4678E-01 -0.1537E+00  0.7003E-01  0.1630E+00 -0.1314E+00 -0.1595E+00  0.5360E+00  0.7116E-01  0.1608E+00 -0.1493E-01  0.1061E+00
  0.5500E-01  0.3200E+05  0.3463E+00  0.1730E+00 -0.3163E-02 -0.1673E-01  0.5883E-03 -0.1232E+00  0.2372E+00  0.4775E+00 -0.3082E+00  0.1701E+00 -0.1476E+00  0.2042E-01  0.3995E-01  0.3310E+00  0.2080E+00  0.1037E+00 -0.1682E+00  0.1105E+00 -0.6509E-01 -0.1847E+00 -0.8210E-01 -0.1976E+00  0.1573E+00  0.2560E+00 -0.1851E+00 -0.1473E+00  0.6026E+00  0.1357E+00  0.6375E-01 -0.8151E-01  0.2243E+00
  0.8000E-01  0.3200E+05  0.2381E+00  0.1307E+00  0.5120E-03 -0.2547E-01  0.7343E-03 -0.1661E+00  0.3262E+00  0.6039E+00 -0.3644E+00  0.1213E+00 -0.1238E+00 -0.2448E-01  0.4598E-01  0.5881E+00  0.2710E+00  0.1092E+00 -0.2549E+00  0.7225E-01 -0.5085E-01 -0.2043E+00 -0.1470E+00 -0.2554E+00  0.2682E+00  0.4291E+00 -0.3207E+00 -0.1327E+00  0.7268E+00  0.2361E+00 -0.1395E+00 -0.2123E+00  0.4220E+00
  0.1500E+00  0.3200E+05  0.1270E+00  0.5547E-01  0.5546E-02 -0.3964E-01  0.9200E-03 -0.2244E+00  0.4510E+00  0.7670E+00 -0.4335E+00  0.2557E-01 -0.4602E-01 -0.1099E+00  0.6232E-01  0.1152E+01  0.4125E+00  0.8112E-01 -0.4074E+00 -0.1302E-01 -0.1709E-01 -0.2388E+00 -0.3346E+00 -0.3077E+00  0.4266E+00  0.1101E+01 -0.1106E+01 -0.1213E+00  0.1094E+01  0.6195E+00 -0.8595E+00 -0.6240E+00  0.1037E+01
  0.2500E+00  0.3200E+05  0.7620E-01  0.1603E-01  0.9047E-02 -0.4860E-01  0.1020E-02 -0.2563E+00  0.5350E+00  0.8829E+00 -0.4777E+00 -0.5878E-01  0.6218E-01 -0.2139E+00  0.6774E-01  0.1715E+01  0.5443E+00  0.3236E-01 -0.5267E+00 -0.9443E-01  0.2517E-01 -0.2548E+00 -0.5855E+00 -0.1932E+00  0.4466E+00  0.2446E+01 -0.3010E+01 -0.1559E+00  0.1672E+01  0.1421E+01 -0.2029E+01 -0.1250E+01  0.2105E+01
  0.5500E-01  0.5600E+05  0.6061E+00  0.1061E+00 -0.8837E-02 -0.9058E-02  0.2423E-03 -0.3304E-01  0.1403E+00  0.2503E+00 -0.2137E+00  0.2376E+00 -0.1449E+00  0.4168E-01  0.3793E-01  0.2087E+00  0.2365E+00  0.9692E-02 -0.9201E-01  0.1396E+00 -0.6593E-01 -0.2345E+00 -0.3878E-01 -0.3583E+00  0.1622E+00  0.2277E+00 -0.1203E+00 -0.1633E+00  0.8297E+00  0.7960E-01 -0.1574E-01 -0.1594E+00  0.3207E+00
  0.8000E-01  0.5600E+05  0.4167E+00  0.9226E-01 -0.2637E-02 -0.2135E-01  0.5280E-03 -0.1135E+00  0.2735E+00  0.4784E+00 -0.3116E+00  0.1603E+00 -0.1223E+00 -0.1167E-01  0.4411E-01  0.4862E+00  0.2786E+00  0.5976E-01 -0.2073E+00  0.9064E-01 -0.5082E-01 -0.2394E+00 -0.1081E+00 -0.3732E+00  0.2753E+00  0.4112E+00 -0.2846E+00 -0.1422E+00  0.8802E+00  0.2101E+00 -0.2241E+00 -0.2748E+00  0.5068E+00
  0.1500E+00  0.5600E+05  0.2222E+00  0.4567E-01  0.4252E-02 -0.3817E-01  0.8186E-03 -0.2000E+00  0.4301E+00  0.7154E+00 -0.4108E+00  0.4136E-01 -0.4203E-01 -0.1068E+00  0.6042E-01  0.1084E+01  0.4084E+00  0.6210E-01 -0.3846E+00 -0.5460E-02 -0.1570E-01 -0.2591E+00 -0.3044E+00 -0.3851E+00  0.4381E+00  0.1081E+01 -0.1071E+01 -0.1224E+00  0.1174E+01  0.6071E+00 -0.9396E+00 -0.6717E+00  0.1100E+01
  0.2500E+00  0.5600E+05  0.1333E+00  0.1406E-01  0.8299E-02 -0.4804E-01  0.9504E-03 -0.2403E+00  0.5235E+00  0.8528E+00 -0.4633E+00 -0.5107E-01  0.6961E-01 -0.2153E+00  0.6636E-01  0.1662E+01  0.5374E+00  0.2192E-01 -0.5126E+00 -0.9129E-01  0.2755E-01 -0.2690E+00 -0.5587E+00 -0.2573E+00  0.4619E+00  0.2414E+01 -0.2959E+01 -0.1518E+00  0.1720E+01  0.1406E+01 -0.2107E+01 -0.1294E+01  0.2154E+01
  0.1500E+00  0.1000E+06  0.3968E+00  0.3122E-01  0.1389E-02 -0.3461E-01  0.5954E-03 -0.1479E+00  0.3820E+00  0.6023E+00 -0.3609E+00  0.7893E-01 -0.4624E-01 -0.9401E-01  0.5833E-01  0.9302E+00  0.3974E+00  0.2369E-01 -0.3318E+00  0.1837E-01 -0.1696E-01 -0.3101E+00 -0.2346E+00 -0.5657E+00  0.4639E+00  0.1023E+01 -0.9769E+00 -0.1308E+00  0.1365E+01  0.5733E+00 -0.1111E+01 -0.7767E+00  0.1239E+01
