    1   'Adbar'    0.185100    0.002000
    2   'Adv'    1.000000    0.000000
    3   'Ag'    1.000000    0.000000
    4   'Agp'   -0.572100    0.032200
    5   'Aubar'    0.000000    0.000000
    6   'Auv'    1.000000    0.000000
    7   'Bdbar'   -0.132400    0.001100
    8   'Bdv'    1.023600    0.017800
    9   'Bg'    0.058000    0.017000
   10   'Bgp'   -0.201200    0.007200
   11   'Bubar'    0.000000    0.000000
   12   'Buv'    0.789700    0.003800
   13   'Cdbar'   12.199100    4.505900
   14   'Cdv'    4.919700    0.114000
   15   'Cg'    5.839000    0.203900
   16   'Cgp'   25.000000    0.000000
   17   'Cubar'    3.769000    0.335900
   18   'Cuv'    4.899700    0.023100
   19   'Dubar'   -2.432900    0.138400
   20   'Duv'    0.000000    0.000000
   21   'Euv'    9.789000    0.223400
   22   'ZERO'    0.000000    0.000000
   23   'fs'    0.400000    0.000000
