           2
         101
 ZEUS-LRG 2009                                                                   
 MX          Q2          xpom           data      +- uncor     +- tot     th orig         th mod     pull    iset       iplot
 0.30000E+01 0.55000E+01 0.28000E-03 0.40477E-01 0.00000E+00 0.44188E-02 0.38145E-01 0.00000E+00   +Infinity  101 999/0.00000E+00
 0.30000E+01 0.55000E+01 0.54000E-03 0.36135E-01 0.00000E+00 0.33536E-02 0.34809E-01 0.00000E+00   +Infinity  101 999/0.00000E+00
 0.30000E+01 0.55000E+01 0.10000E-02 0.31110E-01 0.00000E+00 0.23319E-02 0.30947E-01 0.00000E+00   +Infinity  101 999/0.00000E+00
 0.30000E+01 0.55000E+01 0.20000E-02 0.25710E-01 0.00000E+00 0.14386E-02 0.27069E-01 0.00000E+00   +Infinity  101 999/0.00000E+00
 0.30000E+01 0.55000E+01 0.38000E-02 0.23228E-01 0.00000E+00 0.11428E-02 0.24150E-01 0.00000E+00   +Infinity  101 999/0.00000E+00
 0.30000E+01 0.55000E+01 0.73000E-02 0.22080E-01 0.00000E+00 0.90186E-03 0.21975E-01 0.00000E+00   +Infinity  101 999/0.00000E+00
 0.50000E+01 0.55000E+01 0.54000E-03 0.30555E-01 0.00000E+00 0.29284E-02 0.23934E-01 0.00000E+00   +Infinity  101 999/0.00000E+00
 0.50000E+01 0.55000E+01 0.10000E-02 0.24487E-01 0.00000E+00 0.19378E-02 0.22969E-01 0.00000E+00   +Infinity  101 999/0.00000E+00
 0.50000E+01 0.55000E+01 0.20000E-02 0.19148E-01 0.00000E+00 0.11605E-02 0.20539E-01 0.00000E+00   +Infinity  101 999/0.00000E+00
 0.50000E+01 0.55000E+01 0.38000E-02 0.18945E-01 0.00000E+00 0.89295E-03 0.18570E-01 0.00000E+00   +Infinity  101 999/0.00000E+00
 0.50000E+01 0.55000E+01 0.73000E-02 0.16852E-01 0.00000E+00 0.81907E-03 0.17233E-01 0.00000E+00   +Infinity  101 999/0.00000E+00
 0.50000E+01 0.55000E+01 0.14000E-01 0.18765E-01 0.00000E+00 0.11566E-02 0.16880E-01 0.00000E+00   +Infinity  101 999/0.00000E+00
 0.80000E+01 0.55000E+01 0.20000E-02 0.18322E-01 0.00000E+00 0.10275E-02 0.19066E-01 0.00000E+00   +Infinity  101 999/0.00000E+00
 0.80000E+01 0.55000E+01 0.38000E-02 0.17198E-01 0.00000E+00 0.71647E-03 0.17657E-01 0.00000E+00   +Infinity  101 999/0.00000E+00
 0.80000E+01 0.55000E+01 0.73000E-02 0.15548E-01 0.00000E+00 0.60689E-03 0.16512E-01 0.00000E+00   +Infinity  101 999/0.00000E+00
 0.80000E+01 0.55000E+01 0.14000E-01 0.18150E-01 0.00000E+00 0.10416E-02 0.16268E-01 0.00000E+00   +Infinity  101 999/0.00000E+00
 0.13000E+02 0.55000E+01 0.38000E-02 0.20880E-01 0.00000E+00 0.79841E-03 0.19380E-01 0.00000E+00   +Infinity  101 999/0.00000E+00
 0.13000E+02 0.55000E+01 0.73000E-02 0.19935E-01 0.00000E+00 0.70096E-03 0.18788E-01 0.00000E+00   +Infinity  101 999/0.00000E+00
 0.20000E+02 0.55000E+01 0.73000E-02 0.22680E-01 0.00000E+00 0.90348E-03 0.21487E-01 0.00000E+00   +Infinity  101 999/0.00000E+00
 0.30000E+01 0.65000E+01 0.28000E-03 0.41685E-01 0.00000E+00 0.45703E-02 0.41496E-01 0.00000E+00   +Infinity  101 999/0.00000E+00
 0.30000E+01 0.65000E+01 0.54000E-03 0.39630E-01 0.00000E+00 0.36158E-02 0.37793E-01 0.00000E+00   +Infinity  101 999/0.00000E+00
 0.30000E+01 0.65000E+01 0.10000E-02 0.31860E-01 0.00000E+00 0.23480E-02 0.33564E-01 0.00000E+00   +Infinity  101 999/0.00000E+00
 0.30000E+01 0.65000E+01 0.20000E-02 0.28628E-01 0.00000E+00 0.17201E-02 0.29309E-01 0.00000E+00   +Infinity  101 999/0.00000E+00
 0.30000E+01 0.65000E+01 0.38000E-02 0.25478E-01 0.00000E+00 0.11229E-02 0.26075E-01 0.00000E+00   +Infinity  101 999/0.00000E+00
 0.30000E+01 0.65000E+01 0.73000E-02 0.23700E-01 0.00000E+00 0.90380E-03 0.23602E-01 0.00000E+00   +Infinity  101 999/0.00000E+00
 0.50000E+01 0.65000E+01 0.10000E-02 0.26535E-01 0.00000E+00 0.20613E-02 0.25082E-01 0.00000E+00   +Infinity  101 999/0.00000E+00
 0.50000E+01 0.65000E+01 0.20000E-02 0.23197E-01 0.00000E+00 0.13590E-02 0.22375E-01 0.00000E+00   +Infinity  101 999/0.00000E+00
 0.50000E+01 0.65000E+01 0.38000E-02 0.19395E-01 0.00000E+00 0.97160E-03 0.20172E-01 0.00000E+00   +Infinity  101 999/0.00000E+00
 0.50000E+01 0.65000E+01 0.73000E-02 0.17970E-01 0.00000E+00 0.75412E-03 0.18627E-01 0.00000E+00   +Infinity  101 999/0.00000E+00
 0.80000E+01 0.65000E+01 0.20000E-02 0.19545E-01 0.00000E+00 0.11125E-02 0.20522E-01 0.00000E+00   +Infinity  101 999/0.00000E+00
 0.80000E+01 0.65000E+01 0.38000E-02 0.18187E-01 0.00000E+00 0.78015E-03 0.18953E-01 0.00000E+00   +Infinity  101 999/0.00000E+00
 0.80000E+01 0.65000E+01 0.73000E-02 0.17618E-01 0.00000E+00 0.75346E-03 0.17662E-01 0.00000E+00   +Infinity  101 999/0.00000E+00
 0.13000E+02 0.65000E+01 0.38000E-02 0.20708E-01 0.00000E+00 0.93547E-03 0.20824E-01 0.00000E+00   +Infinity  101 999/0.00000E+00
 0.13000E+02 0.65000E+01 0.73000E-02 0.18105E-01 0.00000E+00 0.73457E-03 0.20100E-01 0.00000E+00   +Infinity  101 999/0.00000E+00
 0.20000E+02 0.65000E+01 0.73000E-02 0.24600E-01 0.00000E+00 0.10580E-02 0.23203E-01 0.00000E+00   +Infinity  101 999/0.00000E+00
 0.30000E+01 0.85000E+01 0.54000E-03 0.40912E-01 0.00000E+00 0.37107E-02 0.41979E-01 0.00000E+00   +Infinity  101 999/0.00000E+00
 0.30000E+01 0.85000E+01 0.10000E-02 0.36038E-01 0.00000E+00 0.26245E-02 0.37230E-01 0.00000E+00   +Infinity  101 999/0.00000E+00
 0.30000E+01 0.85000E+01 0.20000E-02 0.30480E-01 0.00000E+00 0.16709E-02 0.32437E-01 0.00000E+00   +Infinity  101 999/0.00000E+00
 0.30000E+01 0.85000E+01 0.38000E-02 0.27135E-01 0.00000E+00 0.10495E-02 0.28746E-01 0.00000E+00   +Infinity  101 999/0.00000E+00
 0.30000E+01 0.85000E+01 0.73000E-02 0.26145E-01 0.00000E+00 0.88594E-03 0.25829E-01 0.00000E+00   +Infinity  101 999/0.00000E+00
 0.50000E+01 0.85000E+01 0.10000E-02 0.31898E-01 0.00000E+00 0.23305E-02 0.28519E-01 0.00000E+00   +Infinity  101 999/0.00000E+00
 0.50000E+01 0.85000E+01 0.20000E-02 0.24518E-01 0.00000E+00 0.14083E-02 0.25352E-01 0.00000E+00   +Infinity  101 999/0.00000E+00
 0.50000E+01 0.85000E+01 0.38000E-02 0.22537E-01 0.00000E+00 0.92742E-03 0.22759E-01 0.00000E+00   +Infinity  101 999/0.00000E+00
 0.50000E+01 0.85000E+01 0.73000E-02 0.20505E-01 0.00000E+00 0.66876E-03 0.20858E-01 0.00000E+00   +Infinity  101 999/0.00000E+00
 0.80000E+01 0.85000E+01 0.20000E-02 0.22357E-01 0.00000E+00 0.11732E-02 0.22942E-01 0.00000E+00   +Infinity  101 999/0.00000E+00
 0.80000E+01 0.85000E+01 0.38000E-02 0.19523E-01 0.00000E+00 0.74434E-03 0.21091E-01 0.00000E+00   +Infinity  101 999/0.00000E+00
 0.80000E+01 0.85000E+01 0.73000E-02 0.18600E-01 0.00000E+00 0.63513E-03 0.19543E-01 0.00000E+00   +Infinity  101 999/0.00000E+00
 0.13000E+02 0.85000E+01 0.38000E-02 0.23617E-01 0.00000E+00 0.85803E-03 0.22871E-01 0.00000E+00   +Infinity  101 999/0.00000E+00
 0.13000E+02 0.85000E+01 0.73000E-02 0.22117E-01 0.00000E+00 0.71825E-03 0.21940E-01 0.00000E+00   +Infinity  101 999/0.00000E+00
 0.20000E+02 0.85000E+01 0.73000E-02 0.27330E-01 0.00000E+00 0.91086E-03 0.25574E-01 0.00000E+00   +Infinity  101 999/0.00000E+00
 0.30000E+01 0.12000E+02 0.54000E-03 0.45112E-01 0.00000E+00 0.41233E-02 0.45843E-01 0.00000E+00   +Infinity  101 999/0.00000E+00
 0.30000E+01 0.12000E+02 0.10000E-02 0.39645E-01 0.00000E+00 0.29178E-02 0.40608E-01 0.00000E+00   +Infinity  101 999/0.00000E+00
 0.30000E+01 0.12000E+02 0.20000E-02 0.33945E-01 0.00000E+00 0.19431E-02 0.35299E-01 0.00000E+00   +Infinity  101 999/0.00000E+00
 0.30000E+01 0.12000E+02 0.38000E-02 0.31012E-01 0.00000E+00 0.13054E-02 0.31158E-01 0.00000E+00   +Infinity  101 999/0.00000E+00
 0.30000E+01 0.12000E+02 0.73000E-02 0.28845E-01 0.00000E+00 0.10220E-02 0.27781E-01 0.00000E+00   +Infinity  101 999/0.00000E+00
 0.50000E+01 0.12000E+02 0.10000E-02 0.34830E-01 0.00000E+00 0.25295E-02 0.32803E-01 0.00000E+00   +Infinity  101 999/0.00000E+00
 0.50000E+01 0.12000E+02 0.20000E-02 0.30412E-01 0.00000E+00 0.17327E-02 0.29048E-01 0.00000E+00   +Infinity  101 999/0.00000E+00
 0.50000E+01 0.12000E+02 0.38000E-02 0.24907E-01 0.00000E+00 0.10072E-02 0.25947E-01 0.00000E+00   +Infinity  101 999/0.00000E+00
 0.50000E+01 0.12000E+02 0.73000E-02 0.22845E-01 0.00000E+00 0.84289E-03 0.23569E-01 0.00000E+00   +Infinity  101 999/0.00000E+00
 0.80000E+01 0.12000E+02 0.20000E-02 0.25298E-01 0.00000E+00 0.14247E-02 0.25835E-01 0.00000E+00   +Infinity  101 999/0.00000E+00
 0.80000E+01 0.12000E+02 0.38000E-02 0.21562E-01 0.00000E+00 0.83880E-03 0.23629E-01 0.00000E+00   +Infinity  101 999/0.00000E+00
 0.80000E+01 0.12000E+02 0.73000E-02 0.20422E-01 0.00000E+00 0.61408E-03 0.21753E-01 0.00000E+00   +Infinity  101 999/0.00000E+00
 0.80000E+01 0.12000E+02 0.14000E-01 0.21923E-01 0.00000E+00 0.10444E-02 0.20899E-01 0.00000E+00   +Infinity  101 999/0.00000E+00
 0.13000E+02 0.12000E+02 0.38000E-02 0.25493E-01 0.00000E+00 0.93656E-03 0.25096E-01 0.00000E+00   +Infinity  101 999/0.00000E+00
 0.13000E+02 0.12000E+02 0.73000E-02 0.23047E-01 0.00000E+00 0.63277E-03 0.23906E-01 0.00000E+00   +Infinity  101 999/0.00000E+00
 0.13000E+02 0.12000E+02 0.14000E-01 0.25980E-01 0.00000E+00 0.14983E-02 0.23067E-01 0.00000E+00   +Infinity  101 999/0.00000E+00
 0.20000E+02 0.12000E+02 0.73000E-02 0.28485E-01 0.00000E+00 0.10920E-02 0.27922E-01 0.00000E+00   +Infinity  101 999/0.00000E+00
 0.20000E+02 0.12000E+02 0.14000E-01 0.28530E-01 0.00000E+00 0.24019E-02 0.28117E-01 0.00000E+00   +Infinity  101 999/0.00000E+00
 0.30000E+01 0.16000E+02 0.54000E-03 0.45360E-01 0.00000E+00 0.43099E-02 0.47241E-01 0.00000E+00   +Infinity  101 999/0.00000E+00
 0.30000E+01 0.16000E+02 0.10000E-02 0.41190E-01 0.00000E+00 0.30738E-02 0.41828E-01 0.00000E+00   +Infinity  101 999/0.00000E+00
 0.30000E+01 0.16000E+02 0.20000E-02 0.36345E-01 0.00000E+00 0.21766E-02 0.36307E-01 0.00000E+00   +Infinity  101 999/0.00000E+00
 0.30000E+01 0.16000E+02 0.38000E-02 0.30585E-01 0.00000E+00 0.13266E-02 0.31964E-01 0.00000E+00   +Infinity  101 999/0.00000E+00
 0.30000E+01 0.16000E+02 0.73000E-02 0.30607E-01 0.00000E+00 0.11352E-02 0.28355E-01 0.00000E+00   +Infinity  101 999/0.00000E+00
 0.30000E+01 0.16000E+02 0.14000E-01 0.30697E-01 0.00000E+00 0.20049E-02 0.25656E-01 0.00000E+00   +Infinity  101 999/0.00000E+00
 0.50000E+01 0.16000E+02 0.10000E-02 0.39795E-01 0.00000E+00 0.30673E-02 0.35942E-01 0.00000E+00   +Infinity  101 999/0.00000E+00
 0.50000E+01 0.16000E+02 0.20000E-02 0.31530E-01 0.00000E+00 0.17732E-02 0.31745E-01 0.00000E+00   +Infinity  101 999/0.00000E+00
 0.50000E+01 0.16000E+02 0.38000E-02 0.28380E-01 0.00000E+00 0.11963E-02 0.28253E-01 0.00000E+00   +Infinity  101 999/0.00000E+00
 0.50000E+01 0.16000E+02 0.73000E-02 0.26685E-01 0.00000E+00 0.93713E-03 0.25492E-01 0.00000E+00   +Infinity  101 999/0.00000E+00
 0.50000E+01 0.16000E+02 0.14000E-01 0.27525E-01 0.00000E+00 0.18771E-02 0.23782E-01 0.00000E+00   +Infinity  101 999/0.00000E+00
 0.80000E+01 0.16000E+02 0.20000E-02 0.28215E-01 0.00000E+00 0.15852E-02 0.28154E-01 0.00000E+00   +Infinity  101 999/0.00000E+00
 0.80000E+01 0.16000E+02 0.38000E-02 0.23955E-01 0.00000E+00 0.96113E-03 0.25649E-01 0.00000E+00   +Infinity  101 999/0.00000E+00
 0.80000E+01 0.16000E+02 0.73000E-02 0.22605E-01 0.00000E+00 0.78396E-03 0.23491E-01 0.00000E+00   +Infinity  101 999/0.00000E+00
 0.80000E+01 0.16000E+02 0.14000E-01 0.24360E-01 0.00000E+00 0.10047E-02 0.22374E-01 0.00000E+00   +Infinity  101 999/0.00000E+00
 0.13000E+02 0.16000E+02 0.38000E-02 0.28725E-01 0.00000E+00 0.11764E-02 0.26529E-01 0.00000E+00   +Infinity  101 999/0.00000E+00
 0.13000E+02 0.16000E+02 0.73000E-02 0.24480E-01 0.00000E+00 0.77559E-03 0.25151E-01 0.00000E+00   +Infinity  101 999/0.00000E+00
 0.13000E+02 0.16000E+02 0.14000E-01 0.26707E-01 0.00000E+00 0.17137E-02 0.24143E-01 0.00000E+00   +Infinity  101 999/0.00000E+00
 0.20000E+02 0.16000E+02 0.73000E-02 0.31508E-01 0.00000E+00 0.14560E-02 0.29272E-01 0.00000E+00   +Infinity  101 999/0.00000E+00
 0.20000E+02 0.16000E+02 0.14000E-01 0.30502E-01 0.00000E+00 0.27618E-02 0.29267E-01 0.00000E+00   +Infinity  101 999/0.00000E+00
 0.30000E+01 0.22000E+02 0.54000E-03 0.41595E-01 0.00000E+00 0.42228E-02 0.46713E-01 0.00000E+00   +Infinity  101 999/0.00000E+00
 0.30000E+01 0.22000E+02 0.10000E-02 0.39780E-01 0.00000E+00 0.33055E-02 0.41365E-01 0.00000E+00   +Infinity  101 999/0.00000E+00
 0.30000E+01 0.22000E+02 0.20000E-02 0.34987E-01 0.00000E+00 0.23475E-02 0.35864E-01 0.00000E+00   +Infinity  101 999/0.00000E+00
 0.30000E+01 0.22000E+02 0.38000E-02 0.31207E-01 0.00000E+00 0.16444E-02 0.31503E-01 0.00000E+00   +Infinity  101 999/0.00000E+00
 0.30000E+01 0.22000E+02 0.73000E-02 0.29272E-01 0.00000E+00 0.15090E-02 0.27819E-01 0.00000E+00   +Infinity  101 999/0.00000E+00
 0.30000E+01 0.22000E+02 0.14000E-01 0.28650E-01 0.00000E+00 0.18348E-02 0.24954E-01 0.00000E+00   +Infinity  101 999/0.00000E+00
 0.50000E+01 0.22000E+02 0.10000E-02 0.44213E-01 0.00000E+00 0.32887E-02 0.38805E-01 0.00000E+00   +Infinity  101 999/0.00000E+00
 0.50000E+01 0.22000E+02 0.20000E-02 0.36930E-01 0.00000E+00 0.21862E-02 0.34196E-01 0.00000E+00   +Infinity  101 999/0.00000E+00
 0.50000E+01 0.22000E+02 0.38000E-02 0.31852E-01 0.00000E+00 0.15661E-02 0.30323E-01 0.00000E+00   +Infinity  101 999/0.00000E+00
 0.50000E+01 0.22000E+02 0.73000E-02 0.30210E-01 0.00000E+00 0.13660E-02 0.27175E-01 0.00000E+00   +Infinity  101 999/0.00000E+00
 0.50000E+01 0.22000E+02 0.14000E-01 0.28275E-01 0.00000E+00 0.21478E-02 0.25039E-01 0.00000E+00   +Infinity  101 999/0.00000E+00
 0.80000E+01 0.22000E+02 0.20000E-02 0.29340E-01 0.00000E+00 0.16782E-02 0.30562E-01 0.00000E+00   +Infinity  101 999/0.00000E+00
 0.80000E+01 0.22000E+02 0.38000E-02 0.25958E-01 0.00000E+00 0.11453E-02 0.27732E-01 0.00000E+00   +Infinity  101 999/0.00000E+00
 0.80000E+01 0.22000E+02 0.73000E-02 0.23813E-01 0.00000E+00 0.95003E-03 0.25254E-01 0.00000E+00   +Infinity  101 999/0.00000E+00
 0.80000E+01 0.22000E+02 0.14000E-01 0.24907E-01 0.00000E+00 0.17242E-02 0.23824E-01 0.00000E+00   +Infinity  101 999/0.00000E+00
 0.13000E+02 0.22000E+02 0.38000E-02 0.28553E-01 0.00000E+00 0.15997E-02 0.27932E-01 0.00000E+00   +Infinity  101 999/0.00000E+00
 0.13000E+02 0.22000E+02 0.73000E-02 0.26340E-01 0.00000E+00 0.91344E-03 0.26346E-01 0.00000E+00   +Infinity  101 999/0.00000E+00
 0.13000E+02 0.22000E+02 0.14000E-01 0.26970E-01 0.00000E+00 0.14635E-02 0.25153E-01 0.00000E+00   +Infinity  101 999/0.00000E+00
 0.20000E+02 0.22000E+02 0.14000E-01 0.30975E-01 0.00000E+00 0.21106E-02 0.29963E-01 0.00000E+00   +Infinity  101 999/0.00000E+00
 0.30000E+01 0.30000E+02 0.10000E-02 0.35175E-01 0.00000E+00 0.31686E-02 0.39023E-01 0.00000E+00   +Infinity  101 999/0.00000E+00
 0.30000E+01 0.30000E+02 0.20000E-02 0.30353E-01 0.00000E+00 0.22737E-02 0.33811E-01 0.00000E+00   +Infinity  101 999/0.00000E+00
 0.30000E+01 0.30000E+02 0.38000E-02 0.27615E-01 0.00000E+00 0.17870E-02 0.29649E-01 0.00000E+00   +Infinity  101 999/0.00000E+00
 0.30000E+01 0.30000E+02 0.73000E-02 0.28575E-01 0.00000E+00 0.15845E-02 0.26094E-01 0.00000E+00   +Infinity  101 999/0.00000E+00
 0.30000E+01 0.30000E+02 0.14000E-01 0.27893E-01 0.00000E+00 0.19306E-02 0.23252E-01 0.00000E+00   +Infinity  101 999/0.00000E+00
 0.50000E+01 0.30000E+02 0.10000E-02 0.42998E-01 0.00000E+00 0.37403E-02 0.40235E-01 0.00000E+00   +Infinity  101 999/0.00000E+00
 0.50000E+01 0.30000E+02 0.20000E-02 0.36143E-01 0.00000E+00 0.23751E-02 0.35411E-01 0.00000E+00   +Infinity  101 999/0.00000E+00
 0.50000E+01 0.30000E+02 0.38000E-02 0.32947E-01 0.00000E+00 0.19588E-02 0.31311E-01 0.00000E+00   +Infinity  101 999/0.00000E+00
 0.50000E+01 0.30000E+02 0.73000E-02 0.30773E-01 0.00000E+00 0.15062E-02 0.27902E-01 0.00000E+00   +Infinity  101 999/0.00000E+00
 0.50000E+01 0.30000E+02 0.14000E-01 0.30218E-01 0.00000E+00 0.23007E-02 0.25443E-01 0.00000E+00   +Infinity  101 999/0.00000E+00
 0.80000E+01 0.30000E+02 0.20000E-02 0.31718E-01 0.00000E+00 0.19097E-02 0.32646E-01 0.00000E+00   +Infinity  101 999/0.00000E+00
 0.80000E+01 0.30000E+02 0.38000E-02 0.27142E-01 0.00000E+00 0.12153E-02 0.29520E-01 0.00000E+00   +Infinity  101 999/0.00000E+00
 0.80000E+01 0.30000E+02 0.73000E-02 0.23557E-01 0.00000E+00 0.88338E-03 0.26736E-01 0.00000E+00   +Infinity  101 999/0.00000E+00
 0.80000E+01 0.30000E+02 0.14000E-01 0.26955E-01 0.00000E+00 0.12687E-02 0.24981E-01 0.00000E+00   +Infinity  101 999/0.00000E+00
 0.13000E+02 0.30000E+02 0.38000E-02 0.28305E-01 0.00000E+00 0.13773E-02 0.28927E-01 0.00000E+00   +Infinity  101 999/0.00000E+00
 0.13000E+02 0.30000E+02 0.73000E-02 0.25845E-01 0.00000E+00 0.11250E-02 0.27174E-01 0.00000E+00   +Infinity  101 999/0.00000E+00
 0.13000E+02 0.30000E+02 0.14000E-01 0.27953E-01 0.00000E+00 0.17970E-02 0.25821E-01 0.00000E+00   +Infinity  101 999/0.00000E+00
 0.20000E+02 0.30000E+02 0.14000E-01 0.29430E-01 0.00000E+00 0.24179E-02 0.30111E-01 0.00000E+00   +Infinity  101 999/0.00000E+00
 0.30000E+01 0.40000E+02 0.10000E-02 0.34875E-01 0.00000E+00 0.33932E-02 0.35582E-01 0.00000E+00   +Infinity  101 999/0.00000E+00
 0.30000E+01 0.40000E+02 0.20000E-02 0.29295E-01 0.00000E+00 0.24122E-02 0.30821E-01 0.00000E+00   +Infinity  101 999/0.00000E+00
 0.30000E+01 0.40000E+02 0.38000E-02 0.25785E-01 0.00000E+00 0.20350E-02 0.26995E-01 0.00000E+00   +Infinity  101 999/0.00000E+00
 0.30000E+01 0.40000E+02 0.73000E-02 0.22725E-01 0.00000E+00 0.18552E-02 0.23699E-01 0.00000E+00   +Infinity  101 999/0.00000E+00
 0.30000E+01 0.40000E+02 0.14000E-01 0.20565E-01 0.00000E+00 0.19073E-02 0.21017E-01 0.00000E+00   +Infinity  101 999/0.00000E+00
 0.50000E+01 0.40000E+02 0.20000E-02 0.35722E-01 0.00000E+00 0.27748E-02 0.35311E-01 0.00000E+00   +Infinity  101 999/0.00000E+00
 0.50000E+01 0.40000E+02 0.38000E-02 0.30915E-01 0.00000E+00 0.20432E-02 0.31155E-01 0.00000E+00   +Infinity  101 999/0.00000E+00
 0.50000E+01 0.40000E+02 0.73000E-02 0.28223E-01 0.00000E+00 0.17185E-02 0.27643E-01 0.00000E+00   +Infinity  101 999/0.00000E+00
 0.50000E+01 0.40000E+02 0.14000E-01 0.27270E-01 0.00000E+00 0.23636E-02 0.24998E-01 0.00000E+00   +Infinity  101 999/0.00000E+00
 0.80000E+01 0.40000E+02 0.20000E-02 0.38610E-01 0.00000E+00 0.28558E-02 0.34075E-01 0.00000E+00   +Infinity  101 999/0.00000E+00
 0.80000E+01 0.40000E+02 0.38000E-02 0.29835E-01 0.00000E+00 0.14745E-02 0.30730E-01 0.00000E+00   +Infinity  101 999/0.00000E+00
 0.80000E+01 0.40000E+02 0.73000E-02 0.25192E-01 0.00000E+00 0.12482E-02 0.27696E-01 0.00000E+00   +Infinity  101 999/0.00000E+00
 0.80000E+01 0.40000E+02 0.14000E-01 0.28125E-01 0.00000E+00 0.20869E-02 0.25653E-01 0.00000E+00   +Infinity  101 999/0.00000E+00
 0.13000E+02 0.40000E+02 0.38000E-02 0.31680E-01 0.00000E+00 0.17608E-02 0.29696E-01 0.00000E+00   +Infinity  101 999/0.00000E+00
 0.13000E+02 0.40000E+02 0.73000E-02 0.27330E-01 0.00000E+00 0.12344E-02 0.27794E-01 0.00000E+00   +Infinity  101 999/0.00000E+00
 0.13000E+02 0.40000E+02 0.14000E-01 0.27053E-01 0.00000E+00 0.18020E-02 0.26285E-01 0.00000E+00   +Infinity  101 999/0.00000E+00
 0.20000E+02 0.40000E+02 0.14000E-01 0.34500E-01 0.00000E+00 0.25066E-02 0.29969E-01 0.00000E+00   +Infinity  101 999/0.00000E+00
 0.30000E+01 0.50000E+02 0.20000E-02 0.30390E-01 0.00000E+00 0.31660E-02 0.28017E-01 0.00000E+00   +Infinity  101 999/0.00000E+00
 0.30000E+01 0.50000E+02 0.38000E-02 0.23617E-01 0.00000E+00 0.22213E-02 0.24522E-01 0.00000E+00   +Infinity  101 999/0.00000E+00
 0.30000E+01 0.50000E+02 0.73000E-02 0.20925E-01 0.00000E+00 0.18192E-02 0.21495E-01 0.00000E+00   +Infinity  101 999/0.00000E+00
 0.30000E+01 0.50000E+02 0.14000E-01 0.22095E-01 0.00000E+00 0.22265E-02 0.19004E-01 0.00000E+00   +Infinity  101 999/0.00000E+00
 0.50000E+01 0.50000E+02 0.20000E-02 0.36038E-01 0.00000E+00 0.28947E-02 0.34400E-01 0.00000E+00   +Infinity  101 999/0.00000E+00
 0.50000E+01 0.50000E+02 0.38000E-02 0.36465E-01 0.00000E+00 0.27124E-02 0.30312E-01 0.00000E+00   +Infinity  101 999/0.00000E+00
 0.50000E+01 0.50000E+02 0.73000E-02 0.25590E-01 0.00000E+00 0.21390E-02 0.26817E-01 0.00000E+00   +Infinity  101 999/0.00000E+00
 0.50000E+01 0.50000E+02 0.14000E-01 0.30023E-01 0.00000E+00 0.24543E-02 0.24116E-01 0.00000E+00   +Infinity  101 999/0.00000E+00
 0.80000E+01 0.50000E+02 0.20000E-02 0.39622E-01 0.00000E+00 0.30210E-02 0.34918E-01 0.00000E+00   +Infinity  101 999/0.00000E+00
 0.80000E+01 0.50000E+02 0.38000E-02 0.33383E-01 0.00000E+00 0.21023E-02 0.31431E-01 0.00000E+00   +Infinity  101 999/0.00000E+00
 0.80000E+01 0.50000E+02 0.73000E-02 0.28980E-01 0.00000E+00 0.15833E-02 0.28221E-01 0.00000E+00   +Infinity  101 999/0.00000E+00
 0.80000E+01 0.50000E+02 0.14000E-01 0.27668E-01 0.00000E+00 0.21654E-02 0.25960E-01 0.00000E+00   +Infinity  101 999/0.00000E+00
 0.13000E+02 0.50000E+02 0.38000E-02 0.35197E-01 0.00000E+00 0.22782E-02 0.30229E-01 0.00000E+00   +Infinity  101 999/0.00000E+00
 0.13000E+02 0.50000E+02 0.73000E-02 0.31223E-01 0.00000E+00 0.16684E-02 0.28209E-01 0.00000E+00   +Infinity  101 999/0.00000E+00
 0.13000E+02 0.50000E+02 0.14000E-01 0.28403E-01 0.00000E+00 0.17702E-02 0.26568E-01 0.00000E+00   +Infinity  101 999/0.00000E+00
 0.20000E+02 0.50000E+02 0.14000E-01 0.34380E-01 0.00000E+00 0.33626E-02 0.29808E-01 0.00000E+00   +Infinity  101 999/0.00000E+00
 0.30000E+01 0.65000E+02 0.20000E-02 0.28223E-01 0.00000E+00 0.32216E-02 0.24428E-01 0.00000E+00   +Infinity  101 999/0.00000E+00
 0.30000E+01 0.65000E+02 0.38000E-02 0.22110E-01 0.00000E+00 0.24439E-02 0.21367E-01 0.00000E+00   +Infinity  101 999/0.00000E+00
 0.30000E+01 0.65000E+02 0.73000E-02 0.18218E-01 0.00000E+00 0.20709E-02 0.18702E-01 0.00000E+00   +Infinity  101 999/0.00000E+00
 0.30000E+01 0.65000E+02 0.14000E-01 0.14805E-01 0.00000E+00 0.20509E-02 0.16485E-01 0.00000E+00   +Infinity  101 999/0.00000E+00
 0.50000E+01 0.65000E+02 0.20000E-02 0.34208E-01 0.00000E+00 0.37195E-02 0.32567E-01 0.00000E+00   +Infinity  101 999/0.00000E+00
 0.50000E+01 0.65000E+02 0.38000E-02 0.30742E-01 0.00000E+00 0.26031E-02 0.28663E-01 0.00000E+00   +Infinity  101 999/0.00000E+00
 0.50000E+01 0.65000E+02 0.73000E-02 0.29468E-01 0.00000E+00 0.24588E-02 0.25285E-01 0.00000E+00   +Infinity  101 999/0.00000E+00
 0.50000E+01 0.65000E+02 0.14000E-01 0.25792E-01 0.00000E+00 0.22239E-02 0.22609E-01 0.00000E+00   +Infinity  101 999/0.00000E+00
 0.80000E+01 0.65000E+02 0.38000E-02 0.32422E-01 0.00000E+00 0.19750E-02 0.31579E-01 0.00000E+00   +Infinity  101 999/0.00000E+00
 0.80000E+01 0.65000E+02 0.73000E-02 0.28995E-01 0.00000E+00 0.19241E-02 0.28242E-01 0.00000E+00   +Infinity  101 999/0.00000E+00
 0.80000E+01 0.65000E+02 0.14000E-01 0.27352E-01 0.00000E+00 0.17955E-02 0.25786E-01 0.00000E+00   +Infinity  101 999/0.00000E+00
 0.13000E+02 0.65000E+02 0.73000E-02 0.30360E-01 0.00000E+00 0.19965E-02 0.28601E-01 0.00000E+00   +Infinity  101 999/0.00000E+00
 0.13000E+02 0.65000E+02 0.14000E-01 0.29655E-01 0.00000E+00 0.21025E-02 0.26790E-01 0.00000E+00   +Infinity  101 999/0.00000E+00
 0.20000E+02 0.65000E+02 0.14000E-01 0.33923E-01 0.00000E+00 0.24597E-02 0.29397E-01 0.00000E+00   +Infinity  101 999/0.00000E+00
 0.30000E+01 0.85000E+02 0.20000E-02 0.18795E-01 0.00000E+00 0.35719E-02 0.20716E-01 0.00000E+00   +Infinity  101 999/0.00000E+00
 0.30000E+01 0.85000E+02 0.38000E-02 0.15832E-01 0.00000E+00 0.28006E-02 0.18112E-01 0.00000E+00   +Infinity  101 999/0.00000E+00
 0.30000E+01 0.85000E+02 0.73000E-02 0.16500E-01 0.00000E+00 0.24719E-02 0.15833E-01 0.00000E+00   +Infinity  101 999/0.00000E+00
 0.30000E+01 0.85000E+02 0.14000E-01 0.13170E-01 0.00000E+00 0.20773E-02 0.13922E-01 0.00000E+00   +Infinity  101 999/0.00000E+00
 0.50000E+01 0.85000E+02 0.20000E-02 0.32895E-01 0.00000E+00 0.49381E-02 0.29817E-01 0.00000E+00   +Infinity  101 999/0.00000E+00
 0.50000E+01 0.85000E+02 0.38000E-02 0.24270E-01 0.00000E+00 0.27838E-02 0.26224E-01 0.00000E+00   +Infinity  101 999/0.00000E+00
 0.50000E+01 0.85000E+02 0.73000E-02 0.22515E-01 0.00000E+00 0.25787E-02 0.23077E-01 0.00000E+00   +Infinity  101 999/0.00000E+00
 0.50000E+01 0.85000E+02 0.14000E-01 0.22365E-01 0.00000E+00 0.24032E-02 0.20536E-01 0.00000E+00   +Infinity  101 999/0.00000E+00
 0.80000E+01 0.85000E+02 0.38000E-02 0.32100E-01 0.00000E+00 0.24817E-02 0.31004E-01 0.00000E+00   +Infinity  101 999/0.00000E+00
 0.80000E+01 0.85000E+02 0.73000E-02 0.29782E-01 0.00000E+00 0.23851E-02 0.27629E-01 0.00000E+00   +Infinity  101 999/0.00000E+00
 0.80000E+01 0.85000E+02 0.14000E-01 0.26017E-01 0.00000E+00 0.24629E-02 0.25049E-01 0.00000E+00   +Infinity  101 999/0.00000E+00
 0.13000E+02 0.85000E+02 0.73000E-02 0.30398E-01 0.00000E+00 0.20669E-02 0.28830E-01 0.00000E+00   +Infinity  101 999/0.00000E+00
 0.13000E+02 0.85000E+02 0.14000E-01 0.30142E-01 0.00000E+00 0.22201E-02 0.26840E-01 0.00000E+00   +Infinity  101 999/0.00000E+00
 0.20000E+02 0.85000E+02 0.14000E-01 0.29910E-01 0.00000E+00 0.28509E-02 0.28966E-01 0.00000E+00   +Infinity  101 999/0.00000E+00
 0.30000E+01 0.11000E+03 0.38000E-02 0.17970E-01 0.00000E+00 0.33019E-02 0.15095E-01 0.00000E+00   +Infinity  101 999/0.00000E+00
 0.30000E+01 0.11000E+03 0.73000E-02 0.13777E-01 0.00000E+00 0.22382E-02 0.13184E-01 0.00000E+00   +Infinity  101 999/0.00000E+00
 0.30000E+01 0.11000E+03 0.14000E-01 0.10568E-01 0.00000E+00 0.21076E-02 0.11570E-01 0.00000E+00   +Infinity  101 999/0.00000E+00
 0.50000E+01 0.11000E+03 0.38000E-02 0.23670E-01 0.00000E+00 0.33968E-02 0.23427E-01 0.00000E+00   +Infinity  101 999/0.00000E+00
 0.50000E+01 0.11000E+03 0.73000E-02 0.20497E-01 0.00000E+00 0.28281E-02 0.20578E-01 0.00000E+00   +Infinity  101 999/0.00000E+00
 0.50000E+01 0.11000E+03 0.14000E-01 0.20655E-01 0.00000E+00 0.25250E-02 0.18242E-01 0.00000E+00   +Infinity  101 999/0.00000E+00
 0.80000E+01 0.11000E+03 0.38000E-02 0.33443E-01 0.00000E+00 0.27854E-02 0.29717E-01 0.00000E+00   +Infinity  101 999/0.00000E+00
 0.80000E+01 0.11000E+03 0.73000E-02 0.28657E-01 0.00000E+00 0.23993E-02 0.26407E-01 0.00000E+00   +Infinity  101 999/0.00000E+00
 0.80000E+01 0.11000E+03 0.14000E-01 0.26513E-01 0.00000E+00 0.26017E-02 0.23797E-01 0.00000E+00   +Infinity  101 999/0.00000E+00
 0.13000E+02 0.11000E+03 0.73000E-02 0.30308E-01 0.00000E+00 0.21646E-02 0.28797E-01 0.00000E+00   +Infinity  101 999/0.00000E+00
 0.13000E+02 0.11000E+03 0.14000E-01 0.26280E-01 0.00000E+00 0.20308E-02 0.26643E-01 0.00000E+00   +Infinity  101 999/0.00000E+00
 0.20000E+02 0.11000E+03 0.14000E-01 0.28432E-01 0.00000E+00 0.19936E-02 0.28564E-01 0.00000E+00   +Infinity  101 999/0.00000E+00
 0.30000E+01 0.14000E+03 0.38000E-02 0.14595E-01 0.00000E+00 0.37157E-02 0.12513E-01 0.00000E+00   +Infinity  101 999/0.00000E+00
 0.30000E+01 0.14000E+03 0.73000E-02 0.11220E-01 0.00000E+00 0.27551E-02 0.10921E-01 0.00000E+00   +Infinity  101 999/0.00000E+00
 0.30000E+01 0.14000E+03 0.14000E-01 0.90900E-02 0.00000E+00 0.27109E-02 0.95700E-02 0.00000E+00   +Infinity  101 999/0.00000E+00
 0.50000E+01 0.14000E+03 0.38000E-02 0.18810E-01 0.00000E+00 0.39710E-02 0.20618E-01 0.00000E+00   +Infinity  101 999/0.00000E+00
 0.50000E+01 0.14000E+03 0.73000E-02 0.14760E-01 0.00000E+00 0.29013E-02 0.18087E-01 0.00000E+00   +Infinity  101 999/0.00000E+00
 0.50000E+01 0.14000E+03 0.14000E-01 0.15518E-01 0.00000E+00 0.27510E-02 0.15985E-01 0.00000E+00   +Infinity  101 999/0.00000E+00
 0.80000E+01 0.14000E+03 0.38000E-02 0.34935E-01 0.00000E+00 0.51027E-02 0.27878E-01 0.00000E+00   +Infinity  101 999/0.00000E+00
 0.80000E+01 0.14000E+03 0.73000E-02 0.28005E-01 0.00000E+00 0.29117E-02 0.24720E-01 0.00000E+00   +Infinity  101 999/0.00000E+00
 0.80000E+01 0.14000E+03 0.14000E-01 0.23813E-01 0.00000E+00 0.26716E-02 0.22168E-01 0.00000E+00   +Infinity  101 999/0.00000E+00
 0.13000E+02 0.14000E+03 0.73000E-02 0.30158E-01 0.00000E+00 0.26419E-02 0.28588E-01 0.00000E+00   +Infinity  101 999/0.00000E+00
 0.13000E+02 0.14000E+03 0.14000E-01 0.27098E-01 0.00000E+00 0.23339E-02 0.26288E-01 0.00000E+00   +Infinity  101 999/0.00000E+00
 0.20000E+02 0.14000E+03 0.14000E-01 0.28785E-01 0.00000E+00 0.32037E-02 0.28184E-01 0.00000E+00   +Infinity  101 999/0.00000E+00
 0.30000E+01 0.18500E+03 0.38000E-02 0.13725E-01 0.00000E+00 0.71566E-02 0.98571E-02 0.00000E+00   +Infinity  101 999/0.00000E+00
 0.30000E+01 0.18500E+03 0.73000E-02 0.10125E-01 0.00000E+00 0.42547E-02 0.85979E-02 0.00000E+00   +Infinity  101 999/0.00000E+00
 0.30000E+01 0.18500E+03 0.14000E-01 0.13605E-01 0.00000E+00 0.46291E-02 0.75236E-02 0.00000E+00   +Infinity  101 999/0.00000E+00
 0.50000E+01 0.18500E+03 0.38000E-02 0.11003E-01 0.00000E+00 0.51118E-02 0.17349E-01 0.00000E+00   +Infinity  101 999/0.00000E+00
 0.50000E+01 0.18500E+03 0.73000E-02 0.10748E-01 0.00000E+00 0.30624E-02 0.15201E-01 0.00000E+00   +Infinity  101 999/0.00000E+00
 0.50000E+01 0.18500E+03 0.14000E-01 0.11347E-01 0.00000E+00 0.32893E-02 0.13396E-01 0.00000E+00   +Infinity  101 999/0.00000E+00
 0.80000E+01 0.18500E+03 0.73000E-02 0.20678E-01 0.00000E+00 0.33703E-02 0.22402E-01 0.00000E+00   +Infinity  101 999/0.00000E+00
 0.80000E+01 0.18500E+03 0.14000E-01 0.18562E-01 0.00000E+00 0.27640E-02 0.19989E-01 0.00000E+00   +Infinity  101 999/0.00000E+00
 0.13000E+02 0.18500E+03 0.73000E-02 0.31402E-01 0.00000E+00 0.37852E-02 0.27684E-01 0.00000E+00   +Infinity  101 999/0.00000E+00
 0.13000E+02 0.18500E+03 0.14000E-01 0.23430E-01 0.00000E+00 0.28790E-02 0.25293E-01 0.00000E+00   +Infinity  101 999/0.00000E+00
 0.20000E+02 0.18500E+03 0.14000E-01 0.32190E-01 0.00000E+00 0.44989E-02 0.27681E-01 0.00000E+00   +Infinity  101 999/0.00000E+00
 0.30000E+01 0.25500E+03 0.73000E-02 0.60600E-02 0.00000E+00 0.32664E-02 0.63553E-02 0.00000E+00   +Infinity  101 999/0.00000E+00
 0.30000E+01 0.25500E+03 0.14000E-01 0.37575E-02 0.00000E+00 0.23972E-02 0.55542E-02 0.00000E+00   +Infinity  101 999/0.00000E+00
 0.50000E+01 0.25500E+03 0.73000E-02 0.95250E-02 0.00000E+00 0.36322E-02 0.12068E-01 0.00000E+00   +Infinity  101 999/0.00000E+00
 0.50000E+01 0.25500E+03 0.14000E-01 0.81825E-02 0.00000E+00 0.34350E-02 0.10608E-01 0.00000E+00   +Infinity  101 999/0.00000E+00
 0.80000E+01 0.25500E+03 0.73000E-02 0.16980E-01 0.00000E+00 0.41805E-02 0.19202E-01 0.00000E+00   +Infinity  101 999/0.00000E+00
 0.80000E+01 0.25500E+03 0.14000E-01 0.23287E-01 0.00000E+00 0.39816E-02 0.17055E-01 0.00000E+00   +Infinity  101 999/0.00000E+00
 0.13000E+02 0.25500E+03 0.14000E-01 0.23783E-01 0.00000E+00 0.29943E-02 0.23499E-01 0.00000E+00   +Infinity  101 999/0.00000E+00
 0.20000E+02 0.25500E+03 0.14000E-01 0.25245E-01 0.00000E+00 0.40436E-02 0.26831E-01 0.00000E+00   +Infinity  101 999/0.00000E+00
         102
 ZEUS-LPS 2009                                                                   
 MX          Q2          xpom           data      +- uncor     +- tot     th orig         th mod     pull    iset       iplot
 0.11000E+02 0.71000E+01 0.30000E-01 0.22000E-01 0.00000E+00 0.27454E-02 0.20596E-01 0.00000E+00   +Infinity  102 999/0.00000E+00
 0.11000E+02 0.71000E+01 0.50000E-01 0.26240E-01 0.00000E+00 0.38177E-02 0.23643E-01 0.00000E+00   +Infinity  102 999/0.00000E+00
 0.11000E+02 0.71000E+01 0.70000E-01 0.25840E-01 0.00000E+00 0.33254E-02 0.26977E-01 0.00000E+00   +Infinity  102 999/0.00000E+00
 0.19000E+02 0.71000E+01 0.30000E-01 0.23900E-01 0.00000E+00 0.32275E-02 0.25690E-01 0.00000E+00   +Infinity  102 999/0.00000E+00
 0.19000E+02 0.71000E+01 0.50000E-01 0.30290E-01 0.00000E+00 0.44819E-02 0.29107E-01 0.00000E+00   +Infinity  102 999/0.00000E+00
 0.19000E+02 0.71000E+01 0.70000E-01 0.28330E-01 0.00000E+00 0.34102E-02 0.32900E-01 0.00000E+00   +Infinity  102 999/0.00000E+00
 0.19000E+02 0.71000E+01 0.90000E-01 0.37840E-01 0.00000E+00 0.44119E-02 0.36720E-01 0.00000E+00   +Infinity  102 999/0.00000E+00
 0.32000E+02 0.71000E+01 0.30000E-01 0.29240E-01 0.00000E+00 0.38178E-02 0.33359E-01 0.00000E+00   +Infinity  102 999/0.00000E+00
 0.32000E+02 0.71000E+01 0.50000E-01 0.33420E-01 0.00000E+00 0.50306E-02 0.38117E-01 0.00000E+00   +Infinity  102 999/0.00000E+00
 0.32000E+02 0.71000E+01 0.70000E-01 0.32250E-01 0.00000E+00 0.34891E-02 0.43116E-01 0.00000E+00   +Infinity  102 999/0.00000E+00
 0.32000E+02 0.71000E+01 0.90000E-01 0.45830E-01 0.00000E+00 0.53419E-02 0.48109E-01 0.00000E+00   +Infinity  102 999/0.00000E+00
 0.60000E+01 0.14000E+02 0.30000E-01 0.21660E-01 0.00000E+00 0.47770E-02 0.22905E-01 0.00000E+00   +Infinity  102 999/0.00000E+00
 0.11000E+02 0.14000E+02 0.30000E-01 0.26410E-01 0.00000E+00 0.37597E-02 0.23622E-01 0.00000E+00   +Infinity  102 999/0.00000E+00
 0.11000E+02 0.14000E+02 0.50000E-01 0.31210E-01 0.00000E+00 0.46525E-02 0.26463E-01 0.00000E+00   +Infinity  102 999/0.00000E+00
 0.11000E+02 0.14000E+02 0.70000E-01 0.31600E-01 0.00000E+00 0.43571E-02 0.29694E-01 0.00000E+00   +Infinity  102 999/0.00000E+00
 0.19000E+02 0.14000E+02 0.30000E-01 0.27630E-01 0.00000E+00 0.38010E-02 0.29177E-01 0.00000E+00   +Infinity  102 999/0.00000E+00
 0.19000E+02 0.14000E+02 0.50000E-01 0.35090E-01 0.00000E+00 0.62596E-02 0.32285E-01 0.00000E+00   +Infinity  102 999/0.00000E+00
 0.19000E+02 0.14000E+02 0.70000E-01 0.35520E-01 0.00000E+00 0.40363E-02 0.35893E-01 0.00000E+00   +Infinity  102 999/0.00000E+00
 0.19000E+02 0.14000E+02 0.90000E-01 0.33030E-01 0.00000E+00 0.39535E-02 0.39578E-01 0.00000E+00   +Infinity  102 999/0.00000E+00
 0.32000E+02 0.14000E+02 0.30000E-01 0.36410E-01 0.00000E+00 0.58083E-02 0.39062E-01 0.00000E+00   +Infinity  102 999/0.00000E+00
 0.32000E+02 0.14000E+02 0.50000E-01 0.35150E-01 0.00000E+00 0.55242E-02 0.43337E-01 0.00000E+00   +Infinity  102 999/0.00000E+00
 0.32000E+02 0.14000E+02 0.70000E-01 0.37540E-01 0.00000E+00 0.46944E-02 0.48022E-01 0.00000E+00   +Infinity  102 999/0.00000E+00
 0.32000E+02 0.14000E+02 0.90000E-01 0.47570E-01 0.00000E+00 0.51858E-02 0.52777E-01 0.00000E+00   +Infinity  102 999/0.00000E+00
 0.60000E+01 0.40000E+02 0.30000E-01 0.28760E-01 0.00000E+00 0.55357E-02 0.24290E-01 0.00000E+00   +Infinity  102 999/0.00000E+00
 0.11000E+02 0.40000E+02 0.30000E-01 0.22970E-01 0.00000E+00 0.33172E-02 0.25904E-01 0.00000E+00   +Infinity  102 999/0.00000E+00
 0.11000E+02 0.40000E+02 0.50000E-01 0.25400E-01 0.00000E+00 0.42288E-02 0.27956E-01 0.00000E+00   +Infinity  102 999/0.00000E+00
 0.11000E+02 0.40000E+02 0.70000E-01 0.33240E-01 0.00000E+00 0.43121E-02 0.30535E-01 0.00000E+00   +Infinity  102 999/0.00000E+00
 0.11000E+02 0.40000E+02 0.90000E-01 0.33050E-01 0.00000E+00 0.45181E-02 0.33225E-01 0.00000E+00   +Infinity  102 999/0.00000E+00
 0.19000E+02 0.40000E+02 0.30000E-01 0.24260E-01 0.00000E+00 0.33770E-02 0.29893E-01 0.00000E+00   +Infinity  102 999/0.00000E+00
 0.19000E+02 0.40000E+02 0.50000E-01 0.38580E-01 0.00000E+00 0.62730E-02 0.32465E-01 0.00000E+00   +Infinity  102 999/0.00000E+00
 0.19000E+02 0.40000E+02 0.70000E-01 0.35810E-01 0.00000E+00 0.38639E-02 0.35609E-01 0.00000E+00   +Infinity  102 999/0.00000E+00
 0.19000E+02 0.40000E+02 0.90000E-01 0.43130E-01 0.00000E+00 0.46498E-02 0.38866E-01 0.00000E+00   +Infinity  102 999/0.00000E+00
 0.32000E+02 0.40000E+02 0.30000E-01 0.33030E-01 0.00000E+00 0.47758E-02 0.39490E-01 0.00000E+00   +Infinity  102 999/0.00000E+00
 0.32000E+02 0.40000E+02 0.50000E-01 0.44120E-01 0.00000E+00 0.66417E-02 0.42788E-01 0.00000E+00   +Infinity  102 999/0.00000E+00
 0.32000E+02 0.40000E+02 0.70000E-01 0.42260E-01 0.00000E+00 0.47446E-02 0.46616E-01 0.00000E+00   +Infinity  102 999/0.00000E+00
 0.32000E+02 0.40000E+02 0.90000E-01 0.55640E-01 0.00000E+00 0.53746E-02 0.50576E-01 0.00000E+00   +Infinity  102 999/0.00000E+00
